-4.000000000000000000e+00 2.000000000000000000e+00
-3.000000000000000000e+00 2.000000000000000000e+00
-2.000000000000000000e+00 5.000000000000000000e+00
-1.000000000000000000e+00 1.300000000000000000e+01
0.000000000000000000e+00 1.328000000000000000e+03
1.000000000000000000e+00 3.600000000000000000e+01
2.000000000000000000e+00 5.100000000000000000e+01
3.000000000000000000e+00 7.700000000000000000e+01
4.000000000000000000e+00 6.680000000000000000e+02
5.000000000000000000e+00 3.139000000000000000e+03
6.000000000000000000e+00 1.424500000000000000e+04
7.000000000000000000e+00 2.682900000000000000e+04
8.000000000000000000e+00 3.726500000000000000e+04
9.000000000000000000e+00 5.318600000000000000e+04
1.000000000000000000e+01 7.479400000000000000e+04
1.100000000000000000e+01 1.039630000000000000e+05
1.200000000000000000e+01 1.416610000000000000e+05
1.300000000000000000e+01 1.944220000000000000e+05
1.400000000000000000e+01 2.616200000000000000e+05
1.500000000000000000e+01 3.460690000000000000e+05
1.600000000000000000e+01 4.533400000000000000e+05
1.700000000000000000e+01 5.820020000000000000e+05
1.800000000000000000e+01 7.266360000000000000e+05
1.900000000000000000e+01 8.746380000000000000e+05
2.000000000000000000e+01 1.007132000000000000e+06
2.100000000000000000e+01 1.124011000000000000e+06
2.200000000000000000e+01 1.206963000000000000e+06
2.300000000000000000e+01 1.233663000000000000e+06
2.400000000000000000e+01 1.204717000000000000e+06
2.500000000000000000e+01 1.106151000000000000e+06
2.600000000000000000e+01 9.514490000000000000e+05
2.700000000000000000e+01 7.612160000000000000e+05
2.800000000000000000e+01 5.584050000000000000e+05
2.900000000000000000e+01 3.695510000000000000e+05
3.000000000000000000e+01 2.186070000000000000e+05
3.100000000000000000e+01 1.149750000000000000e+05
3.200000000000000000e+01 5.335500000000000000e+04
3.300000000000000000e+01 2.219800000000000000e+04
3.400000000000000000e+01 8.657000000000000000e+03
3.500000000000000000e+01 3.318000000000000000e+03
3.600000000000000000e+01 1.175000000000000000e+03
3.700000000000000000e+01 4.280000000000000000e+02
3.800000000000000000e+01 1.900000000000000000e+02
3.900000000000000000e+01 7.800000000000000000e+01
4.000000000000000000e+01 4.900000000000000000e+01
4.100000000000000000e+01 3.900000000000000000e+01
4.200000000000000000e+01 3.900000000000000000e+01
4.300000000000000000e+01 2.400000000000000000e+01
4.400000000000000000e+01 3.400000000000000000e+01
4.500000000000000000e+01 1.900000000000000000e+01
4.600000000000000000e+01 2.400000000000000000e+01
4.700000000000000000e+01 2.300000000000000000e+01
4.800000000000000000e+01 1.400000000000000000e+01
4.900000000000000000e+01 2.900000000000000000e+01
5.000000000000000000e+01 6.000000000000000000e+00
5.100000000000000000e+01 2.800000000000000000e+01
5.200000000000000000e+01 3.000000000000000000e+00
5.300000000000000000e+01 2.300000000000000000e+01
5.400000000000000000e+01 5.000000000000000000e+00
5.500000000000000000e+01 1.000000000000000000e+01
5.600000000000000000e+01 7.000000000000000000e+00
5.700000000000000000e+01 9.000000000000000000e+00
5.800000000000000000e+01 1.000000000000000000e+00
5.900000000000000000e+01 8.000000000000000000e+00
6.000000000000000000e+01 5.000000000000000000e+00
6.100000000000000000e+01 5.000000000000000000e+00
6.200000000000000000e+01 1.000000000000000000e+00
6.300000000000000000e+01 2.000000000000000000e+00
6.400000000000000000e+01 1.000000000000000000e+00
6.500000000000000000e+01 2.000000000000000000e+00
7.300000000000000000e+01 1.000000000000000000e+00
7.500000000000000000e+01 1.000000000000000000e+00
7.600000000000000000e+01 1.000000000000000000e+00
7.800000000000000000e+01 1.000000000000000000e+00
8.200000000000000000e+01 1.000000000000000000e+00
8.800000000000000000e+01 1.000000000000000000e+00
1.050000000000000000e+02 1.000000000000000000e+00
1.300000000000000000e+02 1.000000000000000000e+00
1.590000000000000000e+02 1.000000000000000000e+00
1.640000000000000000e+02 1.000000000000000000e+00
1.660000000000000000e+02 1.000000000000000000e+00
1.700000000000000000e+02 1.000000000000000000e+00
2.000000000000000000e+02 1.000000000000000000e+00
2.440000000000000000e+02 1.000000000000000000e+00
3.010000000000000000e+02 1.000000000000000000e+00
3.430000000000000000e+02 1.000000000000000000e+00
4.990000000000000000e+02 1.000000000000000000e+00
5.560000000000000000e+02 1.000000000000000000e+00
5.700000000000000000e+02 1.000000000000000000e+00
6.590000000000000000e+02 1.000000000000000000e+00
8.780000000000000000e+02 1.000000000000000000e+00
