-4.000000000000000000e+00 1.400000000000000000e+01
-3.000000000000000000e+00 5.000000000000000000e+00
-2.000000000000000000e+00 2.000000000000000000e+01
-1.000000000000000000e+00 8.100000000000000000e+01
0.000000000000000000e+00 1.403000000000000000e+03
1.000000000000000000e+00 1.780000000000000000e+02
2.000000000000000000e+00 2.470000000000000000e+02
3.000000000000000000e+00 4.010000000000000000e+02
4.000000000000000000e+00 2.051000000000000000e+03
5.000000000000000000e+00 1.594300000000000000e+04
6.000000000000000000e+00 1.111080000000000000e+05
7.000000000000000000e+00 1.933720000000000000e+05
8.000000000000000000e+00 2.318760000000000000e+05
9.000000000000000000e+00 2.755250000000000000e+05
1.000000000000000000e+01 3.151200000000000000e+05
1.100000000000000000e+01 3.449730000000000000e+05
1.200000000000000000e+01 3.654880000000000000e+05
1.300000000000000000e+01 3.822410000000000000e+05
1.400000000000000000e+01 4.019210000000000000e+05
1.500000000000000000e+01 4.260560000000000000e+05
1.600000000000000000e+01 4.679940000000000000e+05
1.700000000000000000e+01 5.328060000000000000e+05
1.800000000000000000e+01 6.172730000000000000e+05
1.900000000000000000e+01 7.224840000000000000e+05
2.000000000000000000e+01 8.525260000000000000e+05
2.100000000000000000e+01 1.006139000000000000e+06
2.200000000000000000e+01 1.170922000000000000e+06
2.300000000000000000e+01 1.310560000000000000e+06
2.400000000000000000e+01 1.419979000000000000e+06
2.500000000000000000e+01 1.458022000000000000e+06
2.600000000000000000e+01 1.430474000000000000e+06
2.700000000000000000e+01 1.354478000000000000e+06
2.800000000000000000e+01 1.259577000000000000e+06
2.900000000000000000e+01 1.162296000000000000e+06
3.000000000000000000e+01 1.063512000000000000e+06
3.100000000000000000e+01 9.742270000000000000e+05
3.200000000000000000e+01 8.943480000000000000e+05
3.300000000000000000e+01 8.211240000000000000e+05
3.400000000000000000e+01 7.590300000000000000e+05
3.500000000000000000e+01 6.994470000000000000e+05
3.600000000000000000e+01 6.434050000000000000e+05
3.700000000000000000e+01 5.902810000000000000e+05
3.800000000000000000e+01 5.383190000000000000e+05
3.900000000000000000e+01 4.906150000000000000e+05
4.000000000000000000e+01 4.377860000000000000e+05
4.100000000000000000e+01 3.871430000000000000e+05
4.200000000000000000e+01 3.374480000000000000e+05
4.300000000000000000e+01 2.863850000000000000e+05
4.400000000000000000e+01 2.374070000000000000e+05
4.500000000000000000e+01 1.905750000000000000e+05
4.600000000000000000e+01 1.480790000000000000e+05
4.700000000000000000e+01 1.114060000000000000e+05
4.800000000000000000e+01 8.003800000000000000e+04
4.900000000000000000e+01 5.453700000000000000e+04
5.000000000000000000e+01 3.543100000000000000e+04
5.100000000000000000e+01 2.174700000000000000e+04
5.200000000000000000e+01 1.265300000000000000e+04
5.300000000000000000e+01 7.359000000000000000e+03
5.400000000000000000e+01 3.886000000000000000e+03
5.500000000000000000e+01 2.109000000000000000e+03
5.600000000000000000e+01 1.067000000000000000e+03
5.700000000000000000e+01 6.640000000000000000e+02
5.800000000000000000e+01 3.060000000000000000e+02
5.900000000000000000e+01 1.960000000000000000e+02
6.000000000000000000e+01 1.110000000000000000e+02
6.100000000000000000e+01 1.110000000000000000e+02
6.200000000000000000e+01 6.000000000000000000e+01
6.300000000000000000e+01 8.100000000000000000e+01
6.400000000000000000e+01 4.700000000000000000e+01
6.500000000000000000e+01 6.100000000000000000e+01
6.600000000000000000e+01 5.900000000000000000e+01
6.700000000000000000e+01 3.900000000000000000e+01
6.800000000000000000e+01 3.200000000000000000e+01
6.900000000000000000e+01 3.500000000000000000e+01
7.000000000000000000e+01 3.500000000000000000e+01
7.100000000000000000e+01 2.700000000000000000e+01
7.200000000000000000e+01 2.000000000000000000e+01
7.300000000000000000e+01 2.500000000000000000e+01
7.400000000000000000e+01 2.300000000000000000e+01
7.500000000000000000e+01 1.000000000000000000e+01
7.600000000000000000e+01 3.000000000000000000e+01
7.700000000000000000e+01 1.100000000000000000e+01
7.800000000000000000e+01 2.700000000000000000e+01
7.900000000000000000e+01 8.000000000000000000e+00
8.000000000000000000e+01 1.300000000000000000e+01
8.100000000000000000e+01 2.000000000000000000e+00
8.200000000000000000e+01 1.500000000000000000e+01
8.300000000000000000e+01 6.000000000000000000e+00
8.400000000000000000e+01 1.200000000000000000e+01
8.500000000000000000e+01 5.000000000000000000e+00
8.600000000000000000e+01 4.000000000000000000e+00
8.700000000000000000e+01 7.000000000000000000e+00
8.800000000000000000e+01 9.000000000000000000e+00
8.900000000000000000e+01 4.000000000000000000e+00
9.000000000000000000e+01 5.000000000000000000e+00
9.100000000000000000e+01 4.000000000000000000e+00
9.200000000000000000e+01 5.000000000000000000e+00
9.300000000000000000e+01 2.000000000000000000e+00
9.400000000000000000e+01 2.000000000000000000e+00
9.500000000000000000e+01 3.000000000000000000e+00
9.600000000000000000e+01 2.000000000000000000e+00
9.700000000000000000e+01 2.000000000000000000e+00
9.800000000000000000e+01 2.000000000000000000e+00
9.900000000000000000e+01 1.000000000000000000e+00
1.010000000000000000e+02 1.000000000000000000e+00
1.020000000000000000e+02 1.000000000000000000e+00
1.030000000000000000e+02 1.000000000000000000e+00
1.090000000000000000e+02 2.000000000000000000e+00
1.110000000000000000e+02 1.000000000000000000e+00
1.130000000000000000e+02 1.000000000000000000e+00
1.330000000000000000e+02 1.000000000000000000e+00
1.700000000000000000e+02 1.000000000000000000e+00
1.750000000000000000e+02 1.000000000000000000e+00
1.880000000000000000e+02 1.000000000000000000e+00
1.940000000000000000e+02 1.000000000000000000e+00
1.960000000000000000e+02 1.000000000000000000e+00
1.990000000000000000e+02 1.000000000000000000e+00
2.070000000000000000e+02 1.000000000000000000e+00
4.130000000000000000e+02 1.000000000000000000e+00
4.990000000000000000e+02 1.000000000000000000e+00
