-4.000000000000000000e+00 1.000000000000000000e+00
-3.000000000000000000e+00 1.000000000000000000e+00
-2.000000000000000000e+00 5.000000000000000000e+00
-1.000000000000000000e+00 2.900000000000000000e+01
0.000000000000000000e+00 1.336000000000000000e+03
1.000000000000000000e+00 5.800000000000000000e+01
2.000000000000000000e+00 8.300000000000000000e+01
3.000000000000000000e+00 1.540000000000000000e+02
4.000000000000000000e+00 9.910000000000000000e+02
5.000000000000000000e+00 6.554000000000000000e+03
6.000000000000000000e+00 4.392200000000000000e+04
7.000000000000000000e+00 7.516100000000000000e+04
8.000000000000000000e+00 8.737200000000000000e+04
9.000000000000000000e+00 9.846500000000000000e+04
1.000000000000000000e+01 1.079470000000000000e+05
1.100000000000000000e+01 1.116600000000000000e+05
1.200000000000000000e+01 1.124370000000000000e+05
1.300000000000000000e+01 1.165820000000000000e+05
1.400000000000000000e+01 1.266240000000000000e+05
1.500000000000000000e+01 1.479860000000000000e+05
1.600000000000000000e+01 1.811310000000000000e+05
1.700000000000000000e+01 2.308370000000000000e+05
1.800000000000000000e+01 2.954480000000000000e+05
1.900000000000000000e+01 3.726080000000000000e+05
2.000000000000000000e+01 4.612330000000000000e+05
2.100000000000000000e+01 5.579190000000000000e+05
2.200000000000000000e+01 6.616650000000000000e+05
2.300000000000000000e+01 7.551130000000000000e+05
2.400000000000000000e+01 8.285540000000000000e+05
2.500000000000000000e+01 8.644220000000000000e+05
2.600000000000000000e+01 8.601830000000000000e+05
2.700000000000000000e+01 8.227730000000000000e+05
2.800000000000000000e+01 7.597190000000000000e+05
2.900000000000000000e+01 6.883920000000000000e+05
3.000000000000000000e+01 6.063010000000000000e+05
3.100000000000000000e+01 5.240050000000000000e+05
3.200000000000000000e+01 4.449230000000000000e+05
3.300000000000000000e+01 3.693830000000000000e+05
3.400000000000000000e+01 2.986430000000000000e+05
3.500000000000000000e+01 2.339640000000000000e+05
3.600000000000000000e+01 1.750380000000000000e+05
3.700000000000000000e+01 1.245450000000000000e+05
3.800000000000000000e+01 8.393300000000000000e+04
3.900000000000000000e+01 5.288500000000000000e+04
4.000000000000000000e+01 3.152600000000000000e+04
4.100000000000000000e+01 1.709600000000000000e+04
4.200000000000000000e+01 8.510000000000000000e+03
4.300000000000000000e+01 3.830000000000000000e+03
4.400000000000000000e+01 1.768000000000000000e+03
4.500000000000000000e+01 7.440000000000000000e+02
4.600000000000000000e+01 3.110000000000000000e+02
4.700000000000000000e+01 1.510000000000000000e+02
4.800000000000000000e+01 7.600000000000000000e+01
4.900000000000000000e+01 7.700000000000000000e+01
5.000000000000000000e+01 3.600000000000000000e+01
5.100000000000000000e+01 5.200000000000000000e+01
5.200000000000000000e+01 2.100000000000000000e+01
5.300000000000000000e+01 4.000000000000000000e+01
5.400000000000000000e+01 1.900000000000000000e+01
5.500000000000000000e+01 2.700000000000000000e+01
5.600000000000000000e+01 1.400000000000000000e+01
5.700000000000000000e+01 1.500000000000000000e+01
5.800000000000000000e+01 1.100000000000000000e+01
5.900000000000000000e+01 2.300000000000000000e+01
6.000000000000000000e+01 1.100000000000000000e+01
6.100000000000000000e+01 2.900000000000000000e+01
6.200000000000000000e+01 8.000000000000000000e+00
6.300000000000000000e+01 1.600000000000000000e+01
6.400000000000000000e+01 1.500000000000000000e+01
6.500000000000000000e+01 6.000000000000000000e+00
6.600000000000000000e+01 7.000000000000000000e+00
6.700000000000000000e+01 1.000000000000000000e+01
6.800000000000000000e+01 6.000000000000000000e+00
6.900000000000000000e+01 7.000000000000000000e+00
7.000000000000000000e+01 4.000000000000000000e+00
7.100000000000000000e+01 6.000000000000000000e+00
7.200000000000000000e+01 4.000000000000000000e+00
7.300000000000000000e+01 4.000000000000000000e+00
7.400000000000000000e+01 2.000000000000000000e+00
7.600000000000000000e+01 5.000000000000000000e+00
7.700000000000000000e+01 4.000000000000000000e+00
7.800000000000000000e+01 3.000000000000000000e+00
7.900000000000000000e+01 1.000000000000000000e+00
8.000000000000000000e+01 1.000000000000000000e+00
8.200000000000000000e+01 1.000000000000000000e+00
8.700000000000000000e+01 1.000000000000000000e+00
8.800000000000000000e+01 1.000000000000000000e+00
9.100000000000000000e+01 1.000000000000000000e+00
9.500000000000000000e+01 1.000000000000000000e+00
9.700000000000000000e+01 1.000000000000000000e+00
1.170000000000000000e+02 1.000000000000000000e+00
1.420000000000000000e+02 1.000000000000000000e+00
1.650000000000000000e+02 1.000000000000000000e+00
1.780000000000000000e+02 1.000000000000000000e+00
1.940000000000000000e+02 1.000000000000000000e+00
2.340000000000000000e+02 1.000000000000000000e+00
2.410000000000000000e+02 1.000000000000000000e+00
3.460000000000000000e+02 1.000000000000000000e+00
7.100000000000000000e+02 1.000000000000000000e+00
