-4.000000000000000000e+00 3.000000000000000000e+00
-3.000000000000000000e+00 4.000000000000000000e+00
-2.000000000000000000e+00 1.000000000000000000e+01
-1.000000000000000000e+00 4.800000000000000000e+01
0.000000000000000000e+00 1.365000000000000000e+03
1.000000000000000000e+00 1.060000000000000000e+02
2.000000000000000000e+00 1.570000000000000000e+02
3.000000000000000000e+00 2.850000000000000000e+02
4.000000000000000000e+00 1.552000000000000000e+03
5.000000000000000000e+00 1.141200000000000000e+04
6.000000000000000000e+00 7.599100000000000000e+04
7.000000000000000000e+00 1.316680000000000000e+05
8.000000000000000000e+00 1.589600000000000000e+05
9.000000000000000000e+00 1.881240000000000000e+05
1.000000000000000000e+01 2.185260000000000000e+05
1.100000000000000000e+01 2.382590000000000000e+05
1.200000000000000000e+01 2.498700000000000000e+05
1.300000000000000000e+01 2.586590000000000000e+05
1.400000000000000000e+01 2.658290000000000000e+05
1.500000000000000000e+01 2.779100000000000000e+05
1.600000000000000000e+01 2.963010000000000000e+05
1.700000000000000000e+01 3.286610000000000000e+05
1.800000000000000000e+01 3.734770000000000000e+05
1.900000000000000000e+01 4.308340000000000000e+05
2.000000000000000000e+01 5.064970000000000000e+05
2.100000000000000000e+01 5.992000000000000000e+05
2.200000000000000000e+01 7.021130000000000000e+05
2.300000000000000000e+01 7.991870000000000000e+05
2.400000000000000000e+01 8.805400000000000000e+05
2.500000000000000000e+01 9.240110000000000000e+05
2.600000000000000000e+01 9.245020000000000000e+05
2.700000000000000000e+01 8.893210000000000000e+05
2.800000000000000000e+01 8.386630000000000000e+05
2.900000000000000000e+01 7.866080000000000000e+05
3.000000000000000000e+01 7.276720000000000000e+05
3.100000000000000000e+01 6.759920000000000000e+05
3.200000000000000000e+01 6.274760000000000000e+05
3.300000000000000000e+01 5.824620000000000000e+05
3.400000000000000000e+01 5.430410000000000000e+05
3.500000000000000000e+01 5.058280000000000000e+05
3.600000000000000000e+01 4.706890000000000000e+05
3.700000000000000000e+01 4.348780000000000000e+05
3.800000000000000000e+01 4.008300000000000000e+05
3.900000000000000000e+01 3.669800000000000000e+05
4.000000000000000000e+01 3.319620000000000000e+05
4.100000000000000000e+01 2.964630000000000000e+05
4.200000000000000000e+01 2.601620000000000000e+05
4.300000000000000000e+01 2.245390000000000000e+05
4.400000000000000000e+01 1.881060000000000000e+05
4.500000000000000000e+01 1.529800000000000000e+05
4.600000000000000000e+01 1.210920000000000000e+05
4.700000000000000000e+01 9.213600000000000000e+04
4.800000000000000000e+01 6.711200000000000000e+04
4.900000000000000000e+01 4.620300000000000000e+04
5.000000000000000000e+01 3.054000000000000000e+04
5.100000000000000000e+01 1.913800000000000000e+04
5.200000000000000000e+01 1.147000000000000000e+04
5.300000000000000000e+01 6.693000000000000000e+03
5.400000000000000000e+01 3.635000000000000000e+03
5.500000000000000000e+01 1.872000000000000000e+03
5.600000000000000000e+01 1.075000000000000000e+03
5.700000000000000000e+01 4.990000000000000000e+02
5.800000000000000000e+01 2.600000000000000000e+02
5.900000000000000000e+01 1.890000000000000000e+02
6.000000000000000000e+01 9.800000000000000000e+01
6.100000000000000000e+01 9.200000000000000000e+01
6.200000000000000000e+01 3.800000000000000000e+01
6.300000000000000000e+01 5.900000000000000000e+01
6.400000000000000000e+01 4.600000000000000000e+01
6.500000000000000000e+01 2.800000000000000000e+01
6.600000000000000000e+01 2.100000000000000000e+01
6.700000000000000000e+01 2.700000000000000000e+01
6.800000000000000000e+01 2.200000000000000000e+01
6.900000000000000000e+01 1.700000000000000000e+01
7.000000000000000000e+01 1.500000000000000000e+01
7.100000000000000000e+01 1.900000000000000000e+01
7.200000000000000000e+01 1.900000000000000000e+01
7.300000000000000000e+01 1.400000000000000000e+01
7.400000000000000000e+01 1.600000000000000000e+01
7.500000000000000000e+01 7.000000000000000000e+00
7.600000000000000000e+01 1.600000000000000000e+01
7.700000000000000000e+01 5.000000000000000000e+00
7.800000000000000000e+01 1.500000000000000000e+01
7.900000000000000000e+01 3.000000000000000000e+00
8.000000000000000000e+01 1.100000000000000000e+01
8.100000000000000000e+01 1.000000000000000000e+01
8.200000000000000000e+01 1.100000000000000000e+01
8.300000000000000000e+01 3.000000000000000000e+00
8.400000000000000000e+01 8.000000000000000000e+00
8.500000000000000000e+01 4.000000000000000000e+00
8.600000000000000000e+01 7.000000000000000000e+00
8.700000000000000000e+01 5.000000000000000000e+00
8.800000000000000000e+01 5.000000000000000000e+00
8.900000000000000000e+01 4.000000000000000000e+00
9.000000000000000000e+01 3.000000000000000000e+00
9.100000000000000000e+01 3.000000000000000000e+00
9.200000000000000000e+01 2.000000000000000000e+00
9.300000000000000000e+01 2.000000000000000000e+00
9.400000000000000000e+01 2.000000000000000000e+00
9.500000000000000000e+01 1.000000000000000000e+00
9.600000000000000000e+01 1.000000000000000000e+00
9.700000000000000000e+01 1.000000000000000000e+00
9.800000000000000000e+01 1.000000000000000000e+00
1.010000000000000000e+02 1.000000000000000000e+00
1.030000000000000000e+02 2.000000000000000000e+00
1.040000000000000000e+02 2.000000000000000000e+00
1.050000000000000000e+02 3.000000000000000000e+00
1.060000000000000000e+02 1.000000000000000000e+00
1.070000000000000000e+02 1.000000000000000000e+00
1.080000000000000000e+02 1.000000000000000000e+00
1.090000000000000000e+02 1.000000000000000000e+00
1.130000000000000000e+02 1.000000000000000000e+00
1.140000000000000000e+02 1.000000000000000000e+00
1.160000000000000000e+02 1.000000000000000000e+00
1.280000000000000000e+02 1.000000000000000000e+00
1.300000000000000000e+02 1.000000000000000000e+00
1.780000000000000000e+02 1.000000000000000000e+00
2.300000000000000000e+02 1.000000000000000000e+00
3.840000000000000000e+02 1.000000000000000000e+00
4.370000000000000000e+02 1.000000000000000000e+00
1.027000000000000000e+03 1.000000000000000000e+00
1.067000000000000000e+03 1.000000000000000000e+00
