-4.000000000000000000e+00 9.000000000000000000e+00
-3.000000000000000000e+00 6.000000000000000000e+00
-2.000000000000000000e+00 8.000000000000000000e+00
-1.000000000000000000e+00 3.100000000000000000e+01
0.000000000000000000e+00 1.352000000000000000e+03
1.000000000000000000e+00 7.300000000000000000e+01
2.000000000000000000e+00 1.000000000000000000e+02
3.000000000000000000e+00 1.720000000000000000e+02
4.000000000000000000e+00 9.430000000000000000e+02
5.000000000000000000e+00 4.870000000000000000e+03
6.000000000000000000e+00 2.634200000000000000e+04
7.000000000000000000e+00 4.852700000000000000e+04
8.000000000000000000e+00 6.887600000000000000e+04
9.000000000000000000e+00 9.818300000000000000e+04
1.000000000000000000e+01 1.379720000000000000e+05
1.100000000000000000e+01 1.908030000000000000e+05
1.200000000000000000e+01 2.624870000000000000e+05
1.300000000000000000e+01 3.588140000000000000e+05
1.400000000000000000e+01 4.838620000000000000e+05
1.500000000000000000e+01 6.425330000000000000e+05
1.600000000000000000e+01 8.401950000000000000e+05
1.700000000000000000e+01 1.083155000000000000e+06
1.800000000000000000e+01 1.348205000000000000e+06
1.900000000000000000e+01 1.617561000000000000e+06
2.000000000000000000e+01 1.863179000000000000e+06
2.100000000000000000e+01 2.069971000000000000e+06
2.200000000000000000e+01 2.214467000000000000e+06
2.300000000000000000e+01 2.250786000000000000e+06
2.400000000000000000e+01 2.186938000000000000e+06
2.500000000000000000e+01 1.991861000000000000e+06
2.600000000000000000e+01 1.707397000000000000e+06
2.700000000000000000e+01 1.360629000000000000e+06
2.800000000000000000e+01 9.953430000000000000e+05
2.900000000000000000e+01 6.603530000000000000e+05
3.000000000000000000e+01 3.905980000000000000e+05
3.100000000000000000e+01 2.051680000000000000e+05
3.200000000000000000e+01 9.562600000000000000e+04
3.300000000000000000e+01 4.028600000000000000e+04
3.400000000000000000e+01 1.574900000000000000e+04
3.500000000000000000e+01 5.908000000000000000e+03
3.600000000000000000e+01 2.070000000000000000e+03
3.700000000000000000e+01 8.060000000000000000e+02
3.800000000000000000e+01 3.780000000000000000e+02
3.900000000000000000e+01 1.490000000000000000e+02
4.000000000000000000e+01 1.410000000000000000e+02
4.100000000000000000e+01 1.150000000000000000e+02
4.200000000000000000e+01 8.200000000000000000e+01
4.300000000000000000e+01 8.600000000000000000e+01
4.400000000000000000e+01 6.800000000000000000e+01
4.500000000000000000e+01 8.000000000000000000e+01
4.600000000000000000e+01 8.100000000000000000e+01
4.700000000000000000e+01 5.800000000000000000e+01
4.800000000000000000e+01 2.600000000000000000e+01
4.900000000000000000e+01 8.600000000000000000e+01
5.000000000000000000e+01 2.600000000000000000e+01
5.100000000000000000e+01 7.400000000000000000e+01
5.200000000000000000e+01 2.000000000000000000e+01
5.300000000000000000e+01 6.800000000000000000e+01
5.400000000000000000e+01 1.700000000000000000e+01
5.500000000000000000e+01 5.200000000000000000e+01
5.600000000000000000e+01 1.200000000000000000e+01
5.700000000000000000e+01 3.100000000000000000e+01
5.800000000000000000e+01 9.000000000000000000e+00
5.900000000000000000e+01 3.000000000000000000e+01
6.000000000000000000e+01 9.000000000000000000e+00
6.100000000000000000e+01 1.700000000000000000e+01
6.200000000000000000e+01 2.000000000000000000e+00
6.300000000000000000e+01 9.000000000000000000e+00
6.400000000000000000e+01 5.000000000000000000e+00
6.500000000000000000e+01 4.000000000000000000e+00
6.600000000000000000e+01 5.000000000000000000e+00
6.700000000000000000e+01 4.000000000000000000e+00
6.800000000000000000e+01 2.000000000000000000e+00
6.900000000000000000e+01 5.000000000000000000e+00
7.000000000000000000e+01 2.000000000000000000e+00
7.100000000000000000e+01 2.000000000000000000e+00
7.200000000000000000e+01 1.000000000000000000e+00
7.300000000000000000e+01 2.000000000000000000e+00
7.500000000000000000e+01 1.000000000000000000e+00
7.600000000000000000e+01 1.000000000000000000e+00
8.300000000000000000e+01 1.000000000000000000e+00
9.300000000000000000e+01 1.000000000000000000e+00
1.010000000000000000e+02 1.000000000000000000e+00
1.040000000000000000e+02 1.000000000000000000e+00
1.140000000000000000e+02 1.000000000000000000e+00
1.250000000000000000e+02 1.000000000000000000e+00
1.380000000000000000e+02 1.000000000000000000e+00
1.440000000000000000e+02 1.000000000000000000e+00
1.590000000000000000e+02 1.000000000000000000e+00
1.720000000000000000e+02 1.000000000000000000e+00
2.070000000000000000e+02 1.000000000000000000e+00
3.020000000000000000e+02 1.000000000000000000e+00
3.290000000000000000e+02 1.000000000000000000e+00
7.330000000000000000e+02 1.000000000000000000e+00
