-4.000000000000000000e+00 4.000000000000000000e+00
-3.000000000000000000e+00 5.000000000000000000e+00
-2.000000000000000000e+00 1.200000000000000000e+01
-1.000000000000000000e+00 5.000000000000000000e+01
0.000000000000000000e+00 1.367000000000000000e+03
1.000000000000000000e+00 1.210000000000000000e+02
2.000000000000000000e+00 1.450000000000000000e+02
3.000000000000000000e+00 2.910000000000000000e+02
4.000000000000000000e+00 1.609000000000000000e+03
5.000000000000000000e+00 1.130800000000000000e+04
6.000000000000000000e+00 7.599500000000000000e+04
7.000000000000000000e+00 1.320560000000000000e+05
8.000000000000000000e+00 1.596830000000000000e+05
9.000000000000000000e+00 1.897550000000000000e+05
1.000000000000000000e+01 2.185420000000000000e+05
1.100000000000000000e+01 2.386400000000000000e+05
1.200000000000000000e+01 2.507610000000000000e+05
1.300000000000000000e+01 2.594400000000000000e+05
1.400000000000000000e+01 2.675000000000000000e+05
1.500000000000000000e+01 2.789390000000000000e+05
1.600000000000000000e+01 2.979460000000000000e+05
1.700000000000000000e+01 3.299060000000000000e+05
1.800000000000000000e+01 3.759900000000000000e+05
1.900000000000000000e+01 4.333940000000000000e+05
2.000000000000000000e+01 5.106000000000000000e+05
2.100000000000000000e+01 6.028330000000000000e+05
2.200000000000000000e+01 7.056410000000000000e+05
2.300000000000000000e+01 8.029470000000000000e+05
2.400000000000000000e+01 8.857780000000000000e+05
2.500000000000000000e+01 9.264700000000000000e+05
2.600000000000000000e+01 9.235290000000000000e+05
2.700000000000000000e+01 8.913380000000000000e+05
2.800000000000000000e+01 8.407350000000000000e+05
2.900000000000000000e+01 7.868030000000000000e+05
3.000000000000000000e+01 7.293430000000000000e+05
3.100000000000000000e+01 6.746660000000000000e+05
3.200000000000000000e+01 6.274850000000000000e+05
3.300000000000000000e+01 5.812760000000000000e+05
3.400000000000000000e+01 5.425610000000000000e+05
3.500000000000000000e+01 5.054410000000000000e+05
3.600000000000000000e+01 4.697490000000000000e+05
3.700000000000000000e+01 4.355570000000000000e+05
3.800000000000000000e+01 3.996380000000000000e+05
3.900000000000000000e+01 3.665490000000000000e+05
4.000000000000000000e+01 3.315310000000000000e+05
4.100000000000000000e+01 2.950550000000000000e+05
4.200000000000000000e+01 2.601260000000000000e+05
4.300000000000000000e+01 2.220870000000000000e+05
4.400000000000000000e+01 1.868120000000000000e+05
4.500000000000000000e+01 1.515020000000000000e+05
4.600000000000000000e+01 1.197370000000000000e+05
4.700000000000000000e+01 9.099900000000000000e+04
4.800000000000000000e+01 6.630400000000000000e+04
4.900000000000000000e+01 4.583900000000000000e+04
5.000000000000000000e+01 3.029600000000000000e+04
5.100000000000000000e+01 1.867100000000000000e+04
5.200000000000000000e+01 1.144300000000000000e+04
5.300000000000000000e+01 6.522000000000000000e+03
5.400000000000000000e+01 3.538000000000000000e+03
5.500000000000000000e+01 1.845000000000000000e+03
5.600000000000000000e+01 9.210000000000000000e+02
5.700000000000000000e+01 5.070000000000000000e+02
5.800000000000000000e+01 2.750000000000000000e+02
5.900000000000000000e+01 1.700000000000000000e+02
6.000000000000000000e+01 9.300000000000000000e+01
6.100000000000000000e+01 6.400000000000000000e+01
6.200000000000000000e+01 3.700000000000000000e+01
6.300000000000000000e+01 4.300000000000000000e+01
6.400000000000000000e+01 3.100000000000000000e+01
6.500000000000000000e+01 2.600000000000000000e+01
6.600000000000000000e+01 2.200000000000000000e+01
6.700000000000000000e+01 1.800000000000000000e+01
6.800000000000000000e+01 2.200000000000000000e+01
6.900000000000000000e+01 2.400000000000000000e+01
7.000000000000000000e+01 1.600000000000000000e+01
7.100000000000000000e+01 2.000000000000000000e+01
7.200000000000000000e+01 2.200000000000000000e+01
7.300000000000000000e+01 1.200000000000000000e+01
7.400000000000000000e+01 1.100000000000000000e+01
7.500000000000000000e+01 5.000000000000000000e+00
7.600000000000000000e+01 1.900000000000000000e+01
7.700000000000000000e+01 3.000000000000000000e+00
7.800000000000000000e+01 1.700000000000000000e+01
7.900000000000000000e+01 6.000000000000000000e+00
8.000000000000000000e+01 1.400000000000000000e+01
8.100000000000000000e+01 1.000000000000000000e+00
8.200000000000000000e+01 4.000000000000000000e+00
8.300000000000000000e+01 5.000000000000000000e+00
8.400000000000000000e+01 1.500000000000000000e+01
8.500000000000000000e+01 1.000000000000000000e+00
8.600000000000000000e+01 6.000000000000000000e+00
8.700000000000000000e+01 4.000000000000000000e+00
8.800000000000000000e+01 2.000000000000000000e+00
8.900000000000000000e+01 4.000000000000000000e+00
9.000000000000000000e+01 3.000000000000000000e+00
9.100000000000000000e+01 2.000000000000000000e+00
9.200000000000000000e+01 4.000000000000000000e+00
9.400000000000000000e+01 2.000000000000000000e+00
9.600000000000000000e+01 2.000000000000000000e+00
9.800000000000000000e+01 1.000000000000000000e+00
9.900000000000000000e+01 1.000000000000000000e+00
1.030000000000000000e+02 3.000000000000000000e+00
1.040000000000000000e+02 1.000000000000000000e+00
1.080000000000000000e+02 2.000000000000000000e+00
1.090000000000000000e+02 1.000000000000000000e+00
1.150000000000000000e+02 1.000000000000000000e+00
1.240000000000000000e+02 1.000000000000000000e+00
1.380000000000000000e+02 1.000000000000000000e+00
1.820000000000000000e+02 1.000000000000000000e+00
2.210000000000000000e+02 1.000000000000000000e+00
4.520000000000000000e+02 1.000000000000000000e+00
6.990000000000000000e+02 1.000000000000000000e+00
1.248000000000000000e+03 1.000000000000000000e+00
1.341000000000000000e+03 1.000000000000000000e+00
1.546000000000000000e+03 1.000000000000000000e+00
