-4.000000000000000000e+00 5.000000000000000000e+00
-3.000000000000000000e+00 5.000000000000000000e+00
-2.000000000000000000e+00 1.500000000000000000e+01
-1.000000000000000000e+00 5.600000000000000000e+01
0.000000000000000000e+00 1.367000000000000000e+03
1.000000000000000000e+00 1.190000000000000000e+02
2.000000000000000000e+00 1.440000000000000000e+02
3.000000000000000000e+00 2.040000000000000000e+02
4.000000000000000000e+00 1.187000000000000000e+03
5.000000000000000000e+00 8.809000000000000000e+03
6.000000000000000000e+00 6.066500000000000000e+04
7.000000000000000000e+00 1.035910000000000000e+05
8.000000000000000000e+00 1.202180000000000000e+05
9.000000000000000000e+00 1.365160000000000000e+05
1.000000000000000000e+01 1.509640000000000000e+05
1.100000000000000000e+01 1.584020000000000000e+05
1.200000000000000000e+01 1.633070000000000000e+05
1.300000000000000000e+01 1.730960000000000000e+05
1.400000000000000000e+01 1.952360000000000000e+05
1.500000000000000000e+01 2.303130000000000000e+05
1.600000000000000000e+01 2.876750000000000000e+05
1.700000000000000000e+01 3.686310000000000000e+05
1.800000000000000000e+01 4.691980000000000000e+05
1.900000000000000000e+01 5.922280000000000000e+05
2.000000000000000000e+01 7.256270000000000000e+05
2.100000000000000000e+01 8.721670000000000000e+05
2.200000000000000000e+01 1.024301000000000000e+06
2.300000000000000000e+01 1.157682000000000000e+06
2.400000000000000000e+01 1.257997000000000000e+06
2.500000000000000000e+01 1.302306000000000000e+06
2.600000000000000000e+01 1.283679000000000000e+06
2.700000000000000000e+01 1.215258000000000000e+06
2.800000000000000000e+01 1.110475000000000000e+06
2.900000000000000000e+01 9.912010000000000000e+05
3.000000000000000000e+01 8.600990000000000000e+05
3.100000000000000000e+01 7.343280000000000000e+05
3.200000000000000000e+01 6.152520000000000000e+05
3.300000000000000000e+01 5.034400000000000000e+05
3.400000000000000000e+01 4.051160000000000000e+05
3.500000000000000000e+01 3.135940000000000000e+05
3.600000000000000000e+01 2.315440000000000000e+05
3.700000000000000000e+01 1.632730000000000000e+05
3.800000000000000000e+01 1.090070000000000000e+05
3.900000000000000000e+01 6.855000000000000000e+04
4.000000000000000000e+01 3.981500000000000000e+04
4.100000000000000000e+01 2.153300000000000000e+04
4.200000000000000000e+01 1.051700000000000000e+04
4.300000000000000000e+01 4.951000000000000000e+03
4.400000000000000000e+01 2.085000000000000000e+03
4.500000000000000000e+01 9.140000000000000000e+02
4.600000000000000000e+01 4.440000000000000000e+02
4.700000000000000000e+01 2.220000000000000000e+02
4.800000000000000000e+01 9.900000000000000000e+01
4.900000000000000000e+01 1.350000000000000000e+02
5.000000000000000000e+01 6.000000000000000000e+01
5.100000000000000000e+01 8.900000000000000000e+01
5.200000000000000000e+01 3.600000000000000000e+01
5.300000000000000000e+01 6.000000000000000000e+01
5.400000000000000000e+01 3.000000000000000000e+01
5.500000000000000000e+01 6.500000000000000000e+01
5.600000000000000000e+01 2.600000000000000000e+01
5.700000000000000000e+01 4.400000000000000000e+01
5.800000000000000000e+01 1.500000000000000000e+01
5.900000000000000000e+01 5.000000000000000000e+01
6.000000000000000000e+01 1.500000000000000000e+01
6.100000000000000000e+01 4.200000000000000000e+01
6.200000000000000000e+01 8.000000000000000000e+00
6.300000000000000000e+01 2.900000000000000000e+01
6.400000000000000000e+01 1.700000000000000000e+01
6.500000000000000000e+01 1.100000000000000000e+01
6.600000000000000000e+01 1.900000000000000000e+01
6.700000000000000000e+01 1.500000000000000000e+01
6.800000000000000000e+01 1.100000000000000000e+01
6.900000000000000000e+01 6.000000000000000000e+00
7.000000000000000000e+01 8.000000000000000000e+00
7.100000000000000000e+01 1.300000000000000000e+01
7.200000000000000000e+01 4.000000000000000000e+00
7.300000000000000000e+01 4.000000000000000000e+00
7.400000000000000000e+01 7.000000000000000000e+00
7.500000000000000000e+01 2.000000000000000000e+00
7.600000000000000000e+01 4.000000000000000000e+00
7.700000000000000000e+01 2.000000000000000000e+00
7.800000000000000000e+01 4.000000000000000000e+00
7.900000000000000000e+01 2.000000000000000000e+00
8.000000000000000000e+01 2.000000000000000000e+00
8.200000000000000000e+01 1.000000000000000000e+00
8.800000000000000000e+01 1.000000000000000000e+00
9.000000000000000000e+01 1.000000000000000000e+00
9.900000000000000000e+01 1.000000000000000000e+00
1.040000000000000000e+02 1.000000000000000000e+00
1.070000000000000000e+02 1.000000000000000000e+00
1.250000000000000000e+02 1.000000000000000000e+00
1.290000000000000000e+02 1.000000000000000000e+00
1.560000000000000000e+02 1.000000000000000000e+00
1.900000000000000000e+02 1.000000000000000000e+00
4.660000000000000000e+02 1.000000000000000000e+00
7.530000000000000000e+02 1.000000000000000000e+00
