-3.000000000000000000e+00 1.000000000000000000e+00
-2.000000000000000000e+00 1.000000000000000000e+00
-1.000000000000000000e+00 1.200000000000000000e+01
0.000000000000000000e+00 1.326000000000000000e+03
1.000000000000000000e+00 3.100000000000000000e+01
2.000000000000000000e+00 6.100000000000000000e+01
3.000000000000000000e+00 1.060000000000000000e+02
4.000000000000000000e+00 6.750000000000000000e+02
5.000000000000000000e+00 3.056000000000000000e+03
6.000000000000000000e+00 1.431500000000000000e+04
7.000000000000000000e+00 2.665900000000000000e+04
8.000000000000000000e+00 3.752100000000000000e+04
9.000000000000000000e+00 5.358300000000000000e+04
1.000000000000000000e+01 7.484700000000000000e+04
1.100000000000000000e+01 1.030350000000000000e+05
1.200000000000000000e+01 1.415420000000000000e+05
1.300000000000000000e+01 1.939970000000000000e+05
1.400000000000000000e+01 2.605640000000000000e+05
1.500000000000000000e+01 3.455290000000000000e+05
1.600000000000000000e+01 4.508400000000000000e+05
1.700000000000000000e+01 5.806800000000000000e+05
1.800000000000000000e+01 7.255630000000000000e+05
1.900000000000000000e+01 8.697410000000000000e+05
2.000000000000000000e+01 1.005230000000000000e+06
2.100000000000000000e+01 1.117703000000000000e+06
2.200000000000000000e+01 1.201041000000000000e+06
2.300000000000000000e+01 1.230373000000000000e+06
2.400000000000000000e+01 1.200654000000000000e+06
2.500000000000000000e+01 1.100268000000000000e+06
2.600000000000000000e+01 9.474080000000000000e+05
2.700000000000000000e+01 7.594650000000000000e+05
2.800000000000000000e+01 5.563020000000000000e+05
2.900000000000000000e+01 3.691290000000000000e+05
3.000000000000000000e+01 2.171420000000000000e+05
3.100000000000000000e+01 1.142420000000000000e+05
3.200000000000000000e+01 5.287500000000000000e+04
3.300000000000000000e+01 2.213700000000000000e+04
3.400000000000000000e+01 8.674000000000000000e+03
3.500000000000000000e+01 3.269000000000000000e+03
3.600000000000000000e+01 1.139000000000000000e+03
3.700000000000000000e+01 4.400000000000000000e+02
3.800000000000000000e+01 2.020000000000000000e+02
3.900000000000000000e+01 6.700000000000000000e+01
4.000000000000000000e+01 7.000000000000000000e+01
4.100000000000000000e+01 3.900000000000000000e+01
4.200000000000000000e+01 2.900000000000000000e+01
4.300000000000000000e+01 3.100000000000000000e+01
4.400000000000000000e+01 3.100000000000000000e+01
4.500000000000000000e+01 2.600000000000000000e+01
4.600000000000000000e+01 2.600000000000000000e+01
4.700000000000000000e+01 1.600000000000000000e+01
4.800000000000000000e+01 1.500000000000000000e+01
4.900000000000000000e+01 2.700000000000000000e+01
5.000000000000000000e+01 1.100000000000000000e+01
5.100000000000000000e+01 2.400000000000000000e+01
5.200000000000000000e+01 1.200000000000000000e+01
5.300000000000000000e+01 2.100000000000000000e+01
5.400000000000000000e+01 8.000000000000000000e+00
5.500000000000000000e+01 2.100000000000000000e+01
5.600000000000000000e+01 2.000000000000000000e+00
5.700000000000000000e+01 1.100000000000000000e+01
5.800000000000000000e+01 3.000000000000000000e+00
5.900000000000000000e+01 3.000000000000000000e+00
6.000000000000000000e+01 4.000000000000000000e+00
6.100000000000000000e+01 3.000000000000000000e+00
6.200000000000000000e+01 3.000000000000000000e+00
6.400000000000000000e+01 2.000000000000000000e+00
6.500000000000000000e+01 1.000000000000000000e+00
6.600000000000000000e+01 1.000000000000000000e+00
6.900000000000000000e+01 1.000000000000000000e+00
7.100000000000000000e+01 2.000000000000000000e+00
7.200000000000000000e+01 1.000000000000000000e+00
7.700000000000000000e+01 1.000000000000000000e+00
8.500000000000000000e+01 1.000000000000000000e+00
8.600000000000000000e+01 1.000000000000000000e+00
9.300000000000000000e+01 1.000000000000000000e+00
9.800000000000000000e+01 1.000000000000000000e+00
1.000000000000000000e+02 2.000000000000000000e+00
1.140000000000000000e+02 1.000000000000000000e+00
1.210000000000000000e+02 1.000000000000000000e+00
1.250000000000000000e+02 1.000000000000000000e+00
1.330000000000000000e+02 1.000000000000000000e+00
1.370000000000000000e+02 1.000000000000000000e+00
1.540000000000000000e+02 1.000000000000000000e+00
1.570000000000000000e+02 1.000000000000000000e+00
1.660000000000000000e+02 1.000000000000000000e+00
1.690000000000000000e+02 1.000000000000000000e+00
2.990000000000000000e+02 1.000000000000000000e+00
5.670000000000000000e+02 1.000000000000000000e+00
5.890000000000000000e+02 1.000000000000000000e+00
7.510000000000000000e+02 1.000000000000000000e+00
7.880000000000000000e+02 1.000000000000000000e+00
9.320000000000000000e+02 1.000000000000000000e+00
1.089000000000000000e+03 1.000000000000000000e+00
