-4.000000000000000000e+00 5.000000000000000000e+00
-3.000000000000000000e+00 2.000000000000000000e+00
-2.000000000000000000e+00 9.000000000000000000e+00
-1.000000000000000000e+00 2.900000000000000000e+01
0.000000000000000000e+00 1.343000000000000000e+03
1.000000000000000000e+00 8.800000000000000000e+01
2.000000000000000000e+00 1.040000000000000000e+02
3.000000000000000000e+00 1.720000000000000000e+02
4.000000000000000000e+00 9.400000000000000000e+02
5.000000000000000000e+00 4.723000000000000000e+03
6.000000000000000000e+00 2.638100000000000000e+04
7.000000000000000000e+00 4.902800000000000000e+04
8.000000000000000000e+00 6.857500000000000000e+04
9.000000000000000000e+00 9.744300000000000000e+04
1.000000000000000000e+01 1.373180000000000000e+05
1.100000000000000000e+01 1.905790000000000000e+05
1.200000000000000000e+01 2.615440000000000000e+05
1.300000000000000000e+01 3.565950000000000000e+05
1.400000000000000000e+01 4.824960000000000000e+05
1.500000000000000000e+01 6.383250000000000000e+05
1.600000000000000000e+01 8.331820000000000000e+05
1.700000000000000000e+01 1.073749000000000000e+06
1.800000000000000000e+01 1.342047000000000000e+06
1.900000000000000000e+01 1.612093000000000000e+06
2.000000000000000000e+01 1.853802000000000000e+06
2.100000000000000000e+01 2.061332000000000000e+06
2.200000000000000000e+01 2.201272000000000000e+06
2.300000000000000000e+01 2.240204000000000000e+06
2.400000000000000000e+01 2.174685000000000000e+06
2.500000000000000000e+01 1.983271000000000000e+06
2.600000000000000000e+01 1.696412000000000000e+06
2.700000000000000000e+01 1.353693000000000000e+06
2.800000000000000000e+01 9.873100000000000000e+05
2.900000000000000000e+01 6.552080000000000000e+05
3.000000000000000000e+01 3.886050000000000000e+05
3.100000000000000000e+01 2.042920000000000000e+05
3.200000000000000000e+01 9.475200000000000000e+04
3.300000000000000000e+01 3.996900000000000000e+04
3.400000000000000000e+01 1.544400000000000000e+04
3.500000000000000000e+01 5.812000000000000000e+03
3.600000000000000000e+01 2.116000000000000000e+03
3.700000000000000000e+01 8.310000000000000000e+02
3.800000000000000000e+01 3.530000000000000000e+02
3.900000000000000000e+01 1.520000000000000000e+02
4.000000000000000000e+01 1.500000000000000000e+02
4.100000000000000000e+01 1.330000000000000000e+02
4.200000000000000000e+01 8.800000000000000000e+01
4.300000000000000000e+01 9.800000000000000000e+01
4.400000000000000000e+01 9.000000000000000000e+01
4.500000000000000000e+01 7.300000000000000000e+01
4.600000000000000000e+01 7.700000000000000000e+01
4.700000000000000000e+01 7.600000000000000000e+01
4.800000000000000000e+01 4.400000000000000000e+01
4.900000000000000000e+01 9.600000000000000000e+01
5.000000000000000000e+01 2.900000000000000000e+01
5.100000000000000000e+01 7.700000000000000000e+01
5.200000000000000000e+01 2.300000000000000000e+01
5.300000000000000000e+01 6.400000000000000000e+01
5.400000000000000000e+01 1.600000000000000000e+01
5.500000000000000000e+01 3.300000000000000000e+01
5.600000000000000000e+01 1.400000000000000000e+01
5.700000000000000000e+01 3.300000000000000000e+01
5.800000000000000000e+01 7.000000000000000000e+00
5.900000000000000000e+01 1.400000000000000000e+01
6.000000000000000000e+01 6.000000000000000000e+00
6.100000000000000000e+01 1.100000000000000000e+01
6.200000000000000000e+01 5.000000000000000000e+00
6.300000000000000000e+01 1.000000000000000000e+01
6.400000000000000000e+01 7.000000000000000000e+00
6.500000000000000000e+01 3.000000000000000000e+00
6.600000000000000000e+01 2.000000000000000000e+00
6.700000000000000000e+01 3.000000000000000000e+00
6.800000000000000000e+01 1.000000000000000000e+00
6.900000000000000000e+01 3.000000000000000000e+00
7.100000000000000000e+01 1.000000000000000000e+00
1.110000000000000000e+02 3.000000000000000000e+00
1.130000000000000000e+02 1.000000000000000000e+00
1.170000000000000000e+02 1.000000000000000000e+00
1.200000000000000000e+02 1.000000000000000000e+00
1.650000000000000000e+02 1.000000000000000000e+00
1.680000000000000000e+02 1.000000000000000000e+00
1.720000000000000000e+02 1.000000000000000000e+00
1.740000000000000000e+02 1.000000000000000000e+00
4.620000000000000000e+02 1.000000000000000000e+00
4.710000000000000000e+02 1.000000000000000000e+00
6.780000000000000000e+02 1.000000000000000000e+00
