-4.000000000000000000e+00 4.000000000000000000e+00
-3.000000000000000000e+00 8.000000000000000000e+00
-2.000000000000000000e+00 1.500000000000000000e+01
-1.000000000000000000e+00 4.800000000000000000e+01
0.000000000000000000e+00 1.360000000000000000e+03
1.000000000000000000e+00 1.240000000000000000e+02
2.000000000000000000e+00 1.410000000000000000e+02
3.000000000000000000e+00 2.220000000000000000e+02
4.000000000000000000e+00 1.172000000000000000e+03
5.000000000000000000e+00 8.710000000000000000e+03
6.000000000000000000e+00 6.028500000000000000e+04
7.000000000000000000e+00 1.030460000000000000e+05
8.000000000000000000e+00 1.201440000000000000e+05
9.000000000000000000e+00 1.366170000000000000e+05
1.000000000000000000e+01 1.510450000000000000e+05
1.100000000000000000e+01 1.577700000000000000e+05
1.200000000000000000e+01 1.630040000000000000e+05
1.300000000000000000e+01 1.727690000000000000e+05
1.400000000000000000e+01 1.966050000000000000e+05
1.500000000000000000e+01 2.335650000000000000e+05
1.600000000000000000e+01 2.904740000000000000e+05
1.700000000000000000e+01 3.733050000000000000e+05
1.800000000000000000e+01 4.755360000000000000e+05
1.900000000000000000e+01 5.958180000000000000e+05
2.000000000000000000e+01 7.314240000000000000e+05
2.100000000000000000e+01 8.800400000000000000e+05
2.200000000000000000e+01 1.028343000000000000e+06
2.300000000000000000e+01 1.159865000000000000e+06
2.400000000000000000e+01 1.256393000000000000e+06
2.500000000000000000e+01 1.294321000000000000e+06
2.600000000000000000e+01 1.275777000000000000e+06
2.700000000000000000e+01 1.204421000000000000e+06
2.800000000000000000e+01 1.099254000000000000e+06
2.900000000000000000e+01 9.793040000000000000e+05
3.000000000000000000e+01 8.510110000000000000e+05
3.100000000000000000e+01 7.240060000000000000e+05
3.200000000000000000e+01 6.046660000000000000e+05
3.300000000000000000e+01 4.957760000000000000e+05
3.400000000000000000e+01 3.957350000000000000e+05
3.500000000000000000e+01 3.057090000000000000e+05
3.600000000000000000e+01 2.254460000000000000e+05
3.700000000000000000e+01 1.591700000000000000e+05
3.800000000000000000e+01 1.054640000000000000e+05
3.900000000000000000e+01 6.560000000000000000e+04
4.000000000000000000e+01 3.823300000000000000e+04
4.100000000000000000e+01 2.048200000000000000e+04
4.200000000000000000e+01 1.007300000000000000e+04
4.300000000000000000e+01 4.515000000000000000e+03
4.400000000000000000e+01 2.027000000000000000e+03
4.500000000000000000e+01 8.900000000000000000e+02
4.600000000000000000e+01 3.910000000000000000e+02
4.700000000000000000e+01 2.070000000000000000e+02
4.800000000000000000e+01 9.600000000000000000e+01
4.900000000000000000e+01 1.180000000000000000e+02
5.000000000000000000e+01 4.700000000000000000e+01
5.100000000000000000e+01 9.700000000000000000e+01
5.200000000000000000e+01 3.200000000000000000e+01
5.300000000000000000e+01 6.100000000000000000e+01
5.400000000000000000e+01 3.400000000000000000e+01
5.500000000000000000e+01 5.400000000000000000e+01
5.600000000000000000e+01 2.600000000000000000e+01
5.700000000000000000e+01 4.800000000000000000e+01
5.800000000000000000e+01 1.400000000000000000e+01
5.900000000000000000e+01 3.000000000000000000e+01
6.000000000000000000e+01 1.700000000000000000e+01
6.100000000000000000e+01 4.000000000000000000e+01
6.200000000000000000e+01 9.000000000000000000e+00
6.300000000000000000e+01 3.000000000000000000e+01
6.400000000000000000e+01 2.200000000000000000e+01
6.500000000000000000e+01 1.800000000000000000e+01
6.600000000000000000e+01 1.100000000000000000e+01
6.700000000000000000e+01 1.100000000000000000e+01
6.800000000000000000e+01 9.000000000000000000e+00
6.900000000000000000e+01 1.100000000000000000e+01
7.000000000000000000e+01 3.000000000000000000e+00
7.100000000000000000e+01 8.000000000000000000e+00
7.200000000000000000e+01 9.000000000000000000e+00
7.300000000000000000e+01 6.000000000000000000e+00
7.400000000000000000e+01 6.000000000000000000e+00
7.500000000000000000e+01 1.000000000000000000e+00
7.600000000000000000e+01 1.000000000000000000e+00
7.700000000000000000e+01 2.000000000000000000e+00
7.800000000000000000e+01 2.000000000000000000e+00
7.900000000000000000e+01 1.000000000000000000e+00
8.000000000000000000e+01 1.000000000000000000e+00
8.100000000000000000e+01 2.000000000000000000e+00
8.200000000000000000e+01 5.000000000000000000e+00
8.400000000000000000e+01 1.000000000000000000e+00
9.400000000000000000e+01 1.000000000000000000e+00
1.160000000000000000e+02 1.000000000000000000e+00
1.230000000000000000e+02 1.000000000000000000e+00
1.610000000000000000e+02 1.000000000000000000e+00
2.190000000000000000e+02 1.000000000000000000e+00
6.190000000000000000e+02 1.000000000000000000e+00
5.440000000000000000e+03 1.000000000000000000e+00
