-4.000000000000000000e+00 2.000000000000000000e+00
-3.000000000000000000e+00 5.000000000000000000e+00
-2.000000000000000000e+00 1.400000000000000000e+01
-1.000000000000000000e+00 2.000000000000000000e+01
0.000000000000000000e+00 1.337000000000000000e+03
1.000000000000000000e+00 7.100000000000000000e+01
2.000000000000000000e+00 7.600000000000000000e+01
3.000000000000000000e+00 1.580000000000000000e+02
4.000000000000000000e+00 1.009000000000000000e+03
5.000000000000000000e+00 6.527000000000000000e+03
6.000000000000000000e+00 4.382000000000000000e+04
7.000000000000000000e+00 7.508800000000000000e+04
8.000000000000000000e+00 8.710300000000000000e+04
9.000000000000000000e+00 9.816700000000000000e+04
1.000000000000000000e+01 1.074320000000000000e+05
1.100000000000000000e+01 1.112840000000000000e+05
1.200000000000000000e+01 1.122910000000000000e+05
1.300000000000000000e+01 1.155510000000000000e+05
1.400000000000000000e+01 1.265600000000000000e+05
1.500000000000000000e+01 1.472820000000000000e+05
1.600000000000000000e+01 1.809360000000000000e+05
1.700000000000000000e+01 2.297990000000000000e+05
1.800000000000000000e+01 2.937540000000000000e+05
1.900000000000000000e+01 3.722310000000000000e+05
2.000000000000000000e+01 4.603630000000000000e+05
2.100000000000000000e+01 5.581220000000000000e+05
2.200000000000000000e+01 6.602680000000000000e+05
2.300000000000000000e+01 7.521710000000000000e+05
2.400000000000000000e+01 8.266220000000000000e+05
2.500000000000000000e+01 8.634800000000000000e+05
2.600000000000000000e+01 8.593710000000000000e+05
2.700000000000000000e+01 8.217980000000000000e+05
2.800000000000000000e+01 7.606320000000000000e+05
2.900000000000000000e+01 6.854180000000000000e+05
3.000000000000000000e+01 6.039530000000000000e+05
3.100000000000000000e+01 5.233370000000000000e+05
3.200000000000000000e+01 4.431840000000000000e+05
3.300000000000000000e+01 3.692130000000000000e+05
3.400000000000000000e+01 2.984390000000000000e+05
3.500000000000000000e+01 2.340020000000000000e+05
3.600000000000000000e+01 1.753090000000000000e+05
3.700000000000000000e+01 1.245730000000000000e+05
3.800000000000000000e+01 8.388100000000000000e+04
3.900000000000000000e+01 5.314800000000000000e+04
4.000000000000000000e+01 3.123500000000000000e+04
4.100000000000000000e+01 1.696400000000000000e+04
4.200000000000000000e+01 8.509000000000000000e+03
4.300000000000000000e+01 3.788000000000000000e+03
4.400000000000000000e+01 1.704000000000000000e+03
4.500000000000000000e+01 7.380000000000000000e+02
4.600000000000000000e+01 3.310000000000000000e+02
4.700000000000000000e+01 1.520000000000000000e+02
4.800000000000000000e+01 7.200000000000000000e+01
4.900000000000000000e+01 6.800000000000000000e+01
5.000000000000000000e+01 3.700000000000000000e+01
5.100000000000000000e+01 4.200000000000000000e+01
5.200000000000000000e+01 2.200000000000000000e+01
5.300000000000000000e+01 3.700000000000000000e+01
5.400000000000000000e+01 1.700000000000000000e+01
5.500000000000000000e+01 2.700000000000000000e+01
5.600000000000000000e+01 1.500000000000000000e+01
5.700000000000000000e+01 2.200000000000000000e+01
5.800000000000000000e+01 1.300000000000000000e+01
5.900000000000000000e+01 2.500000000000000000e+01
6.000000000000000000e+01 6.000000000000000000e+00
6.100000000000000000e+01 2.300000000000000000e+01
6.200000000000000000e+01 5.000000000000000000e+00
6.300000000000000000e+01 1.800000000000000000e+01
6.400000000000000000e+01 1.300000000000000000e+01
6.500000000000000000e+01 1.300000000000000000e+01
6.600000000000000000e+01 9.000000000000000000e+00
6.700000000000000000e+01 6.000000000000000000e+00
6.800000000000000000e+01 7.000000000000000000e+00
6.900000000000000000e+01 2.000000000000000000e+00
7.000000000000000000e+01 6.000000000000000000e+00
7.100000000000000000e+01 7.000000000000000000e+00
7.200000000000000000e+01 4.000000000000000000e+00
7.300000000000000000e+01 2.000000000000000000e+00
7.400000000000000000e+01 5.000000000000000000e+00
7.500000000000000000e+01 2.000000000000000000e+00
7.600000000000000000e+01 5.000000000000000000e+00
7.700000000000000000e+01 3.000000000000000000e+00
7.800000000000000000e+01 3.000000000000000000e+00
8.000000000000000000e+01 1.000000000000000000e+00
8.400000000000000000e+01 1.000000000000000000e+00
9.100000000000000000e+01 1.000000000000000000e+00
1.140000000000000000e+02 1.000000000000000000e+00
1.310000000000000000e+02 1.000000000000000000e+00
1.390000000000000000e+02 1.000000000000000000e+00
1.760000000000000000e+02 1.000000000000000000e+00
1.990000000000000000e+02 1.000000000000000000e+00
2.190000000000000000e+02 1.000000000000000000e+00
2.220000000000000000e+02 1.000000000000000000e+00
2.390000000000000000e+02 1.000000000000000000e+00
4.320000000000000000e+02 1.000000000000000000e+00
8.790000000000000000e+02 1.000000000000000000e+00
9.260000000000000000e+02 1.000000000000000000e+00
