-4.000000000000000000e+00 8.000000000000000000e+00
-3.000000000000000000e+00 4.000000000000000000e+00
-2.000000000000000000e+00 2.500000000000000000e+01
-1.000000000000000000e+00 8.900000000000000000e+01
0.000000000000000000e+00 1.405000000000000000e+03
1.000000000000000000e+00 1.960000000000000000e+02
2.000000000000000000e+00 2.510000000000000000e+02
3.000000000000000000e+00 3.920000000000000000e+02
4.000000000000000000e+00 2.047000000000000000e+03
5.000000000000000000e+00 1.576600000000000000e+04
6.000000000000000000e+00 1.101380000000000000e+05
7.000000000000000000e+00 1.918450000000000000e+05
8.000000000000000000e+00 2.305290000000000000e+05
9.000000000000000000e+00 2.726260000000000000e+05
1.000000000000000000e+01 3.155510000000000000e+05
1.100000000000000000e+01 3.453220000000000000e+05
1.200000000000000000e+01 3.643570000000000000e+05
1.300000000000000000e+01 3.803170000000000000e+05
1.400000000000000000e+01 3.980460000000000000e+05
1.500000000000000000e+01 4.215380000000000000e+05
1.600000000000000000e+01 4.609460000000000000e+05
1.700000000000000000e+01 5.235330000000000000e+05
1.800000000000000000e+01 6.049240000000000000e+05
1.900000000000000000e+01 7.092420000000000000e+05
2.000000000000000000e+01 8.388920000000000000e+05
2.100000000000000000e+01 9.891870000000000000e+05
2.200000000000000000e+01 1.150881000000000000e+06
2.300000000000000000e+01 1.298796000000000000e+06
2.400000000000000000e+01 1.409132000000000000e+06
2.500000000000000000e+01 1.453303000000000000e+06
2.600000000000000000e+01 1.433105000000000000e+06
2.700000000000000000e+01 1.363047000000000000e+06
2.800000000000000000e+01 1.270703000000000000e+06
2.900000000000000000e+01 1.172085000000000000e+06
3.000000000000000000e+01 1.072419000000000000e+06
3.100000000000000000e+01 9.828420000000000000e+05
3.200000000000000000e+01 9.019170000000000000e+05
3.300000000000000000e+01 8.265380000000000000e+05
3.400000000000000000e+01 7.638690000000000000e+05
3.500000000000000000e+01 7.055090000000000000e+05
3.600000000000000000e+01 6.493620000000000000e+05
3.700000000000000000e+01 5.966550000000000000e+05
3.800000000000000000e+01 5.440960000000000000e+05
3.900000000000000000e+01 4.951370000000000000e+05
4.000000000000000000e+01 4.432220000000000000e+05
4.100000000000000000e+01 3.938260000000000000e+05
4.200000000000000000e+01 3.435050000000000000e+05
4.300000000000000000e+01 2.926570000000000000e+05
4.400000000000000000e+01 2.429400000000000000e+05
4.500000000000000000e+01 1.957400000000000000e+05
4.600000000000000000e+01 1.530210000000000000e+05
4.700000000000000000e+01 1.157630000000000000e+05
4.800000000000000000e+01 8.376300000000000000e+04
4.900000000000000000e+01 5.774500000000000000e+04
5.000000000000000000e+01 3.709500000000000000e+04
5.100000000000000000e+01 2.307600000000000000e+04
5.200000000000000000e+01 1.367200000000000000e+04
5.300000000000000000e+01 7.938000000000000000e+03
5.400000000000000000e+01 4.260000000000000000e+03
5.500000000000000000e+01 2.282000000000000000e+03
5.600000000000000000e+01 1.132000000000000000e+03
5.700000000000000000e+01 6.280000000000000000e+02
5.800000000000000000e+01 3.370000000000000000e+02
5.900000000000000000e+01 2.340000000000000000e+02
6.000000000000000000e+01 1.180000000000000000e+02
6.100000000000000000e+01 1.140000000000000000e+02
6.200000000000000000e+01 8.900000000000000000e+01
6.300000000000000000e+01 9.000000000000000000e+01
6.400000000000000000e+01 6.800000000000000000e+01
6.500000000000000000e+01 4.500000000000000000e+01
6.600000000000000000e+01 4.200000000000000000e+01
6.700000000000000000e+01 4.500000000000000000e+01
6.800000000000000000e+01 3.000000000000000000e+01
6.900000000000000000e+01 3.900000000000000000e+01
7.000000000000000000e+01 2.500000000000000000e+01
7.100000000000000000e+01 3.000000000000000000e+01
7.200000000000000000e+01 3.500000000000000000e+01
7.300000000000000000e+01 2.200000000000000000e+01
7.400000000000000000e+01 1.800000000000000000e+01
7.500000000000000000e+01 7.000000000000000000e+00
7.600000000000000000e+01 2.600000000000000000e+01
7.700000000000000000e+01 6.000000000000000000e+00
7.800000000000000000e+01 2.100000000000000000e+01
7.900000000000000000e+01 3.000000000000000000e+00
8.000000000000000000e+01 2.700000000000000000e+01
8.100000000000000000e+01 2.000000000000000000e+00
8.200000000000000000e+01 1.800000000000000000e+01
8.300000000000000000e+01 5.000000000000000000e+00
8.400000000000000000e+01 1.100000000000000000e+01
8.500000000000000000e+01 3.000000000000000000e+00
8.600000000000000000e+01 1.200000000000000000e+01
8.700000000000000000e+01 5.000000000000000000e+00
8.800000000000000000e+01 7.000000000000000000e+00
8.900000000000000000e+01 5.000000000000000000e+00
9.000000000000000000e+01 4.000000000000000000e+00
9.100000000000000000e+01 4.000000000000000000e+00
9.200000000000000000e+01 3.000000000000000000e+00
9.300000000000000000e+01 2.000000000000000000e+00
9.400000000000000000e+01 6.000000000000000000e+00
9.500000000000000000e+01 4.000000000000000000e+00
9.600000000000000000e+01 3.000000000000000000e+00
9.700000000000000000e+01 1.000000000000000000e+00
9.800000000000000000e+01 1.000000000000000000e+00
1.010000000000000000e+02 4.000000000000000000e+00
1.040000000000000000e+02 1.000000000000000000e+00
1.050000000000000000e+02 3.000000000000000000e+00
1.190000000000000000e+02 1.000000000000000000e+00
1.360000000000000000e+02 1.000000000000000000e+00
1.630000000000000000e+02 1.000000000000000000e+00
1.940000000000000000e+02 1.000000000000000000e+00
2.620000000000000000e+02 1.000000000000000000e+00
4.720000000000000000e+02 1.000000000000000000e+00
6.170000000000000000e+02 1.000000000000000000e+00
1.449000000000000000e+03 1.000000000000000000e+00
1.904000000000000000e+03 1.000000000000000000e+00
2.378000000000000000e+03 1.000000000000000000e+00
