-4.000000000000000000e+00 9.000000000000000000e+00
-3.000000000000000000e+00 5.000000000000000000e+00
-2.000000000000000000e+00 2.300000000000000000e+01
-1.000000000000000000e+00 8.200000000000000000e+01
0.000000000000000000e+00 1.382000000000000000e+03
1.000000000000000000e+00 1.770000000000000000e+02
2.000000000000000000e+00 2.450000000000000000e+02
3.000000000000000000e+00 3.700000000000000000e+02
4.000000000000000000e+00 1.795000000000000000e+03
5.000000000000000000e+00 1.366000000000000000e+04
6.000000000000000000e+00 9.630900000000000000e+04
7.000000000000000000e+00 1.666020000000000000e+05
8.000000000000000000e+00 2.008510000000000000e+05
9.000000000000000000e+00 2.383440000000000000e+05
1.000000000000000000e+01 2.743000000000000000e+05
1.100000000000000000e+01 3.010090000000000000e+05
1.200000000000000000e+01 3.179690000000000000e+05
1.300000000000000000e+01 3.317070000000000000e+05
1.400000000000000000e+01 3.464470000000000000e+05
1.500000000000000000e+01 3.667110000000000000e+05
1.600000000000000000e+01 4.008580000000000000e+05
1.700000000000000000e+01 4.525840000000000000e+05
1.800000000000000000e+01 5.228000000000000000e+05
1.900000000000000000e+01 6.114770000000000000e+05
2.000000000000000000e+01 7.222580000000000000e+05
2.100000000000000000e+01 8.537340000000000000e+05
2.200000000000000000e+01 9.956480000000000000e+05
2.300000000000000000e+01 1.125079000000000000e+06
2.400000000000000000e+01 1.225786000000000000e+06
2.500000000000000000e+01 1.269853000000000000e+06
2.600000000000000000e+01 1.254836000000000000e+06
2.700000000000000000e+01 1.196736000000000000e+06
2.800000000000000000e+01 1.117544000000000000e+06
2.900000000000000000e+01 1.033543000000000000e+06
3.000000000000000000e+01 9.471330000000000000e+05
3.100000000000000000e+01 8.653330000000000000e+05
3.200000000000000000e+01 7.948550000000000000e+05
3.300000000000000000e+01 7.289590000000000000e+05
3.400000000000000000e+01 6.725620000000000000e+05
3.500000000000000000e+01 6.216330000000000000e+05
3.600000000000000000e+01 5.717930000000000000e+05
3.700000000000000000e+01 5.246860000000000000e+05
3.800000000000000000e+01 4.799760000000000000e+05
3.900000000000000000e+01 4.353140000000000000e+05
4.000000000000000000e+01 3.906710000000000000e+05
4.100000000000000000e+01 3.465320000000000000e+05
4.200000000000000000e+01 3.038390000000000000e+05
4.300000000000000000e+01 2.579470000000000000e+05
4.400000000000000000e+01 2.174470000000000000e+05
4.500000000000000000e+01 1.754400000000000000e+05
4.600000000000000000e+01 1.370590000000000000e+05
4.700000000000000000e+01 1.041730000000000000e+05
4.800000000000000000e+01 7.487900000000000000e+04
4.900000000000000000e+01 5.186300000000000000e+04
5.000000000000000000e+01 3.402700000000000000e+04
5.100000000000000000e+01 2.095900000000000000e+04
5.200000000000000000e+01 1.264400000000000000e+04
5.300000000000000000e+01 7.217000000000000000e+03
5.400000000000000000e+01 3.876000000000000000e+03
5.500000000000000000e+01 2.101000000000000000e+03
5.600000000000000000e+01 1.094000000000000000e+03
5.700000000000000000e+01 6.390000000000000000e+02
5.800000000000000000e+01 3.260000000000000000e+02
5.900000000000000000e+01 2.070000000000000000e+02
6.000000000000000000e+01 1.240000000000000000e+02
6.100000000000000000e+01 1.020000000000000000e+02
6.200000000000000000e+01 6.100000000000000000e+01
6.300000000000000000e+01 7.200000000000000000e+01
6.400000000000000000e+01 4.500000000000000000e+01
6.500000000000000000e+01 4.400000000000000000e+01
6.600000000000000000e+01 3.400000000000000000e+01
6.700000000000000000e+01 2.800000000000000000e+01
6.800000000000000000e+01 3.600000000000000000e+01
6.900000000000000000e+01 1.200000000000000000e+01
7.000000000000000000e+01 2.400000000000000000e+01
7.100000000000000000e+01 2.900000000000000000e+01
7.200000000000000000e+01 1.500000000000000000e+01
7.300000000000000000e+01 1.900000000000000000e+01
7.400000000000000000e+01 1.800000000000000000e+01
7.500000000000000000e+01 7.000000000000000000e+00
7.600000000000000000e+01 2.600000000000000000e+01
7.700000000000000000e+01 7.000000000000000000e+00
7.800000000000000000e+01 2.000000000000000000e+01
7.900000000000000000e+01 8.000000000000000000e+00
8.000000000000000000e+01 1.500000000000000000e+01
8.100000000000000000e+01 4.000000000000000000e+00
8.200000000000000000e+01 1.100000000000000000e+01
8.300000000000000000e+01 3.000000000000000000e+00
8.400000000000000000e+01 6.000000000000000000e+00
8.500000000000000000e+01 3.000000000000000000e+00
8.600000000000000000e+01 1.200000000000000000e+01
8.700000000000000000e+01 6.000000000000000000e+00
8.800000000000000000e+01 1.000000000000000000e+01
8.900000000000000000e+01 4.000000000000000000e+00
9.000000000000000000e+01 7.000000000000000000e+00
9.100000000000000000e+01 5.000000000000000000e+00
9.200000000000000000e+01 3.000000000000000000e+00
9.300000000000000000e+01 3.000000000000000000e+00
9.400000000000000000e+01 4.000000000000000000e+00
9.500000000000000000e+01 1.000000000000000000e+00
9.600000000000000000e+01 2.000000000000000000e+00
9.700000000000000000e+01 1.000000000000000000e+00
9.800000000000000000e+01 3.000000000000000000e+00
9.900000000000000000e+01 1.000000000000000000e+00
1.000000000000000000e+02 1.000000000000000000e+00
1.010000000000000000e+02 1.000000000000000000e+00
1.020000000000000000e+02 1.000000000000000000e+00
1.030000000000000000e+02 1.000000000000000000e+00
1.050000000000000000e+02 2.000000000000000000e+00
1.070000000000000000e+02 1.000000000000000000e+00
1.130000000000000000e+02 1.000000000000000000e+00
1.620000000000000000e+02 1.000000000000000000e+00
1.640000000000000000e+02 1.000000000000000000e+00
1.950000000000000000e+02 1.000000000000000000e+00
2.300000000000000000e+02 1.000000000000000000e+00
3.140000000000000000e+02 1.000000000000000000e+00
1.755000000000000000e+03 1.000000000000000000e+00
