-4.000000000000000000e+00 2.000000000000000000e+00
-2.000000000000000000e+00 3.000000000000000000e+00
-1.000000000000000000e+00 9.000000000000000000e+00
0.000000000000000000e+00 1.324000000000000000e+03
1.000000000000000000e+00 2.500000000000000000e+01
2.000000000000000000e+00 4.000000000000000000e+01
3.000000000000000000e+00 8.700000000000000000e+01
4.000000000000000000e+00 6.630000000000000000e+02
5.000000000000000000e+00 2.937000000000000000e+03
6.000000000000000000e+00 1.441500000000000000e+04
7.000000000000000000e+00 2.609300000000000000e+04
8.000000000000000000e+00 3.678500000000000000e+04
9.000000000000000000e+00 5.222900000000000000e+04
1.000000000000000000e+01 7.385700000000000000e+04
1.100000000000000000e+01 1.021360000000000000e+05
1.200000000000000000e+01 1.400380000000000000e+05
1.300000000000000000e+01 1.913150000000000000e+05
1.400000000000000000e+01 2.584940000000000000e+05
1.500000000000000000e+01 3.419260000000000000e+05
1.600000000000000000e+01 4.468970000000000000e+05
1.700000000000000000e+01 5.739720000000000000e+05
1.800000000000000000e+01 7.204220000000000000e+05
1.900000000000000000e+01 8.653480000000000000e+05
2.000000000000000000e+01 1.000094000000000000e+06
2.100000000000000000e+01 1.114754000000000000e+06
2.200000000000000000e+01 1.197070000000000000e+06
2.300000000000000000e+01 1.227511000000000000e+06
2.400000000000000000e+01 1.199426000000000000e+06
2.500000000000000000e+01 1.101124000000000000e+06
2.600000000000000000e+01 9.511370000000000000e+05
2.700000000000000000e+01 7.599310000000000000e+05
2.800000000000000000e+01 5.596220000000000000e+05
2.900000000000000000e+01 3.712080000000000000e+05
3.000000000000000000e+01 2.203460000000000000e+05
3.100000000000000000e+01 1.158160000000000000e+05
3.200000000000000000e+01 5.374700000000000000e+04
3.300000000000000000e+01 2.235200000000000000e+04
3.400000000000000000e+01 8.809000000000000000e+03
3.500000000000000000e+01 3.216000000000000000e+03
3.600000000000000000e+01 1.187000000000000000e+03
3.700000000000000000e+01 4.300000000000000000e+02
3.800000000000000000e+01 1.880000000000000000e+02
3.900000000000000000e+01 7.900000000000000000e+01
4.000000000000000000e+01 4.300000000000000000e+01
4.100000000000000000e+01 2.900000000000000000e+01
4.200000000000000000e+01 4.200000000000000000e+01
4.300000000000000000e+01 3.400000000000000000e+01
4.400000000000000000e+01 3.800000000000000000e+01
4.500000000000000000e+01 2.100000000000000000e+01
4.600000000000000000e+01 2.100000000000000000e+01
4.700000000000000000e+01 2.400000000000000000e+01
4.800000000000000000e+01 1.000000000000000000e+01
4.900000000000000000e+01 3.300000000000000000e+01
5.000000000000000000e+01 6.000000000000000000e+00
5.100000000000000000e+01 2.200000000000000000e+01
5.200000000000000000e+01 5.000000000000000000e+00
5.300000000000000000e+01 2.300000000000000000e+01
5.400000000000000000e+01 5.000000000000000000e+00
5.500000000000000000e+01 1.600000000000000000e+01
5.600000000000000000e+01 5.000000000000000000e+00
5.700000000000000000e+01 5.000000000000000000e+00
5.800000000000000000e+01 2.000000000000000000e+00
5.900000000000000000e+01 8.000000000000000000e+00
6.000000000000000000e+01 4.000000000000000000e+00
6.100000000000000000e+01 3.000000000000000000e+00
6.300000000000000000e+01 2.000000000000000000e+00
6.500000000000000000e+01 1.000000000000000000e+00
6.600000000000000000e+01 1.000000000000000000e+00
6.800000000000000000e+01 1.000000000000000000e+00
6.900000000000000000e+01 1.000000000000000000e+00
7.500000000000000000e+01 1.000000000000000000e+00
7.900000000000000000e+01 1.000000000000000000e+00
8.000000000000000000e+01 1.000000000000000000e+00
8.600000000000000000e+01 1.000000000000000000e+00
9.400000000000000000e+01 1.000000000000000000e+00
9.900000000000000000e+01 1.000000000000000000e+00
1.000000000000000000e+02 1.000000000000000000e+00
1.020000000000000000e+02 2.000000000000000000e+00
1.050000000000000000e+02 1.000000000000000000e+00
1.120000000000000000e+02 1.000000000000000000e+00
1.240000000000000000e+02 1.000000000000000000e+00
1.330000000000000000e+02 1.000000000000000000e+00
1.340000000000000000e+02 1.000000000000000000e+00
1.350000000000000000e+02 1.000000000000000000e+00
1.380000000000000000e+02 1.000000000000000000e+00
1.390000000000000000e+02 1.000000000000000000e+00
1.620000000000000000e+02 1.000000000000000000e+00
1.660000000000000000e+02 1.000000000000000000e+00
1.710000000000000000e+02 1.000000000000000000e+00
2.710000000000000000e+02 1.000000000000000000e+00
2.760000000000000000e+02 1.000000000000000000e+00
4.500000000000000000e+02 1.000000000000000000e+00
7.710000000000000000e+02 1.000000000000000000e+00
4.190000000000000000e+03 1.000000000000000000e+00
