-4.000000000000000000e+00 5.000000000000000000e+00
-3.000000000000000000e+00 2.000000000000000000e+00
-2.000000000000000000e+00 1.100000000000000000e+01
-1.000000000000000000e+00 5.000000000000000000e+01
0.000000000000000000e+00 1.354000000000000000e+03
1.000000000000000000e+00 1.220000000000000000e+02
2.000000000000000000e+00 1.780000000000000000e+02
3.000000000000000000e+00 2.470000000000000000e+02
4.000000000000000000e+00 1.658000000000000000e+03
5.000000000000000000e+00 1.107900000000000000e+04
6.000000000000000000e+00 7.601200000000000000e+04
7.000000000000000000e+00 1.310320000000000000e+05
8.000000000000000000e+00 1.590100000000000000e+05
9.000000000000000000e+00 1.898260000000000000e+05
1.000000000000000000e+01 2.182030000000000000e+05
1.100000000000000000e+01 2.376130000000000000e+05
1.200000000000000000e+01 2.502210000000000000e+05
1.300000000000000000e+01 2.592630000000000000e+05
1.400000000000000000e+01 2.675460000000000000e+05
1.500000000000000000e+01 2.774620000000000000e+05
1.600000000000000000e+01 2.973970000000000000e+05
1.700000000000000000e+01 3.296010000000000000e+05
1.800000000000000000e+01 3.753130000000000000e+05
1.900000000000000000e+01 4.330900000000000000e+05
2.000000000000000000e+01 5.096290000000000000e+05
2.100000000000000000e+01 6.022540000000000000e+05
2.200000000000000000e+01 7.059960000000000000e+05
2.300000000000000000e+01 8.046700000000000000e+05
2.400000000000000000e+01 8.858180000000000000e+05
2.500000000000000000e+01 9.253430000000000000e+05
2.600000000000000000e+01 9.231940000000000000e+05
2.700000000000000000e+01 8.899900000000000000e+05
2.800000000000000000e+01 8.397450000000000000e+05
2.900000000000000000e+01 7.837580000000000000e+05
3.000000000000000000e+01 7.274550000000000000e+05
3.100000000000000000e+01 6.739420000000000000e+05
3.200000000000000000e+01 6.263050000000000000e+05
3.300000000000000000e+01 5.805540000000000000e+05
3.400000000000000000e+01 5.426110000000000000e+05
3.500000000000000000e+01 5.060080000000000000e+05
3.600000000000000000e+01 4.697110000000000000e+05
3.700000000000000000e+01 4.340560000000000000e+05
3.800000000000000000e+01 4.001880000000000000e+05
3.900000000000000000e+01 3.655400000000000000e+05
4.000000000000000000e+01 3.307780000000000000e+05
4.100000000000000000e+01 2.953770000000000000e+05
4.200000000000000000e+01 2.583160000000000000e+05
4.300000000000000000e+01 2.221940000000000000e+05
4.400000000000000000e+01 1.872830000000000000e+05
4.500000000000000000e+01 1.517670000000000000e+05
4.600000000000000000e+01 1.198540000000000000e+05
4.700000000000000000e+01 9.131800000000000000e+04
4.800000000000000000e+01 6.565600000000000000e+04
4.900000000000000000e+01 4.569600000000000000e+04
5.000000000000000000e+01 3.021500000000000000e+04
5.100000000000000000e+01 1.892900000000000000e+04
5.200000000000000000e+01 1.127800000000000000e+04
5.300000000000000000e+01 6.368000000000000000e+03
5.400000000000000000e+01 3.511000000000000000e+03
5.500000000000000000e+01 1.899000000000000000e+03
5.600000000000000000e+01 1.008000000000000000e+03
5.700000000000000000e+01 5.560000000000000000e+02
5.800000000000000000e+01 2.960000000000000000e+02
5.900000000000000000e+01 1.640000000000000000e+02
6.000000000000000000e+01 8.600000000000000000e+01
6.100000000000000000e+01 8.200000000000000000e+01
6.200000000000000000e+01 5.000000000000000000e+01
6.300000000000000000e+01 5.300000000000000000e+01
6.400000000000000000e+01 3.500000000000000000e+01
6.500000000000000000e+01 3.600000000000000000e+01
6.600000000000000000e+01 2.400000000000000000e+01
6.700000000000000000e+01 2.900000000000000000e+01
6.800000000000000000e+01 1.700000000000000000e+01
6.900000000000000000e+01 2.000000000000000000e+01
7.000000000000000000e+01 2.200000000000000000e+01
7.100000000000000000e+01 2.000000000000000000e+01
7.200000000000000000e+01 2.300000000000000000e+01
7.300000000000000000e+01 1.800000000000000000e+01
7.400000000000000000e+01 1.400000000000000000e+01
7.500000000000000000e+01 8.000000000000000000e+00
7.600000000000000000e+01 2.100000000000000000e+01
7.700000000000000000e+01 4.000000000000000000e+00
7.800000000000000000e+01 1.400000000000000000e+01
7.900000000000000000e+01 4.000000000000000000e+00
8.000000000000000000e+01 9.000000000000000000e+00
8.100000000000000000e+01 4.000000000000000000e+00
8.200000000000000000e+01 1.100000000000000000e+01
8.300000000000000000e+01 1.000000000000000000e+00
8.400000000000000000e+01 8.000000000000000000e+00
8.500000000000000000e+01 1.000000000000000000e+00
8.600000000000000000e+01 9.000000000000000000e+00
8.700000000000000000e+01 4.000000000000000000e+00
8.800000000000000000e+01 4.000000000000000000e+00
8.900000000000000000e+01 4.000000000000000000e+00
9.000000000000000000e+01 6.000000000000000000e+00
9.100000000000000000e+01 4.000000000000000000e+00
9.200000000000000000e+01 2.000000000000000000e+00
9.400000000000000000e+01 2.000000000000000000e+00
9.500000000000000000e+01 2.000000000000000000e+00
9.800000000000000000e+01 1.000000000000000000e+00
1.000000000000000000e+02 1.000000000000000000e+00
1.010000000000000000e+02 2.000000000000000000e+00
1.070000000000000000e+02 1.000000000000000000e+00
1.080000000000000000e+02 1.000000000000000000e+00
1.130000000000000000e+02 1.000000000000000000e+00
1.170000000000000000e+02 1.000000000000000000e+00
1.190000000000000000e+02 1.000000000000000000e+00
1.260000000000000000e+02 1.000000000000000000e+00
1.780000000000000000e+02 1.000000000000000000e+00
2.110000000000000000e+02 1.000000000000000000e+00
9.050000000000000000e+02 1.000000000000000000e+00
