-4.000000000000000000e+00 2.000000000000000000e+00
-2.000000000000000000e+00 6.000000000000000000e+00
-1.000000000000000000e+00 2.300000000000000000e+01
0.000000000000000000e+00 1.336000000000000000e+03
1.000000000000000000e+00 6.200000000000000000e+01
2.000000000000000000e+00 9.400000000000000000e+01
3.000000000000000000e+00 1.560000000000000000e+02
4.000000000000000000e+00 1.009000000000000000e+03
5.000000000000000000e+00 6.717000000000000000e+03
6.000000000000000000e+00 4.431700000000000000e+04
7.000000000000000000e+00 7.457900000000000000e+04
8.000000000000000000e+00 8.690000000000000000e+04
9.000000000000000000e+00 9.859200000000000000e+04
1.000000000000000000e+01 1.074600000000000000e+05
1.100000000000000000e+01 1.113840000000000000e+05
1.200000000000000000e+01 1.124260000000000000e+05
1.300000000000000000e+01 1.162570000000000000e+05
1.400000000000000000e+01 1.263580000000000000e+05
1.500000000000000000e+01 1.472750000000000000e+05
1.600000000000000000e+01 1.813960000000000000e+05
1.700000000000000000e+01 2.290720000000000000e+05
1.800000000000000000e+01 2.950400000000000000e+05
1.900000000000000000e+01 3.705420000000000000e+05
2.000000000000000000e+01 4.595870000000000000e+05
2.100000000000000000e+01 5.566330000000000000e+05
2.200000000000000000e+01 6.597530000000000000e+05
2.300000000000000000e+01 7.516370000000000000e+05
2.400000000000000000e+01 8.252830000000000000e+05
2.500000000000000000e+01 8.615150000000000000e+05
2.600000000000000000e+01 8.575360000000000000e+05
2.700000000000000000e+01 8.195480000000000000e+05
2.800000000000000000e+01 7.599050000000000000e+05
2.900000000000000000e+01 6.840400000000000000e+05
3.000000000000000000e+01 6.025070000000000000e+05
3.100000000000000000e+01 5.237740000000000000e+05
3.200000000000000000e+01 4.443930000000000000e+05
3.300000000000000000e+01 3.675620000000000000e+05
3.400000000000000000e+01 2.985390000000000000e+05
3.500000000000000000e+01 2.322640000000000000e+05
3.600000000000000000e+01 1.751800000000000000e+05
3.700000000000000000e+01 1.247230000000000000e+05
3.800000000000000000e+01 8.391500000000000000e+04
3.900000000000000000e+01 5.313100000000000000e+04
4.000000000000000000e+01 3.110200000000000000e+04
4.100000000000000000e+01 1.699100000000000000e+04
4.200000000000000000e+01 8.438000000000000000e+03
4.300000000000000000e+01 3.827000000000000000e+03
4.400000000000000000e+01 1.714000000000000000e+03
4.500000000000000000e+01 6.870000000000000000e+02
4.600000000000000000e+01 3.370000000000000000e+02
4.700000000000000000e+01 1.500000000000000000e+02
4.800000000000000000e+01 8.400000000000000000e+01
4.900000000000000000e+01 7.000000000000000000e+01
5.000000000000000000e+01 2.800000000000000000e+01
5.100000000000000000e+01 3.700000000000000000e+01
5.200000000000000000e+01 1.800000000000000000e+01
5.300000000000000000e+01 3.800000000000000000e+01
5.400000000000000000e+01 2.000000000000000000e+01
5.500000000000000000e+01 1.700000000000000000e+01
5.600000000000000000e+01 1.500000000000000000e+01
5.700000000000000000e+01 2.600000000000000000e+01
5.800000000000000000e+01 1.200000000000000000e+01
5.900000000000000000e+01 1.800000000000000000e+01
6.000000000000000000e+01 1.200000000000000000e+01
6.100000000000000000e+01 2.400000000000000000e+01
6.200000000000000000e+01 8.000000000000000000e+00
6.300000000000000000e+01 1.500000000000000000e+01
6.400000000000000000e+01 1.600000000000000000e+01
6.500000000000000000e+01 1.100000000000000000e+01
6.600000000000000000e+01 8.000000000000000000e+00
6.700000000000000000e+01 6.000000000000000000e+00
6.800000000000000000e+01 6.000000000000000000e+00
6.900000000000000000e+01 4.000000000000000000e+00
7.000000000000000000e+01 4.000000000000000000e+00
7.100000000000000000e+01 6.000000000000000000e+00
7.200000000000000000e+01 4.000000000000000000e+00
7.300000000000000000e+01 2.000000000000000000e+00
7.400000000000000000e+01 4.000000000000000000e+00
7.600000000000000000e+01 4.000000000000000000e+00
7.700000000000000000e+01 1.000000000000000000e+00
7.800000000000000000e+01 3.000000000000000000e+00
7.900000000000000000e+01 2.000000000000000000e+00
8.000000000000000000e+01 1.000000000000000000e+00
8.300000000000000000e+01 1.000000000000000000e+00
8.400000000000000000e+01 1.000000000000000000e+00
1.300000000000000000e+02 1.000000000000000000e+00
1.630000000000000000e+02 1.000000000000000000e+00
1.750000000000000000e+02 1.000000000000000000e+00
5.830000000000000000e+02 1.000000000000000000e+00
