-4.000000000000000000e+00 3.000000000000000000e+00
-2.000000000000000000e+00 1.300000000000000000e+01
-1.000000000000000000e+00 3.000000000000000000e+01
0.000000000000000000e+00 1.350000000000000000e+03
1.000000000000000000e+00 7.100000000000000000e+01
2.000000000000000000e+00 8.600000000000000000e+01
3.000000000000000000e+00 1.710000000000000000e+02
4.000000000000000000e+00 9.890000000000000000e+02
5.000000000000000000e+00 6.698000000000000000e+03
6.000000000000000000e+00 4.372200000000000000e+04
7.000000000000000000e+00 7.500800000000000000e+04
8.000000000000000000e+00 8.684500000000000000e+04
9.000000000000000000e+00 9.860900000000000000e+04
1.000000000000000000e+01 1.078150000000000000e+05
1.100000000000000000e+01 1.113960000000000000e+05
1.200000000000000000e+01 1.121980000000000000e+05
1.300000000000000000e+01 1.162470000000000000e+05
1.400000000000000000e+01 1.265010000000000000e+05
1.500000000000000000e+01 1.471510000000000000e+05
1.600000000000000000e+01 1.806240000000000000e+05
1.700000000000000000e+01 2.299780000000000000e+05
1.800000000000000000e+01 2.935330000000000000e+05
1.900000000000000000e+01 3.710790000000000000e+05
2.000000000000000000e+01 4.591490000000000000e+05
2.100000000000000000e+01 5.579410000000000000e+05
2.200000000000000000e+01 6.615420000000000000e+05
2.300000000000000000e+01 7.512160000000000000e+05
2.400000000000000000e+01 8.273070000000000000e+05
2.500000000000000000e+01 8.650230000000000000e+05
2.600000000000000000e+01 8.626440000000000000e+05
2.700000000000000000e+01 8.243530000000000000e+05
2.800000000000000000e+01 7.643620000000000000e+05
2.900000000000000000e+01 6.886630000000000000e+05
3.000000000000000000e+01 6.086210000000000000e+05
3.100000000000000000e+01 5.266360000000000000e+05
3.200000000000000000e+01 4.478160000000000000e+05
3.300000000000000000e+01 3.706360000000000000e+05
3.400000000000000000e+01 3.016650000000000000e+05
3.500000000000000000e+01 2.348800000000000000e+05
3.600000000000000000e+01 1.755790000000000000e+05
3.700000000000000000e+01 1.257850000000000000e+05
3.800000000000000000e+01 8.501600000000000000e+04
3.900000000000000000e+01 5.404800000000000000e+04
4.000000000000000000e+01 3.200900000000000000e+04
4.100000000000000000e+01 1.708700000000000000e+04
4.200000000000000000e+01 8.451000000000000000e+03
4.300000000000000000e+01 3.999000000000000000e+03
4.400000000000000000e+01 1.760000000000000000e+03
4.500000000000000000e+01 7.440000000000000000e+02
4.600000000000000000e+01 3.210000000000000000e+02
4.700000000000000000e+01 1.480000000000000000e+02
4.800000000000000000e+01 7.100000000000000000e+01
4.900000000000000000e+01 8.400000000000000000e+01
5.000000000000000000e+01 3.900000000000000000e+01
5.100000000000000000e+01 5.000000000000000000e+01
5.200000000000000000e+01 2.200000000000000000e+01
5.300000000000000000e+01 2.800000000000000000e+01
5.400000000000000000e+01 2.200000000000000000e+01
5.500000000000000000e+01 2.500000000000000000e+01
5.600000000000000000e+01 1.600000000000000000e+01
5.700000000000000000e+01 2.700000000000000000e+01
5.800000000000000000e+01 5.000000000000000000e+00
5.900000000000000000e+01 2.300000000000000000e+01
6.000000000000000000e+01 9.000000000000000000e+00
6.100000000000000000e+01 1.900000000000000000e+01
6.200000000000000000e+01 3.000000000000000000e+00
6.300000000000000000e+01 1.400000000000000000e+01
6.400000000000000000e+01 1.200000000000000000e+01
6.500000000000000000e+01 8.000000000000000000e+00
6.600000000000000000e+01 9.000000000000000000e+00
6.700000000000000000e+01 8.000000000000000000e+00
6.800000000000000000e+01 1.000000000000000000e+01
6.900000000000000000e+01 2.000000000000000000e+00
7.000000000000000000e+01 2.000000000000000000e+00
7.100000000000000000e+01 6.000000000000000000e+00
7.200000000000000000e+01 5.000000000000000000e+00
7.300000000000000000e+01 5.000000000000000000e+00
7.400000000000000000e+01 1.000000000000000000e+00
7.500000000000000000e+01 1.000000000000000000e+00
7.600000000000000000e+01 4.000000000000000000e+00
7.700000000000000000e+01 1.000000000000000000e+00
7.800000000000000000e+01 3.000000000000000000e+00
7.900000000000000000e+01 2.000000000000000000e+00
8.100000000000000000e+01 1.000000000000000000e+00
8.200000000000000000e+01 1.000000000000000000e+00
9.400000000000000000e+01 1.000000000000000000e+00
1.090000000000000000e+02 1.000000000000000000e+00
1.210000000000000000e+02 1.000000000000000000e+00
1.470000000000000000e+02 2.000000000000000000e+00
1.930000000000000000e+02 1.000000000000000000e+00
2.060000000000000000e+02 1.000000000000000000e+00
4.000000000000000000e+02 1.000000000000000000e+00
4.040000000000000000e+02 1.000000000000000000e+00
1.125000000000000000e+03 1.000000000000000000e+00
