-4.000000000000000000e+00 6.000000000000000000e+00
-3.000000000000000000e+00 4.000000000000000000e+00
-2.000000000000000000e+00 2.500000000000000000e+01
-1.000000000000000000e+00 7.800000000000000000e+01
0.000000000000000000e+00 1.421000000000000000e+03
1.000000000000000000e+00 1.950000000000000000e+02
2.000000000000000000e+00 2.570000000000000000e+02
3.000000000000000000e+00 4.420000000000000000e+02
4.000000000000000000e+00 1.979000000000000000e+03
5.000000000000000000e+00 1.554200000000000000e+04
6.000000000000000000e+00 1.102260000000000000e+05
7.000000000000000000e+00 1.921620000000000000e+05
8.000000000000000000e+00 2.307540000000000000e+05
9.000000000000000000e+00 2.725870000000000000e+05
1.000000000000000000e+01 3.150000000000000000e+05
1.100000000000000000e+01 3.446990000000000000e+05
1.200000000000000000e+01 3.627020000000000000e+05
1.300000000000000000e+01 3.794600000000000000e+05
1.400000000000000000e+01 3.968400000000000000e+05
1.500000000000000000e+01 4.215750000000000000e+05
1.600000000000000000e+01 4.610400000000000000e+05
1.700000000000000000e+01 5.205650000000000000e+05
1.800000000000000000e+01 6.020920000000000000e+05
1.900000000000000000e+01 7.050710000000000000e+05
2.000000000000000000e+01 8.326910000000000000e+05
2.100000000000000000e+01 9.818230000000000000e+05
2.200000000000000000e+01 1.143898000000000000e+06
2.300000000000000000e+01 1.291205000000000000e+06
2.400000000000000000e+01 1.405997000000000000e+06
2.500000000000000000e+01 1.450972000000000000e+06
2.600000000000000000e+01 1.432454000000000000e+06
2.700000000000000000e+01 1.366746000000000000e+06
2.800000000000000000e+01 1.271626000000000000e+06
2.900000000000000000e+01 1.178055000000000000e+06
3.000000000000000000e+01 1.076862000000000000e+06
3.100000000000000000e+01 9.848120000000000000e+05
3.200000000000000000e+01 9.042370000000000000e+05
3.300000000000000000e+01 8.295160000000000000e+05
3.400000000000000000e+01 7.664290000000000000e+05
3.500000000000000000e+01 7.078560000000000000e+05
3.600000000000000000e+01 6.511340000000000000e+05
3.700000000000000000e+01 5.989820000000000000e+05
3.800000000000000000e+01 5.457560000000000000e+05
3.900000000000000000e+01 4.966720000000000000e+05
4.000000000000000000e+01 4.455110000000000000e+05
4.100000000000000000e+01 3.962770000000000000e+05
4.200000000000000000e+01 3.450450000000000000e+05
4.300000000000000000e+01 2.941380000000000000e+05
4.400000000000000000e+01 2.460400000000000000e+05
4.500000000000000000e+01 1.982460000000000000e+05
4.600000000000000000e+01 1.562090000000000000e+05
4.700000000000000000e+01 1.171450000000000000e+05
4.800000000000000000e+01 8.492300000000000000e+04
4.900000000000000000e+01 5.797500000000000000e+04
5.000000000000000000e+01 3.810800000000000000e+04
5.100000000000000000e+01 2.355400000000000000e+04
5.200000000000000000e+01 1.407500000000000000e+04
5.300000000000000000e+01 7.998000000000000000e+03
5.400000000000000000e+01 4.346000000000000000e+03
5.500000000000000000e+01 2.380000000000000000e+03
5.600000000000000000e+01 1.191000000000000000e+03
5.700000000000000000e+01 6.900000000000000000e+02
5.800000000000000000e+01 3.260000000000000000e+02
5.900000000000000000e+01 2.220000000000000000e+02
6.000000000000000000e+01 1.200000000000000000e+02
6.100000000000000000e+01 1.200000000000000000e+02
6.200000000000000000e+01 6.600000000000000000e+01
6.300000000000000000e+01 7.600000000000000000e+01
6.400000000000000000e+01 5.600000000000000000e+01
6.500000000000000000e+01 5.800000000000000000e+01
6.600000000000000000e+01 3.800000000000000000e+01
6.700000000000000000e+01 3.100000000000000000e+01
6.800000000000000000e+01 3.200000000000000000e+01
6.900000000000000000e+01 3.000000000000000000e+01
7.000000000000000000e+01 3.600000000000000000e+01
7.100000000000000000e+01 2.900000000000000000e+01
7.200000000000000000e+01 2.700000000000000000e+01
7.300000000000000000e+01 2.700000000000000000e+01
7.400000000000000000e+01 2.100000000000000000e+01
7.500000000000000000e+01 8.000000000000000000e+00
7.600000000000000000e+01 3.800000000000000000e+01
7.700000000000000000e+01 1.500000000000000000e+01
7.800000000000000000e+01 1.600000000000000000e+01
7.900000000000000000e+01 9.000000000000000000e+00
8.000000000000000000e+01 1.600000000000000000e+01
8.100000000000000000e+01 2.000000000000000000e+00
8.200000000000000000e+01 1.700000000000000000e+01
8.300000000000000000e+01 4.000000000000000000e+00
8.400000000000000000e+01 1.700000000000000000e+01
8.500000000000000000e+01 6.000000000000000000e+00
8.600000000000000000e+01 1.300000000000000000e+01
8.700000000000000000e+01 8.000000000000000000e+00
8.800000000000000000e+01 9.000000000000000000e+00
8.900000000000000000e+01 1.000000000000000000e+01
9.000000000000000000e+01 5.000000000000000000e+00
9.100000000000000000e+01 5.000000000000000000e+00
9.200000000000000000e+01 7.000000000000000000e+00
9.300000000000000000e+01 2.000000000000000000e+00
9.400000000000000000e+01 2.000000000000000000e+00
9.500000000000000000e+01 3.000000000000000000e+00
9.600000000000000000e+01 2.000000000000000000e+00
9.700000000000000000e+01 1.000000000000000000e+00
9.800000000000000000e+01 2.000000000000000000e+00
1.010000000000000000e+02 3.000000000000000000e+00
1.030000000000000000e+02 2.000000000000000000e+00
1.070000000000000000e+02 1.000000000000000000e+00
1.090000000000000000e+02 1.000000000000000000e+00
1.150000000000000000e+02 1.000000000000000000e+00
4.460000000000000000e+02 1.000000000000000000e+00
8.740000000000000000e+02 1.000000000000000000e+00
1.973000000000000000e+03 1.000000000000000000e+00
2.160000000000000000e+03 1.000000000000000000e+00
2.374000000000000000e+03 1.000000000000000000e+00
