-4.000000000000000000e+00 3.000000000000000000e+00
-3.000000000000000000e+00 2.000000000000000000e+00
-2.000000000000000000e+00 1.100000000000000000e+01
-1.000000000000000000e+00 3.300000000000000000e+01
0.000000000000000000e+00 1.351000000000000000e+03
1.000000000000000000e+00 8.200000000000000000e+01
2.000000000000000000e+00 8.800000000000000000e+01
3.000000000000000000e+00 1.720000000000000000e+02
4.000000000000000000e+00 1.000000000000000000e+03
5.000000000000000000e+00 4.823000000000000000e+03
6.000000000000000000e+00 2.617700000000000000e+04
7.000000000000000000e+00 4.827700000000000000e+04
8.000000000000000000e+00 6.764600000000000000e+04
9.000000000000000000e+00 9.709500000000000000e+04
1.000000000000000000e+01 1.370550000000000000e+05
1.100000000000000000e+01 1.890990000000000000e+05
1.200000000000000000e+01 2.592690000000000000e+05
1.300000000000000000e+01 3.542860000000000000e+05
1.400000000000000000e+01 4.771350000000000000e+05
1.500000000000000000e+01 6.349340000000000000e+05
1.600000000000000000e+01 8.267990000000000000e+05
1.700000000000000000e+01 1.066760000000000000e+06
1.800000000000000000e+01 1.331076000000000000e+06
1.900000000000000000e+01 1.597210000000000000e+06
2.000000000000000000e+01 1.841090000000000000e+06
2.100000000000000000e+01 2.044145000000000000e+06
2.200000000000000000e+01 2.185457000000000000e+06
2.300000000000000000e+01 2.224779000000000000e+06
2.400000000000000000e+01 2.155964000000000000e+06
2.500000000000000000e+01 1.964010000000000000e+06
2.600000000000000000e+01 1.681799000000000000e+06
2.700000000000000000e+01 1.343143000000000000e+06
2.800000000000000000e+01 9.813400000000000000e+05
2.900000000000000000e+01 6.521250000000000000e+05
3.000000000000000000e+01 3.846570000000000000e+05
3.100000000000000000e+01 2.024760000000000000e+05
3.200000000000000000e+01 9.432100000000000000e+04
3.300000000000000000e+01 3.935800000000000000e+04
3.400000000000000000e+01 1.557300000000000000e+04
3.500000000000000000e+01 5.947000000000000000e+03
3.600000000000000000e+01 2.088000000000000000e+03
3.700000000000000000e+01 8.390000000000000000e+02
3.800000000000000000e+01 3.700000000000000000e+02
3.900000000000000000e+01 1.560000000000000000e+02
4.000000000000000000e+01 1.460000000000000000e+02
4.100000000000000000e+01 9.200000000000000000e+01
4.200000000000000000e+01 9.500000000000000000e+01
4.300000000000000000e+01 9.200000000000000000e+01
4.400000000000000000e+01 6.300000000000000000e+01
4.500000000000000000e+01 6.900000000000000000e+01
4.600000000000000000e+01 7.400000000000000000e+01
4.700000000000000000e+01 4.000000000000000000e+01
4.800000000000000000e+01 3.600000000000000000e+01
4.900000000000000000e+01 9.400000000000000000e+01
5.000000000000000000e+01 1.700000000000000000e+01
5.100000000000000000e+01 6.900000000000000000e+01
5.200000000000000000e+01 2.000000000000000000e+01
5.300000000000000000e+01 7.600000000000000000e+01
5.400000000000000000e+01 9.000000000000000000e+00
5.500000000000000000e+01 4.900000000000000000e+01
5.600000000000000000e+01 1.200000000000000000e+01
5.700000000000000000e+01 2.700000000000000000e+01
5.800000000000000000e+01 5.000000000000000000e+00
5.900000000000000000e+01 2.600000000000000000e+01
6.000000000000000000e+01 5.000000000000000000e+00
6.100000000000000000e+01 1.000000000000000000e+01
6.200000000000000000e+01 5.000000000000000000e+00
6.300000000000000000e+01 6.000000000000000000e+00
6.400000000000000000e+01 4.000000000000000000e+00
6.500000000000000000e+01 3.000000000000000000e+00
6.800000000000000000e+01 1.000000000000000000e+00
6.900000000000000000e+01 1.000000000000000000e+00
7.000000000000000000e+01 1.000000000000000000e+00
7.200000000000000000e+01 2.000000000000000000e+00
7.300000000000000000e+01 1.000000000000000000e+00
7.500000000000000000e+01 1.000000000000000000e+00
9.000000000000000000e+01 1.000000000000000000e+00
9.100000000000000000e+01 1.000000000000000000e+00
9.400000000000000000e+01 1.000000000000000000e+00
1.000000000000000000e+02 1.000000000000000000e+00
1.020000000000000000e+02 1.000000000000000000e+00
1.030000000000000000e+02 1.000000000000000000e+00
1.040000000000000000e+02 1.000000000000000000e+00
1.070000000000000000e+02 1.000000000000000000e+00
1.190000000000000000e+02 1.000000000000000000e+00
1.260000000000000000e+02 1.000000000000000000e+00
1.420000000000000000e+02 1.000000000000000000e+00
1.490000000000000000e+02 1.000000000000000000e+00
1.510000000000000000e+02 1.000000000000000000e+00
2.380000000000000000e+02 1.000000000000000000e+00
2.490000000000000000e+02 1.000000000000000000e+00
2.760000000000000000e+02 1.000000000000000000e+00
3.170000000000000000e+02 1.000000000000000000e+00
3.400000000000000000e+02 1.000000000000000000e+00
3.560000000000000000e+02 1.000000000000000000e+00
3.670000000000000000e+02 1.000000000000000000e+00
9.790000000000000000e+02 1.000000000000000000e+00
1.377000000000000000e+03 1.000000000000000000e+00
