-4.000000000000000000e+00 4.000000000000000000e+00
-3.000000000000000000e+00 4.000000000000000000e+00
-2.000000000000000000e+00 5.000000000000000000e+00
-1.000000000000000000e+00 3.000000000000000000e+01
0.000000000000000000e+00 1.349000000000000000e+03
1.000000000000000000e+00 6.000000000000000000e+01
2.000000000000000000e+00 8.900000000000000000e+01
3.000000000000000000e+00 1.560000000000000000e+02
4.000000000000000000e+00 1.004000000000000000e+03
5.000000000000000000e+00 6.688000000000000000e+03
6.000000000000000000e+00 4.381400000000000000e+04
7.000000000000000000e+00 7.415700000000000000e+04
8.000000000000000000e+00 8.726300000000000000e+04
9.000000000000000000e+00 9.821500000000000000e+04
1.000000000000000000e+01 1.077760000000000000e+05
1.100000000000000000e+01 1.110030000000000000e+05
1.200000000000000000e+01 1.126570000000000000e+05
1.300000000000000000e+01 1.156940000000000000e+05
1.400000000000000000e+01 1.273200000000000000e+05
1.500000000000000000e+01 1.474320000000000000e+05
1.600000000000000000e+01 1.813530000000000000e+05
1.700000000000000000e+01 2.309980000000000000e+05
1.800000000000000000e+01 2.937410000000000000e+05
1.900000000000000000e+01 3.713810000000000000e+05
2.000000000000000000e+01 4.596600000000000000e+05
2.100000000000000000e+01 5.572840000000000000e+05
2.200000000000000000e+01 6.601000000000000000e+05
2.300000000000000000e+01 7.514600000000000000e+05
2.400000000000000000e+01 8.292990000000000000e+05
2.500000000000000000e+01 8.620630000000000000e+05
2.600000000000000000e+01 8.591400000000000000e+05
2.700000000000000000e+01 8.224760000000000000e+05
2.800000000000000000e+01 7.599630000000000000e+05
2.900000000000000000e+01 6.862710000000000000e+05
3.000000000000000000e+01 6.052900000000000000e+05
3.100000000000000000e+01 5.236040000000000000e+05
3.200000000000000000e+01 4.429050000000000000e+05
3.300000000000000000e+01 3.678490000000000000e+05
3.400000000000000000e+01 2.990030000000000000e+05
3.500000000000000000e+01 2.338250000000000000e+05
3.600000000000000000e+01 1.747730000000000000e+05
3.700000000000000000e+01 1.250890000000000000e+05
3.800000000000000000e+01 8.353700000000000000e+04
3.900000000000000000e+01 5.341000000000000000e+04
4.000000000000000000e+01 3.130600000000000000e+04
4.100000000000000000e+01 1.673300000000000000e+04
4.200000000000000000e+01 8.449000000000000000e+03
4.300000000000000000e+01 3.893000000000000000e+03
4.400000000000000000e+01 1.699000000000000000e+03
4.500000000000000000e+01 7.150000000000000000e+02
4.600000000000000000e+01 3.550000000000000000e+02
4.700000000000000000e+01 1.510000000000000000e+02
4.800000000000000000e+01 7.200000000000000000e+01
4.900000000000000000e+01 5.300000000000000000e+01
5.000000000000000000e+01 3.200000000000000000e+01
5.100000000000000000e+01 5.000000000000000000e+01
5.200000000000000000e+01 1.800000000000000000e+01
5.300000000000000000e+01 3.100000000000000000e+01
5.400000000000000000e+01 1.400000000000000000e+01
5.500000000000000000e+01 3.000000000000000000e+01
5.600000000000000000e+01 1.200000000000000000e+01
5.700000000000000000e+01 2.200000000000000000e+01
5.800000000000000000e+01 8.000000000000000000e+00
5.900000000000000000e+01 2.300000000000000000e+01
6.000000000000000000e+01 8.000000000000000000e+00
6.100000000000000000e+01 1.800000000000000000e+01
6.200000000000000000e+01 1.100000000000000000e+01
6.300000000000000000e+01 1.200000000000000000e+01
6.400000000000000000e+01 1.200000000000000000e+01
6.500000000000000000e+01 8.000000000000000000e+00
6.600000000000000000e+01 1.300000000000000000e+01
6.700000000000000000e+01 8.000000000000000000e+00
6.800000000000000000e+01 5.000000000000000000e+00
6.900000000000000000e+01 8.000000000000000000e+00
7.000000000000000000e+01 8.000000000000000000e+00
7.100000000000000000e+01 3.000000000000000000e+00
7.200000000000000000e+01 1.000000000000000000e+00
7.300000000000000000e+01 3.000000000000000000e+00
7.400000000000000000e+01 3.000000000000000000e+00
7.500000000000000000e+01 1.000000000000000000e+00
7.600000000000000000e+01 4.000000000000000000e+00
7.700000000000000000e+01 2.000000000000000000e+00
7.800000000000000000e+01 3.000000000000000000e+00
7.900000000000000000e+01 1.000000000000000000e+00
8.000000000000000000e+01 2.000000000000000000e+00
8.100000000000000000e+01 2.000000000000000000e+00
8.200000000000000000e+01 3.000000000000000000e+00
1.030000000000000000e+02 1.000000000000000000e+00
1.170000000000000000e+02 1.000000000000000000e+00
1.470000000000000000e+02 1.000000000000000000e+00
1.730000000000000000e+02 1.000000000000000000e+00
1.900000000000000000e+02 1.000000000000000000e+00
2.190000000000000000e+02 1.000000000000000000e+00
3.040000000000000000e+02 1.000000000000000000e+00
4.140000000000000000e+02 1.000000000000000000e+00
5.100000000000000000e+02 1.000000000000000000e+00
6.360000000000000000e+02 1.000000000000000000e+00
