-4.000000000000000000e+00 5.000000000000000000e+00
-3.000000000000000000e+00 3.000000000000000000e+00
-2.000000000000000000e+00 7.000000000000000000e+00
-1.000000000000000000e+00 3.100000000000000000e+01
0.000000000000000000e+00 1.340000000000000000e+03
1.000000000000000000e+00 7.100000000000000000e+01
2.000000000000000000e+00 1.010000000000000000e+02
3.000000000000000000e+00 1.680000000000000000e+02
4.000000000000000000e+00 1.018000000000000000e+03
5.000000000000000000e+00 6.593000000000000000e+03
6.000000000000000000e+00 4.388400000000000000e+04
7.000000000000000000e+00 7.428600000000000000e+04
8.000000000000000000e+00 8.634100000000000000e+04
9.000000000000000000e+00 9.801800000000000000e+04
1.000000000000000000e+01 1.075930000000000000e+05
1.100000000000000000e+01 1.109790000000000000e+05
1.200000000000000000e+01 1.117700000000000000e+05
1.300000000000000000e+01 1.149750000000000000e+05
1.400000000000000000e+01 1.257780000000000000e+05
1.500000000000000000e+01 1.464450000000000000e+05
1.600000000000000000e+01 1.797440000000000000e+05
1.700000000000000000e+01 2.280480000000000000e+05
1.800000000000000000e+01 2.915780000000000000e+05
1.900000000000000000e+01 3.668030000000000000e+05
2.000000000000000000e+01 4.562090000000000000e+05
2.100000000000000000e+01 5.529820000000000000e+05
2.200000000000000000e+01 6.552820000000000000e+05
2.300000000000000000e+01 7.468100000000000000e+05
2.400000000000000000e+01 8.210250000000000000e+05
2.500000000000000000e+01 8.590450000000000000e+05
2.600000000000000000e+01 8.540130000000000000e+05
2.700000000000000000e+01 8.169280000000000000e+05
2.800000000000000000e+01 7.574520000000000000e+05
2.900000000000000000e+01 6.842660000000000000e+05
3.000000000000000000e+01 6.026250000000000000e+05
3.100000000000000000e+01 5.227280000000000000e+05
3.200000000000000000e+01 4.425540000000000000e+05
3.300000000000000000e+01 3.673900000000000000e+05
3.400000000000000000e+01 2.986360000000000000e+05
3.500000000000000000e+01 2.333350000000000000e+05
3.600000000000000000e+01 1.749680000000000000e+05
3.700000000000000000e+01 1.243850000000000000e+05
3.800000000000000000e+01 8.435300000000000000e+04
3.900000000000000000e+01 5.312200000000000000e+04
4.000000000000000000e+01 3.128000000000000000e+04
4.100000000000000000e+01 1.692900000000000000e+04
4.200000000000000000e+01 8.697000000000000000e+03
4.300000000000000000e+01 3.966000000000000000e+03
4.400000000000000000e+01 1.764000000000000000e+03
4.500000000000000000e+01 7.360000000000000000e+02
4.600000000000000000e+01 3.310000000000000000e+02
4.700000000000000000e+01 1.570000000000000000e+02
4.800000000000000000e+01 8.200000000000000000e+01
4.900000000000000000e+01 6.400000000000000000e+01
5.000000000000000000e+01 2.900000000000000000e+01
5.100000000000000000e+01 4.500000000000000000e+01
5.200000000000000000e+01 2.600000000000000000e+01
5.300000000000000000e+01 3.900000000000000000e+01
5.400000000000000000e+01 1.500000000000000000e+01
5.500000000000000000e+01 3.200000000000000000e+01
5.600000000000000000e+01 1.300000000000000000e+01
5.700000000000000000e+01 2.600000000000000000e+01
5.800000000000000000e+01 7.000000000000000000e+00
5.900000000000000000e+01 2.600000000000000000e+01
6.000000000000000000e+01 8.000000000000000000e+00
6.100000000000000000e+01 1.700000000000000000e+01
6.200000000000000000e+01 7.000000000000000000e+00
6.300000000000000000e+01 1.200000000000000000e+01
6.400000000000000000e+01 9.000000000000000000e+00
6.500000000000000000e+01 7.000000000000000000e+00
6.600000000000000000e+01 7.000000000000000000e+00
6.700000000000000000e+01 5.000000000000000000e+00
6.800000000000000000e+01 5.000000000000000000e+00
6.900000000000000000e+01 5.000000000000000000e+00
7.000000000000000000e+01 9.000000000000000000e+00
7.100000000000000000e+01 5.000000000000000000e+00
7.200000000000000000e+01 2.000000000000000000e+00
7.300000000000000000e+01 6.000000000000000000e+00
7.400000000000000000e+01 5.000000000000000000e+00
7.600000000000000000e+01 7.000000000000000000e+00
7.700000000000000000e+01 2.000000000000000000e+00
7.800000000000000000e+01 3.000000000000000000e+00
8.000000000000000000e+01 2.000000000000000000e+00
8.200000000000000000e+01 3.000000000000000000e+00
8.300000000000000000e+01 1.000000000000000000e+00
1.000000000000000000e+02 1.000000000000000000e+00
1.450000000000000000e+02 2.000000000000000000e+00
1.550000000000000000e+02 1.000000000000000000e+00
1.560000000000000000e+02 1.000000000000000000e+00
1.670000000000000000e+02 1.000000000000000000e+00
1.780000000000000000e+02 1.000000000000000000e+00
1.960000000000000000e+02 1.000000000000000000e+00
3.180000000000000000e+02 1.000000000000000000e+00
3.360000000000000000e+02 1.000000000000000000e+00
4.340000000000000000e+02 1.000000000000000000e+00
1.048000000000000000e+03 1.000000000000000000e+00
2.934000000000000000e+03 1.000000000000000000e+00
