-4.000000000000000000e+00 6.000000000000000000e+00
-3.000000000000000000e+00 6.000000000000000000e+00
-2.000000000000000000e+00 1.200000000000000000e+01
-1.000000000000000000e+00 5.000000000000000000e+01
0.000000000000000000e+00 1.329000000000000000e+03
1.000000000000000000e+00 8.200000000000000000e+01
2.000000000000000000e+00 1.270000000000000000e+02
3.000000000000000000e+00 1.860000000000000000e+02
4.000000000000000000e+00 9.430000000000000000e+02
5.000000000000000000e+00 7.239000000000000000e+03
6.000000000000000000e+00 5.079500000000000000e+04
7.000000000000000000e+00 8.838200000000000000e+04
8.000000000000000000e+00 1.063850000000000000e+05
9.000000000000000000e+00 1.257780000000000000e+05
1.000000000000000000e+01 1.448200000000000000e+05
1.100000000000000000e+01 1.584330000000000000e+05
1.200000000000000000e+01 1.675470000000000000e+05
1.300000000000000000e+01 1.738490000000000000e+05
1.400000000000000000e+01 1.821120000000000000e+05
1.500000000000000000e+01 1.934680000000000000e+05
1.600000000000000000e+01 2.106340000000000000e+05
1.700000000000000000e+01 2.384560000000000000e+05
1.800000000000000000e+01 2.766600000000000000e+05
1.900000000000000000e+01 3.232060000000000000e+05
2.000000000000000000e+01 3.803060000000000000e+05
2.100000000000000000e+01 4.501290000000000000e+05
2.200000000000000000e+01 5.251410000000000000e+05
2.300000000000000000e+01 5.918980000000000000e+05
2.400000000000000000e+01 6.456830000000000000e+05
2.500000000000000000e+01 6.686900000000000000e+05
2.600000000000000000e+01 6.621630000000000000e+05
2.700000000000000000e+01 6.320260000000000000e+05
2.800000000000000000e+01 5.906320000000000000e+05
2.900000000000000000e+01 5.438690000000000000e+05
3.000000000000000000e+01 4.994920000000000000e+05
3.100000000000000000e+01 4.562910000000000000e+05
3.200000000000000000e+01 4.184590000000000000e+05
3.300000000000000000e+01 3.850360000000000000e+05
3.400000000000000000e+01 3.550910000000000000e+05
3.500000000000000000e+01 3.268780000000000000e+05
3.600000000000000000e+01 3.015260000000000000e+05
3.700000000000000000e+01 2.764630000000000000e+05
3.800000000000000000e+01 2.537050000000000000e+05
3.900000000000000000e+01 2.298210000000000000e+05
4.000000000000000000e+01 2.064660000000000000e+05
4.100000000000000000e+01 1.828090000000000000e+05
4.200000000000000000e+01 1.593690000000000000e+05
4.300000000000000000e+01 1.362140000000000000e+05
4.400000000000000000e+01 1.139900000000000000e+05
4.500000000000000000e+01 9.205600000000000000e+04
4.600000000000000000e+01 7.210400000000000000e+04
4.700000000000000000e+01 5.452900000000000000e+04
4.800000000000000000e+01 3.923900000000000000e+04
4.900000000000000000e+01 2.680500000000000000e+04
5.000000000000000000e+01 1.754300000000000000e+04
5.100000000000000000e+01 1.087100000000000000e+04
5.200000000000000000e+01 6.495000000000000000e+03
5.300000000000000000e+01 3.801000000000000000e+03
5.400000000000000000e+01 2.024000000000000000e+03
5.500000000000000000e+01 1.069000000000000000e+03
5.600000000000000000e+01 5.990000000000000000e+02
5.700000000000000000e+01 3.030000000000000000e+02
5.800000000000000000e+01 1.510000000000000000e+02
5.900000000000000000e+01 1.030000000000000000e+02
6.000000000000000000e+01 5.800000000000000000e+01
6.100000000000000000e+01 4.700000000000000000e+01
6.200000000000000000e+01 3.000000000000000000e+01
6.300000000000000000e+01 5.100000000000000000e+01
6.400000000000000000e+01 2.300000000000000000e+01
6.500000000000000000e+01 3.000000000000000000e+01
6.600000000000000000e+01 1.700000000000000000e+01
6.700000000000000000e+01 1.800000000000000000e+01
6.800000000000000000e+01 1.300000000000000000e+01
6.900000000000000000e+01 1.900000000000000000e+01
7.000000000000000000e+01 1.900000000000000000e+01
7.100000000000000000e+01 1.200000000000000000e+01
7.200000000000000000e+01 1.500000000000000000e+01
7.300000000000000000e+01 9.000000000000000000e+00
7.400000000000000000e+01 1.300000000000000000e+01
7.500000000000000000e+01 4.000000000000000000e+00
7.600000000000000000e+01 9.000000000000000000e+00
7.700000000000000000e+01 4.000000000000000000e+00
7.800000000000000000e+01 1.200000000000000000e+01
7.900000000000000000e+01 3.000000000000000000e+00
8.000000000000000000e+01 1.300000000000000000e+01
8.200000000000000000e+01 7.000000000000000000e+00
8.300000000000000000e+01 4.000000000000000000e+00
8.400000000000000000e+01 3.000000000000000000e+00
8.500000000000000000e+01 2.000000000000000000e+00
8.600000000000000000e+01 6.000000000000000000e+00
8.900000000000000000e+01 3.000000000000000000e+00
9.000000000000000000e+01 4.000000000000000000e+00
9.100000000000000000e+01 1.000000000000000000e+00
9.200000000000000000e+01 3.000000000000000000e+00
9.300000000000000000e+01 1.000000000000000000e+00
9.400000000000000000e+01 1.000000000000000000e+00
9.500000000000000000e+01 3.000000000000000000e+00
9.600000000000000000e+01 1.000000000000000000e+00
9.800000000000000000e+01 1.000000000000000000e+00
9.900000000000000000e+01 1.000000000000000000e+00
1.010000000000000000e+02 1.000000000000000000e+00
1.030000000000000000e+02 2.000000000000000000e+00
1.110000000000000000e+02 1.000000000000000000e+00
1.740000000000000000e+02 1.000000000000000000e+00
1.950000000000000000e+02 1.000000000000000000e+00
1.481000000000000000e+03 1.000000000000000000e+00
