-4.000000000000000000e+00 7.000000000000000000e+00
-3.000000000000000000e+00 6.000000000000000000e+00
-2.000000000000000000e+00 3.100000000000000000e+01
-1.000000000000000000e+00 9.700000000000000000e+01
0.000000000000000000e+00 1.413000000000000000e+03
1.000000000000000000e+00 2.100000000000000000e+02
2.000000000000000000e+00 2.210000000000000000e+02
3.000000000000000000e+00 4.190000000000000000e+02
4.000000000000000000e+00 2.051000000000000000e+03
5.000000000000000000e+00 1.605100000000000000e+04
6.000000000000000000e+00 1.114540000000000000e+05
7.000000000000000000e+00 1.925700000000000000e+05
8.000000000000000000e+00 2.310810000000000000e+05
9.000000000000000000e+00 2.747450000000000000e+05
1.000000000000000000e+01 3.152340000000000000e+05
1.100000000000000000e+01 3.456680000000000000e+05
1.200000000000000000e+01 3.648850000000000000e+05
1.300000000000000000e+01 3.829450000000000000e+05
1.400000000000000000e+01 3.991330000000000000e+05
1.500000000000000000e+01 4.257950000000000000e+05
1.600000000000000000e+01 4.677780000000000000e+05
1.700000000000000000e+01 5.302210000000000000e+05
1.800000000000000000e+01 6.134500000000000000e+05
1.900000000000000000e+01 7.194250000000000000e+05
2.000000000000000000e+01 8.512140000000000000e+05
2.100000000000000000e+01 1.002048000000000000e+06
2.200000000000000000e+01 1.166518000000000000e+06
2.300000000000000000e+01 1.311920000000000000e+06
2.400000000000000000e+01 1.418782000000000000e+06
2.500000000000000000e+01 1.456660000000000000e+06
2.600000000000000000e+01 1.430616000000000000e+06
2.700000000000000000e+01 1.354158000000000000e+06
2.800000000000000000e+01 1.260105000000000000e+06
2.900000000000000000e+01 1.162916000000000000e+06
3.000000000000000000e+01 1.063790000000000000e+06
3.100000000000000000e+01 9.734460000000000000e+05
3.200000000000000000e+01 8.946880000000000000e+05
3.300000000000000000e+01 8.226850000000000000e+05
3.400000000000000000e+01 7.594080000000000000e+05
3.500000000000000000e+01 7.010950000000000000e+05
3.600000000000000000e+01 6.439980000000000000e+05
3.700000000000000000e+01 5.920910000000000000e+05
3.800000000000000000e+01 5.421810000000000000e+05
3.900000000000000000e+01 4.898230000000000000e+05
4.000000000000000000e+01 4.412360000000000000e+05
4.100000000000000000e+01 3.892970000000000000e+05
4.200000000000000000e+01 3.397460000000000000e+05
4.300000000000000000e+01 2.883910000000000000e+05
4.400000000000000000e+01 2.409220000000000000e+05
4.500000000000000000e+01 1.935830000000000000e+05
4.600000000000000000e+01 1.510560000000000000e+05
4.700000000000000000e+01 1.137780000000000000e+05
4.800000000000000000e+01 8.165600000000000000e+04
4.900000000000000000e+01 5.596100000000000000e+04
5.000000000000000000e+01 3.648300000000000000e+04
5.100000000000000000e+01 2.243900000000000000e+04
5.200000000000000000e+01 1.337700000000000000e+04
5.300000000000000000e+01 7.420000000000000000e+03
5.400000000000000000e+01 4.031000000000000000e+03
5.500000000000000000e+01 2.202000000000000000e+03
5.600000000000000000e+01 1.190000000000000000e+03
5.700000000000000000e+01 6.140000000000000000e+02
5.800000000000000000e+01 3.040000000000000000e+02
5.900000000000000000e+01 2.270000000000000000e+02
6.000000000000000000e+01 1.180000000000000000e+02
6.100000000000000000e+01 9.900000000000000000e+01
6.200000000000000000e+01 7.100000000000000000e+01
6.300000000000000000e+01 6.800000000000000000e+01
6.400000000000000000e+01 4.100000000000000000e+01
6.500000000000000000e+01 4.300000000000000000e+01
6.600000000000000000e+01 4.500000000000000000e+01
6.700000000000000000e+01 3.500000000000000000e+01
6.800000000000000000e+01 4.600000000000000000e+01
6.900000000000000000e+01 3.300000000000000000e+01
7.000000000000000000e+01 2.300000000000000000e+01
7.100000000000000000e+01 2.100000000000000000e+01
7.200000000000000000e+01 2.900000000000000000e+01
7.300000000000000000e+01 2.200000000000000000e+01
7.400000000000000000e+01 2.500000000000000000e+01
7.500000000000000000e+01 8.000000000000000000e+00
7.600000000000000000e+01 3.200000000000000000e+01
7.700000000000000000e+01 1.100000000000000000e+01
7.800000000000000000e+01 2.500000000000000000e+01
7.900000000000000000e+01 5.000000000000000000e+00
8.000000000000000000e+01 2.300000000000000000e+01
8.100000000000000000e+01 3.000000000000000000e+00
8.200000000000000000e+01 1.400000000000000000e+01
8.300000000000000000e+01 3.000000000000000000e+00
8.400000000000000000e+01 1.600000000000000000e+01
8.500000000000000000e+01 5.000000000000000000e+00
8.600000000000000000e+01 1.500000000000000000e+01
8.700000000000000000e+01 1.200000000000000000e+01
8.800000000000000000e+01 8.000000000000000000e+00
8.900000000000000000e+01 9.000000000000000000e+00
9.000000000000000000e+01 6.000000000000000000e+00
9.100000000000000000e+01 3.000000000000000000e+00
9.200000000000000000e+01 5.000000000000000000e+00
9.300000000000000000e+01 3.000000000000000000e+00
9.400000000000000000e+01 3.000000000000000000e+00
9.500000000000000000e+01 3.000000000000000000e+00
9.600000000000000000e+01 3.000000000000000000e+00
9.700000000000000000e+01 2.000000000000000000e+00
9.800000000000000000e+01 3.000000000000000000e+00
9.900000000000000000e+01 2.000000000000000000e+00
1.010000000000000000e+02 1.000000000000000000e+00
1.030000000000000000e+02 1.000000000000000000e+00
1.050000000000000000e+02 2.000000000000000000e+00
1.080000000000000000e+02 1.000000000000000000e+00
1.310000000000000000e+02 1.000000000000000000e+00
1.360000000000000000e+02 1.000000000000000000e+00
1.400000000000000000e+02 1.000000000000000000e+00
1.530000000000000000e+02 1.000000000000000000e+00
1.610000000000000000e+02 1.000000000000000000e+00
1.850000000000000000e+02 1.000000000000000000e+00
1.960000000000000000e+02 1.000000000000000000e+00
2.360000000000000000e+02 1.000000000000000000e+00
