-4.000000000000000000e+00 3.000000000000000000e+00
-3.000000000000000000e+00 5.000000000000000000e+00
-2.000000000000000000e+00 1.500000000000000000e+01
-1.000000000000000000e+00 5.700000000000000000e+01
0.000000000000000000e+00 1.359000000000000000e+03
1.000000000000000000e+00 1.230000000000000000e+02
2.000000000000000000e+00 1.700000000000000000e+02
3.000000000000000000e+00 2.920000000000000000e+02
4.000000000000000000e+00 1.652000000000000000e+03
5.000000000000000000e+00 1.129200000000000000e+04
6.000000000000000000e+00 7.583800000000000000e+04
7.000000000000000000e+00 1.323940000000000000e+05
8.000000000000000000e+00 1.588920000000000000e+05
9.000000000000000000e+00 1.895530000000000000e+05
1.000000000000000000e+01 2.177890000000000000e+05
1.100000000000000000e+01 2.384880000000000000e+05
1.200000000000000000e+01 2.503200000000000000e+05
1.300000000000000000e+01 2.579510000000000000e+05
1.400000000000000000e+01 2.664780000000000000e+05
1.500000000000000000e+01 2.772920000000000000e+05
1.600000000000000000e+01 2.969800000000000000e+05
1.700000000000000000e+01 3.288360000000000000e+05
1.800000000000000000e+01 3.748530000000000000e+05
1.900000000000000000e+01 4.328530000000000000e+05
2.000000000000000000e+01 5.071050000000000000e+05
2.100000000000000000e+01 6.005950000000000000e+05
2.200000000000000000e+01 7.051070000000000000e+05
2.300000000000000000e+01 8.016630000000000000e+05
2.400000000000000000e+01 8.820490000000000000e+05
2.500000000000000000e+01 9.235370000000000000e+05
2.600000000000000000e+01 9.229490000000000000e+05
2.700000000000000000e+01 8.892460000000000000e+05
2.800000000000000000e+01 8.396650000000000000e+05
2.900000000000000000e+01 7.848400000000000000e+05
3.000000000000000000e+01 7.282900000000000000e+05
3.100000000000000000e+01 6.734920000000000000e+05
3.200000000000000000e+01 6.265910000000000000e+05
3.300000000000000000e+01 5.820040000000000000e+05
3.400000000000000000e+01 5.417350000000000000e+05
3.500000000000000000e+01 5.048780000000000000e+05
3.600000000000000000e+01 4.692330000000000000e+05
3.700000000000000000e+01 4.335610000000000000e+05
3.800000000000000000e+01 3.998020000000000000e+05
3.900000000000000000e+01 3.659830000000000000e+05
4.000000000000000000e+01 3.304330000000000000e+05
4.100000000000000000e+01 2.962950000000000000e+05
4.200000000000000000e+01 2.590040000000000000e+05
4.300000000000000000e+01 2.232790000000000000e+05
4.400000000000000000e+01 1.873070000000000000e+05
4.500000000000000000e+01 1.525150000000000000e+05
4.600000000000000000e+01 1.206550000000000000e+05
4.700000000000000000e+01 9.207900000000000000e+04
4.800000000000000000e+01 6.639900000000000000e+04
4.900000000000000000e+01 4.622000000000000000e+04
5.000000000000000000e+01 3.047800000000000000e+04
5.100000000000000000e+01 1.929200000000000000e+04
5.200000000000000000e+01 1.151000000000000000e+04
5.300000000000000000e+01 6.496000000000000000e+03
5.400000000000000000e+01 3.535000000000000000e+03
5.500000000000000000e+01 1.987000000000000000e+03
5.600000000000000000e+01 9.520000000000000000e+02
5.700000000000000000e+01 5.520000000000000000e+02
5.800000000000000000e+01 2.640000000000000000e+02
5.900000000000000000e+01 1.610000000000000000e+02
6.000000000000000000e+01 6.900000000000000000e+01
6.100000000000000000e+01 8.300000000000000000e+01
6.200000000000000000e+01 4.800000000000000000e+01
6.300000000000000000e+01 3.900000000000000000e+01
6.400000000000000000e+01 3.800000000000000000e+01
6.500000000000000000e+01 3.200000000000000000e+01
6.600000000000000000e+01 2.600000000000000000e+01
6.700000000000000000e+01 3.000000000000000000e+01
6.800000000000000000e+01 1.200000000000000000e+01
6.900000000000000000e+01 1.600000000000000000e+01
7.000000000000000000e+01 1.400000000000000000e+01
7.100000000000000000e+01 1.900000000000000000e+01
7.200000000000000000e+01 1.300000000000000000e+01
7.300000000000000000e+01 1.100000000000000000e+01
7.400000000000000000e+01 1.300000000000000000e+01
7.500000000000000000e+01 8.000000000000000000e+00
7.600000000000000000e+01 1.800000000000000000e+01
7.700000000000000000e+01 1.500000000000000000e+01
7.800000000000000000e+01 2.100000000000000000e+01
7.900000000000000000e+01 3.000000000000000000e+00
8.000000000000000000e+01 1.600000000000000000e+01
8.100000000000000000e+01 4.000000000000000000e+00
8.200000000000000000e+01 1.600000000000000000e+01
8.300000000000000000e+01 5.000000000000000000e+00
8.400000000000000000e+01 1.100000000000000000e+01
8.500000000000000000e+01 5.000000000000000000e+00
8.600000000000000000e+01 8.000000000000000000e+00
8.700000000000000000e+01 4.000000000000000000e+00
8.800000000000000000e+01 1.000000000000000000e+01
8.900000000000000000e+01 7.000000000000000000e+00
9.000000000000000000e+01 7.000000000000000000e+00
9.100000000000000000e+01 1.000000000000000000e+00
9.200000000000000000e+01 4.000000000000000000e+00
9.300000000000000000e+01 3.000000000000000000e+00
9.400000000000000000e+01 1.000000000000000000e+00
9.500000000000000000e+01 2.000000000000000000e+00
9.600000000000000000e+01 4.000000000000000000e+00
9.700000000000000000e+01 1.000000000000000000e+00
9.800000000000000000e+01 3.000000000000000000e+00
9.900000000000000000e+01 1.000000000000000000e+00
1.010000000000000000e+02 1.000000000000000000e+00
1.050000000000000000e+02 1.000000000000000000e+00
1.070000000000000000e+02 1.000000000000000000e+00
1.260000000000000000e+02 1.000000000000000000e+00
1.270000000000000000e+02 1.000000000000000000e+00
1.460000000000000000e+02 1.000000000000000000e+00
1.750000000000000000e+02 1.000000000000000000e+00
2.150000000000000000e+02 1.000000000000000000e+00
2.320000000000000000e+02 1.000000000000000000e+00
2.570000000000000000e+02 1.000000000000000000e+00
5.290000000000000000e+02 1.000000000000000000e+00
1.227000000000000000e+03 1.000000000000000000e+00
1.602000000000000000e+03 1.000000000000000000e+00
