-4.000000000000000000e+00 3.000000000000000000e+00
-3.000000000000000000e+00 5.000000000000000000e+00
-2.000000000000000000e+00 1.600000000000000000e+01
-1.000000000000000000e+00 5.200000000000000000e+01
0.000000000000000000e+00 1.356000000000000000e+03
1.000000000000000000e+00 1.080000000000000000e+02
2.000000000000000000e+00 1.640000000000000000e+02
3.000000000000000000e+00 2.770000000000000000e+02
4.000000000000000000e+00 1.545000000000000000e+03
5.000000000000000000e+00 1.123600000000000000e+04
6.000000000000000000e+00 7.587400000000000000e+04
7.000000000000000000e+00 1.325030000000000000e+05
8.000000000000000000e+00 1.591040000000000000e+05
9.000000000000000000e+00 1.885040000000000000e+05
1.000000000000000000e+01 2.181220000000000000e+05
1.100000000000000000e+01 2.378590000000000000e+05
1.200000000000000000e+01 2.500240000000000000e+05
1.300000000000000000e+01 2.583410000000000000e+05
1.400000000000000000e+01 2.658930000000000000e+05
1.500000000000000000e+01 2.782680000000000000e+05
1.600000000000000000e+01 2.964630000000000000e+05
1.700000000000000000e+01 3.298420000000000000e+05
1.800000000000000000e+01 3.734950000000000000e+05
1.900000000000000000e+01 4.329570000000000000e+05
2.000000000000000000e+01 5.092540000000000000e+05
2.100000000000000000e+01 6.009730000000000000e+05
2.200000000000000000e+01 7.042730000000000000e+05
2.300000000000000000e+01 7.995070000000000000e+05
2.400000000000000000e+01 8.828150000000000000e+05
2.500000000000000000e+01 9.244480000000000000e+05
2.600000000000000000e+01 9.240270000000000000e+05
2.700000000000000000e+01 8.906970000000000000e+05
2.800000000000000000e+01 8.394060000000000000e+05
2.900000000000000000e+01 7.862350000000000000e+05
3.000000000000000000e+01 7.286820000000000000e+05
3.100000000000000000e+01 6.743170000000000000e+05
3.200000000000000000e+01 6.266860000000000000e+05
3.300000000000000000e+01 5.816900000000000000e+05
3.400000000000000000e+01 5.432600000000000000e+05
3.500000000000000000e+01 5.075490000000000000e+05
3.600000000000000000e+01 4.703660000000000000e+05
3.700000000000000000e+01 4.346600000000000000e+05
3.800000000000000000e+01 3.999480000000000000e+05
3.900000000000000000e+01 3.663930000000000000e+05
4.000000000000000000e+01 3.312920000000000000e+05
4.100000000000000000e+01 2.951980000000000000e+05
4.200000000000000000e+01 2.595590000000000000e+05
4.300000000000000000e+01 2.232160000000000000e+05
4.400000000000000000e+01 1.878260000000000000e+05
4.500000000000000000e+01 1.524700000000000000e+05
4.600000000000000000e+01 1.209290000000000000e+05
4.700000000000000000e+01 9.165000000000000000e+04
4.800000000000000000e+01 6.680000000000000000e+04
4.900000000000000000e+01 4.623200000000000000e+04
5.000000000000000000e+01 3.057400000000000000e+04
5.100000000000000000e+01 1.928600000000000000e+04
5.200000000000000000e+01 1.126200000000000000e+04
5.300000000000000000e+01 6.651000000000000000e+03
5.400000000000000000e+01 3.541000000000000000e+03
5.500000000000000000e+01 1.944000000000000000e+03
5.600000000000000000e+01 1.049000000000000000e+03
5.700000000000000000e+01 5.400000000000000000e+02
5.800000000000000000e+01 2.550000000000000000e+02
5.900000000000000000e+01 1.770000000000000000e+02
6.000000000000000000e+01 8.700000000000000000e+01
6.100000000000000000e+01 7.600000000000000000e+01
6.200000000000000000e+01 4.500000000000000000e+01
6.300000000000000000e+01 5.000000000000000000e+01
6.400000000000000000e+01 2.100000000000000000e+01
6.500000000000000000e+01 3.200000000000000000e+01
6.600000000000000000e+01 3.300000000000000000e+01
6.700000000000000000e+01 1.900000000000000000e+01
6.800000000000000000e+01 2.300000000000000000e+01
6.900000000000000000e+01 2.100000000000000000e+01
7.000000000000000000e+01 1.800000000000000000e+01
7.100000000000000000e+01 2.200000000000000000e+01
7.200000000000000000e+01 1.800000000000000000e+01
7.300000000000000000e+01 1.700000000000000000e+01
7.400000000000000000e+01 1.400000000000000000e+01
7.500000000000000000e+01 1.000000000000000000e+01
7.600000000000000000e+01 1.600000000000000000e+01
7.700000000000000000e+01 6.000000000000000000e+00
7.800000000000000000e+01 1.200000000000000000e+01
7.900000000000000000e+01 4.000000000000000000e+00
8.000000000000000000e+01 1.100000000000000000e+01
8.100000000000000000e+01 7.000000000000000000e+00
8.200000000000000000e+01 7.000000000000000000e+00
8.300000000000000000e+01 4.000000000000000000e+00
8.400000000000000000e+01 6.000000000000000000e+00
8.500000000000000000e+01 3.000000000000000000e+00
8.600000000000000000e+01 1.300000000000000000e+01
8.700000000000000000e+01 1.000000000000000000e+00
8.800000000000000000e+01 5.000000000000000000e+00
8.900000000000000000e+01 8.000000000000000000e+00
9.000000000000000000e+01 5.000000000000000000e+00
9.100000000000000000e+01 4.000000000000000000e+00
9.200000000000000000e+01 1.000000000000000000e+00
9.300000000000000000e+01 1.000000000000000000e+00
9.400000000000000000e+01 2.000000000000000000e+00
9.500000000000000000e+01 5.000000000000000000e+00
9.600000000000000000e+01 2.000000000000000000e+00
9.700000000000000000e+01 3.000000000000000000e+00
9.800000000000000000e+01 2.000000000000000000e+00
9.900000000000000000e+01 1.000000000000000000e+00
1.010000000000000000e+02 1.000000000000000000e+00
1.030000000000000000e+02 1.000000000000000000e+00
1.050000000000000000e+02 1.000000000000000000e+00
1.070000000000000000e+02 1.000000000000000000e+00
1.090000000000000000e+02 1.000000000000000000e+00
1.100000000000000000e+02 2.000000000000000000e+00
1.150000000000000000e+02 1.000000000000000000e+00
1.190000000000000000e+02 1.000000000000000000e+00
1.230000000000000000e+02 1.000000000000000000e+00
1.490000000000000000e+02 1.000000000000000000e+00
1.780000000000000000e+02 1.000000000000000000e+00
2.190000000000000000e+02 1.000000000000000000e+00
2.310000000000000000e+02 1.000000000000000000e+00
3.640000000000000000e+02 1.000000000000000000e+00
4.380000000000000000e+02 1.000000000000000000e+00
6.110000000000000000e+02 1.000000000000000000e+00
