-4.000000000000000000e+00 5.000000000000000000e+00
-3.000000000000000000e+00 1.000000000000000000e+00
-2.000000000000000000e+00 1.100000000000000000e+01
-1.000000000000000000e+00 2.800000000000000000e+01
0.000000000000000000e+00 1.341000000000000000e+03
1.000000000000000000e+00 6.600000000000000000e+01
2.000000000000000000e+00 6.400000000000000000e+01
3.000000000000000000e+00 1.540000000000000000e+02
4.000000000000000000e+00 9.730000000000000000e+02
5.000000000000000000e+00 6.587000000000000000e+03
6.000000000000000000e+00 4.387600000000000000e+04
7.000000000000000000e+00 7.403900000000000000e+04
8.000000000000000000e+00 8.689800000000000000e+04
9.000000000000000000e+00 9.853900000000000000e+04
1.000000000000000000e+01 1.077760000000000000e+05
1.100000000000000000e+01 1.111240000000000000e+05
1.200000000000000000e+01 1.124860000000000000e+05
1.300000000000000000e+01 1.157840000000000000e+05
1.400000000000000000e+01 1.265520000000000000e+05
1.500000000000000000e+01 1.478310000000000000e+05
1.600000000000000000e+01 1.809120000000000000e+05
1.700000000000000000e+01 2.305480000000000000e+05
1.800000000000000000e+01 2.941080000000000000e+05
1.900000000000000000e+01 3.710000000000000000e+05
2.000000000000000000e+01 4.583010000000000000e+05
2.100000000000000000e+01 5.559440000000000000e+05
2.200000000000000000e+01 6.585730000000000000e+05
2.300000000000000000e+01 7.515200000000000000e+05
2.400000000000000000e+01 8.231190000000000000e+05
2.500000000000000000e+01 8.590540000000000000e+05
2.600000000000000000e+01 8.559540000000000000e+05
2.700000000000000000e+01 8.178650000000000000e+05
2.800000000000000000e+01 7.572420000000000000e+05
2.900000000000000000e+01 6.831010000000000000e+05
3.000000000000000000e+01 6.008090000000000000e+05
3.100000000000000000e+01 5.210850000000000000e+05
3.200000000000000000e+01 4.422360000000000000e+05
3.300000000000000000e+01 3.657930000000000000e+05
3.400000000000000000e+01 2.971770000000000000e+05
3.500000000000000000e+01 2.334540000000000000e+05
3.600000000000000000e+01 1.733770000000000000e+05
3.700000000000000000e+01 1.237400000000000000e+05
3.800000000000000000e+01 8.330600000000000000e+04
3.900000000000000000e+01 5.234700000000000000e+04
4.000000000000000000e+01 3.096900000000000000e+04
4.100000000000000000e+01 1.690200000000000000e+04
4.200000000000000000e+01 8.414000000000000000e+03
4.300000000000000000e+01 3.943000000000000000e+03
4.400000000000000000e+01 1.659000000000000000e+03
4.500000000000000000e+01 7.250000000000000000e+02
4.600000000000000000e+01 3.320000000000000000e+02
4.700000000000000000e+01 1.660000000000000000e+02
4.800000000000000000e+01 7.500000000000000000e+01
4.900000000000000000e+01 6.800000000000000000e+01
5.000000000000000000e+01 3.600000000000000000e+01
5.100000000000000000e+01 4.200000000000000000e+01
5.200000000000000000e+01 1.400000000000000000e+01
5.300000000000000000e+01 3.100000000000000000e+01
5.400000000000000000e+01 1.300000000000000000e+01
5.500000000000000000e+01 2.500000000000000000e+01
5.600000000000000000e+01 1.200000000000000000e+01
5.700000000000000000e+01 2.400000000000000000e+01
5.800000000000000000e+01 1.200000000000000000e+01
5.900000000000000000e+01 2.000000000000000000e+01
6.000000000000000000e+01 6.000000000000000000e+00
6.100000000000000000e+01 1.400000000000000000e+01
6.200000000000000000e+01 7.000000000000000000e+00
6.300000000000000000e+01 1.400000000000000000e+01
6.400000000000000000e+01 8.000000000000000000e+00
6.500000000000000000e+01 1.200000000000000000e+01
6.600000000000000000e+01 8.000000000000000000e+00
6.700000000000000000e+01 1.200000000000000000e+01
6.800000000000000000e+01 5.000000000000000000e+00
6.900000000000000000e+01 6.000000000000000000e+00
7.000000000000000000e+01 7.000000000000000000e+00
7.100000000000000000e+01 4.000000000000000000e+00
7.200000000000000000e+01 5.000000000000000000e+00
7.300000000000000000e+01 4.000000000000000000e+00
7.400000000000000000e+01 2.000000000000000000e+00
7.600000000000000000e+01 2.000000000000000000e+00
7.700000000000000000e+01 1.000000000000000000e+00
7.800000000000000000e+01 3.000000000000000000e+00
7.900000000000000000e+01 1.000000000000000000e+00
8.000000000000000000e+01 1.000000000000000000e+00
8.100000000000000000e+01 1.000000000000000000e+00
8.400000000000000000e+01 3.000000000000000000e+00
8.600000000000000000e+01 1.000000000000000000e+00
8.700000000000000000e+01 1.000000000000000000e+00
9.300000000000000000e+01 1.000000000000000000e+00
1.070000000000000000e+02 1.000000000000000000e+00
1.110000000000000000e+02 1.000000000000000000e+00
1.240000000000000000e+02 1.000000000000000000e+00
1.440000000000000000e+02 1.000000000000000000e+00
1.980000000000000000e+02 1.000000000000000000e+00
2.150000000000000000e+02 1.000000000000000000e+00
3.250000000000000000e+02 1.000000000000000000e+00
3.560000000000000000e+02 1.000000000000000000e+00
3.690000000000000000e+02 1.000000000000000000e+00
3.820000000000000000e+02 1.000000000000000000e+00
6.150000000000000000e+02 1.000000000000000000e+00
1.152000000000000000e+03 1.000000000000000000e+00
2.222000000000000000e+03 1.000000000000000000e+00
