-3.000000000000000000e+00 1.000000000000000000e+00
-2.000000000000000000e+00 4.000000000000000000e+00
-1.000000000000000000e+00 1.100000000000000000e+01
0.000000000000000000e+00 1.320000000000000000e+03
1.000000000000000000e+00 2.700000000000000000e+01
2.000000000000000000e+00 5.300000000000000000e+01
3.000000000000000000e+00 6.600000000000000000e+01
4.000000000000000000e+00 6.650000000000000000e+02
5.000000000000000000e+00 3.025000000000000000e+03
6.000000000000000000e+00 1.432500000000000000e+04
7.000000000000000000e+00 2.622300000000000000e+04
8.000000000000000000e+00 3.684000000000000000e+04
9.000000000000000000e+00 5.266900000000000000e+04
1.000000000000000000e+01 7.489700000000000000e+04
1.100000000000000000e+01 1.026110000000000000e+05
1.200000000000000000e+01 1.414070000000000000e+05
1.300000000000000000e+01 1.931770000000000000e+05
1.400000000000000000e+01 2.615740000000000000e+05
1.500000000000000000e+01 3.453160000000000000e+05
1.600000000000000000e+01 4.507520000000000000e+05
1.700000000000000000e+01 5.813110000000000000e+05
1.800000000000000000e+01 7.265000000000000000e+05
1.900000000000000000e+01 8.730040000000000000e+05
2.000000000000000000e+01 1.009477000000000000e+06
2.100000000000000000e+01 1.123017000000000000e+06
2.200000000000000000e+01 1.206154000000000000e+06
2.300000000000000000e+01 1.236262000000000000e+06
2.400000000000000000e+01 1.205905000000000000e+06
2.500000000000000000e+01 1.106521000000000000e+06
2.600000000000000000e+01 9.549720000000000000e+05
2.700000000000000000e+01 7.633520000000000000e+05
2.800000000000000000e+01 5.602710000000000000e+05
2.900000000000000000e+01 3.722110000000000000e+05
3.000000000000000000e+01 2.195860000000000000e+05
3.100000000000000000e+01 1.161900000000000000e+05
3.200000000000000000e+01 5.368500000000000000e+04
3.300000000000000000e+01 2.232600000000000000e+04
3.400000000000000000e+01 8.841000000000000000e+03
3.500000000000000000e+01 3.326000000000000000e+03
3.600000000000000000e+01 1.244000000000000000e+03
3.700000000000000000e+01 4.510000000000000000e+02
3.800000000000000000e+01 1.900000000000000000e+02
3.900000000000000000e+01 9.300000000000000000e+01
4.000000000000000000e+01 5.100000000000000000e+01
4.100000000000000000e+01 3.200000000000000000e+01
4.200000000000000000e+01 3.300000000000000000e+01
4.300000000000000000e+01 3.300000000000000000e+01
4.400000000000000000e+01 2.600000000000000000e+01
4.500000000000000000e+01 1.800000000000000000e+01
4.600000000000000000e+01 2.100000000000000000e+01
4.700000000000000000e+01 1.200000000000000000e+01
4.800000000000000000e+01 8.000000000000000000e+00
4.900000000000000000e+01 4.300000000000000000e+01
5.000000000000000000e+01 8.000000000000000000e+00
5.100000000000000000e+01 2.500000000000000000e+01
5.200000000000000000e+01 5.000000000000000000e+00
5.300000000000000000e+01 1.300000000000000000e+01
5.400000000000000000e+01 5.000000000000000000e+00
5.500000000000000000e+01 1.700000000000000000e+01
5.600000000000000000e+01 7.000000000000000000e+00
5.700000000000000000e+01 1.000000000000000000e+01
5.800000000000000000e+01 1.000000000000000000e+00
5.900000000000000000e+01 1.100000000000000000e+01
6.000000000000000000e+01 1.000000000000000000e+00
6.100000000000000000e+01 8.000000000000000000e+00
6.200000000000000000e+01 2.000000000000000000e+00
6.300000000000000000e+01 2.000000000000000000e+00
6.400000000000000000e+01 1.000000000000000000e+00
6.500000000000000000e+01 2.000000000000000000e+00
6.700000000000000000e+01 1.000000000000000000e+00
6.800000000000000000e+01 1.000000000000000000e+00
7.000000000000000000e+01 1.000000000000000000e+00
7.700000000000000000e+01 1.000000000000000000e+00
8.100000000000000000e+01 1.000000000000000000e+00
8.600000000000000000e+01 1.000000000000000000e+00
1.050000000000000000e+02 1.000000000000000000e+00
1.070000000000000000e+02 1.000000000000000000e+00
1.090000000000000000e+02 1.000000000000000000e+00
1.100000000000000000e+02 1.000000000000000000e+00
1.330000000000000000e+02 1.000000000000000000e+00
1.660000000000000000e+02 1.000000000000000000e+00
1.980000000000000000e+02 1.000000000000000000e+00
2.200000000000000000e+02 1.000000000000000000e+00
3.120000000000000000e+02 1.000000000000000000e+00
5.560000000000000000e+02 1.000000000000000000e+00
2.277000000000000000e+03 1.000000000000000000e+00
