-4.000000000000000000e+00 1.000000000000000000e+00
-3.000000000000000000e+00 1.000000000000000000e+00
-2.000000000000000000e+00 4.000000000000000000e+00
-1.000000000000000000e+00 9.000000000000000000e+00
0.000000000000000000e+00 1.326000000000000000e+03
1.000000000000000000e+00 1.700000000000000000e+01
2.000000000000000000e+00 2.500000000000000000e+01
3.000000000000000000e+00 6.700000000000000000e+01
4.000000000000000000e+00 4.810000000000000000e+02
5.000000000000000000e+00 2.481000000000000000e+03
6.000000000000000000e+00 1.335800000000000000e+04
7.000000000000000000e+00 2.515500000000000000e+04
8.000000000000000000e+00 3.612000000000000000e+04
9.000000000000000000e+00 5.157800000000000000e+04
1.000000000000000000e+01 7.245700000000000000e+04
1.100000000000000000e+01 1.001220000000000000e+05
1.200000000000000000e+01 1.361500000000000000e+05
1.300000000000000000e+01 1.831970000000000000e+05
1.400000000000000000e+01 2.429630000000000000e+05
1.500000000000000000e+01 3.167260000000000000e+05
1.600000000000000000e+01 4.018450000000000000e+05
1.700000000000000000e+01 5.065670000000000000e+05
1.800000000000000000e+01 6.165500000000000000e+05
1.900000000000000000e+01 7.161520000000000000e+05
2.000000000000000000e+01 7.870620000000000000e+05
2.100000000000000000e+01 8.119180000000000000e+05
2.200000000000000000e+01 7.755700000000000000e+05
2.300000000000000000e+01 6.717640000000000000e+05
2.400000000000000000e+01 5.178240000000000000e+05
2.500000000000000000e+01 3.442900000000000000e+05
2.600000000000000000e+01 1.959470000000000000e+05
2.700000000000000000e+01 9.895000000000000000e+04
2.800000000000000000e+01 4.654200000000000000e+04
2.900000000000000000e+01 2.236400000000000000e+04
3.000000000000000000e+01 1.059000000000000000e+04
3.100000000000000000e+01 5.123000000000000000e+03
3.200000000000000000e+01 2.244000000000000000e+03
3.300000000000000000e+01 9.630000000000000000e+02
3.400000000000000000e+01 3.590000000000000000e+02
3.500000000000000000e+01 1.340000000000000000e+02
3.600000000000000000e+01 4.500000000000000000e+01
3.700000000000000000e+01 2.400000000000000000e+01
3.800000000000000000e+01 1.600000000000000000e+01
3.900000000000000000e+01 1.200000000000000000e+01
4.000000000000000000e+01 1.800000000000000000e+01
4.100000000000000000e+01 1.500000000000000000e+01
4.200000000000000000e+01 1.400000000000000000e+01
4.300000000000000000e+01 7.000000000000000000e+00
4.400000000000000000e+01 9.000000000000000000e+00
4.500000000000000000e+01 6.000000000000000000e+00
4.600000000000000000e+01 7.000000000000000000e+00
4.700000000000000000e+01 5.000000000000000000e+00
4.800000000000000000e+01 1.000000000000000000e+00
4.900000000000000000e+01 5.000000000000000000e+00
5.100000000000000000e+01 4.000000000000000000e+00
5.200000000000000000e+01 2.000000000000000000e+00
5.300000000000000000e+01 7.000000000000000000e+00
5.400000000000000000e+01 1.000000000000000000e+00
5.900000000000000000e+01 1.000000000000000000e+00
6.000000000000000000e+01 2.000000000000000000e+00
6.200000000000000000e+01 1.000000000000000000e+00
6.300000000000000000e+01 1.000000000000000000e+00
7.500000000000000000e+01 1.000000000000000000e+00
8.900000000000000000e+01 1.000000000000000000e+00
9.100000000000000000e+01 1.000000000000000000e+00
9.200000000000000000e+01 1.000000000000000000e+00
9.300000000000000000e+01 1.000000000000000000e+00
9.400000000000000000e+01 1.000000000000000000e+00
1.020000000000000000e+02 1.000000000000000000e+00
1.030000000000000000e+02 1.000000000000000000e+00
1.060000000000000000e+02 1.000000000000000000e+00
1.070000000000000000e+02 1.000000000000000000e+00
1.090000000000000000e+02 1.000000000000000000e+00
1.200000000000000000e+02 1.000000000000000000e+00
1.250000000000000000e+02 1.000000000000000000e+00
1.260000000000000000e+02 1.000000000000000000e+00
1.280000000000000000e+02 1.000000000000000000e+00
1.380000000000000000e+02 1.000000000000000000e+00
1.470000000000000000e+02 1.000000000000000000e+00
1.590000000000000000e+02 2.000000000000000000e+00
1.600000000000000000e+02 1.000000000000000000e+00
1.630000000000000000e+02 1.000000000000000000e+00
1.760000000000000000e+02 2.000000000000000000e+00
1.800000000000000000e+02 1.000000000000000000e+00
1.850000000000000000e+02 1.000000000000000000e+00
1.870000000000000000e+02 1.000000000000000000e+00
2.190000000000000000e+02 1.000000000000000000e+00
2.780000000000000000e+02 1.000000000000000000e+00
3.660000000000000000e+02 1.000000000000000000e+00
4.080000000000000000e+02 1.000000000000000000e+00
4.380000000000000000e+02 1.000000000000000000e+00
4.500000000000000000e+02 1.000000000000000000e+00
4.650000000000000000e+02 1.000000000000000000e+00
7.730000000000000000e+02 1.000000000000000000e+00
9.630000000000000000e+02 1.000000000000000000e+00
1.318000000000000000e+03 1.000000000000000000e+00
1.505000000000000000e+03 1.000000000000000000e+00
1.576000000000000000e+03 1.000000000000000000e+00
3.215000000000000000e+03 1.000000000000000000e+00
