-4.000000000000000000e+00 3.000000000000000000e+00
-3.000000000000000000e+00 2.000000000000000000e+00
-2.000000000000000000e+00 6.000000000000000000e+00
-1.000000000000000000e+00 2.500000000000000000e+01
0.000000000000000000e+00 1.346000000000000000e+03
1.000000000000000000e+00 5.500000000000000000e+01
2.000000000000000000e+00 7.400000000000000000e+01
3.000000000000000000e+00 1.410000000000000000e+02
4.000000000000000000e+00 7.470000000000000000e+02
5.000000000000000000e+00 4.143000000000000000e+03
6.000000000000000000e+00 2.434800000000000000e+04
7.000000000000000000e+00 4.578900000000000000e+04
8.000000000000000000e+00 6.466500000000000000e+04
9.000000000000000000e+00 9.430300000000000000e+04
1.000000000000000000e+01 1.332430000000000000e+05
1.100000000000000000e+01 1.846330000000000000e+05
1.200000000000000000e+01 2.523960000000000000e+05
1.300000000000000000e+01 3.435230000000000000e+05
1.400000000000000000e+01 4.579860000000000000e+05
1.500000000000000000e+01 5.957670000000000000e+05
1.600000000000000000e+01 7.649350000000000000e+05
1.700000000000000000e+01 9.698080000000000000e+05
1.800000000000000000e+01 1.190452000000000000e+06
1.900000000000000000e+01 1.395444000000000000e+06
2.000000000000000000e+01 1.553088000000000000e+06
2.100000000000000000e+01 1.634307000000000000e+06
2.200000000000000000e+01 1.602639000000000000e+06
2.300000000000000000e+01 1.432099000000000000e+06
2.400000000000000000e+01 1.146561000000000000e+06
2.500000000000000000e+01 7.980200000000000000e+05
2.600000000000000000e+01 4.785210000000000000e+05
2.700000000000000000e+01 2.499300000000000000e+05
2.800000000000000000e+01 1.198310000000000000e+05
2.900000000000000000e+01 5.600800000000000000e+04
3.000000000000000000e+01 2.661500000000000000e+04
3.100000000000000000e+01 1.287700000000000000e+04
3.200000000000000000e+01 5.804000000000000000e+03
3.300000000000000000e+01 2.347000000000000000e+03
3.400000000000000000e+01 9.560000000000000000e+02
3.500000000000000000e+01 3.710000000000000000e+02
3.600000000000000000e+01 1.640000000000000000e+02
3.700000000000000000e+01 8.300000000000000000e+01
3.800000000000000000e+01 7.800000000000000000e+01
3.900000000000000000e+01 2.200000000000000000e+01
4.000000000000000000e+01 7.700000000000000000e+01
4.100000000000000000e+01 4.700000000000000000e+01
4.200000000000000000e+01 5.600000000000000000e+01
4.300000000000000000e+01 3.400000000000000000e+01
4.400000000000000000e+01 4.700000000000000000e+01
4.500000000000000000e+01 2.900000000000000000e+01
4.600000000000000000e+01 3.500000000000000000e+01
4.700000000000000000e+01 2.400000000000000000e+01
4.800000000000000000e+01 1.400000000000000000e+01
4.900000000000000000e+01 4.500000000000000000e+01
5.000000000000000000e+01 8.000000000000000000e+00
5.100000000000000000e+01 2.300000000000000000e+01
5.200000000000000000e+01 1.000000000000000000e+01
5.300000000000000000e+01 1.900000000000000000e+01
5.400000000000000000e+01 5.000000000000000000e+00
5.500000000000000000e+01 9.000000000000000000e+00
5.600000000000000000e+01 1.000000000000000000e+00
5.700000000000000000e+01 2.000000000000000000e+00
5.800000000000000000e+01 5.000000000000000000e+00
5.900000000000000000e+01 4.000000000000000000e+00
6.000000000000000000e+01 4.000000000000000000e+00
6.100000000000000000e+01 7.000000000000000000e+00
6.200000000000000000e+01 1.000000000000000000e+00
6.300000000000000000e+01 1.000000000000000000e+00
6.700000000000000000e+01 1.000000000000000000e+00
6.800000000000000000e+01 2.000000000000000000e+00
7.100000000000000000e+01 1.000000000000000000e+00
7.800000000000000000e+01 1.000000000000000000e+00
8.100000000000000000e+01 1.000000000000000000e+00
8.200000000000000000e+01 1.000000000000000000e+00
8.700000000000000000e+01 1.000000000000000000e+00
9.000000000000000000e+01 1.000000000000000000e+00
9.300000000000000000e+01 1.000000000000000000e+00
1.180000000000000000e+02 1.000000000000000000e+00
1.280000000000000000e+02 2.000000000000000000e+00
1.340000000000000000e+02 2.000000000000000000e+00
1.360000000000000000e+02 1.000000000000000000e+00
1.380000000000000000e+02 1.000000000000000000e+00
1.390000000000000000e+02 1.000000000000000000e+00
1.520000000000000000e+02 1.000000000000000000e+00
1.550000000000000000e+02 1.000000000000000000e+00
1.620000000000000000e+02 1.000000000000000000e+00
1.810000000000000000e+02 1.000000000000000000e+00
1.920000000000000000e+02 1.000000000000000000e+00
1.960000000000000000e+02 1.000000000000000000e+00
2.040000000000000000e+02 1.000000000000000000e+00
2.120000000000000000e+02 1.000000000000000000e+00
2.330000000000000000e+02 1.000000000000000000e+00
2.480000000000000000e+02 1.000000000000000000e+00
2.690000000000000000e+02 1.000000000000000000e+00
3.120000000000000000e+02 1.000000000000000000e+00
4.170000000000000000e+02 1.000000000000000000e+00
6.910000000000000000e+02 1.000000000000000000e+00
8.990000000000000000e+02 1.000000000000000000e+00
9.950000000000000000e+02 1.000000000000000000e+00
2.378000000000000000e+03 1.000000000000000000e+00
