-4.000000000000000000e+00 3.000000000000000000e+00
-3.000000000000000000e+00 6.000000000000000000e+00
-2.000000000000000000e+00 1.200000000000000000e+01
-1.000000000000000000e+00 4.300000000000000000e+01
0.000000000000000000e+00 1.353000000000000000e+03
1.000000000000000000e+00 9.500000000000000000e+01
2.000000000000000000e+00 1.480000000000000000e+02
3.000000000000000000e+00 2.210000000000000000e+02
4.000000000000000000e+00 1.204000000000000000e+03
5.000000000000000000e+00 8.608000000000000000e+03
6.000000000000000000e+00 5.970900000000000000e+04
7.000000000000000000e+00 1.017030000000000000e+05
8.000000000000000000e+00 1.176520000000000000e+05
9.000000000000000000e+00 1.341980000000000000e+05
1.000000000000000000e+01 1.499680000000000000e+05
1.100000000000000000e+01 1.556290000000000000e+05
1.200000000000000000e+01 1.604560000000000000e+05
1.300000000000000000e+01 1.699930000000000000e+05
1.400000000000000000e+01 1.902760000000000000e+05
1.500000000000000000e+01 2.266780000000000000e+05
1.600000000000000000e+01 2.788660000000000000e+05
1.700000000000000000e+01 3.593240000000000000e+05
1.800000000000000000e+01 4.586000000000000000e+05
1.900000000000000000e+01 5.772880000000000000e+05
2.000000000000000000e+01 7.101870000000000000e+05
2.100000000000000000e+01 8.552000000000000000e+05
2.200000000000000000e+01 1.002639000000000000e+06
2.300000000000000000e+01 1.134855000000000000e+06
2.400000000000000000e+01 1.237354000000000000e+06
2.500000000000000000e+01 1.278069000000000000e+06
2.600000000000000000e+01 1.264824000000000000e+06
2.700000000000000000e+01 1.198796000000000000e+06
2.800000000000000000e+01 1.099947000000000000e+06
2.900000000000000000e+01 9.830700000000000000e+05
3.000000000000000000e+01 8.550320000000000000e+05
3.100000000000000000e+01 7.310930000000000000e+05
3.200000000000000000e+01 6.114680000000000000e+05
3.300000000000000000e+01 5.017960000000000000e+05
3.400000000000000000e+01 4.025640000000000000e+05
3.500000000000000000e+01 3.133550000000000000e+05
3.600000000000000000e+01 2.312970000000000000e+05
3.700000000000000000e+01 1.643620000000000000e+05
3.800000000000000000e+01 1.095910000000000000e+05
3.900000000000000000e+01 6.964900000000000000e+04
4.000000000000000000e+01 4.058300000000000000e+04
4.100000000000000000e+01 2.202700000000000000e+04
4.200000000000000000e+01 1.096800000000000000e+04
4.300000000000000000e+01 5.045000000000000000e+03
4.400000000000000000e+01 2.253000000000000000e+03
4.500000000000000000e+01 9.670000000000000000e+02
4.600000000000000000e+01 4.280000000000000000e+02
4.700000000000000000e+01 2.270000000000000000e+02
4.800000000000000000e+01 1.060000000000000000e+02
4.900000000000000000e+01 9.700000000000000000e+01
5.000000000000000000e+01 3.900000000000000000e+01
5.100000000000000000e+01 9.100000000000000000e+01
5.200000000000000000e+01 4.200000000000000000e+01
5.300000000000000000e+01 7.000000000000000000e+01
5.400000000000000000e+01 2.800000000000000000e+01
5.500000000000000000e+01 6.100000000000000000e+01
5.600000000000000000e+01 2.700000000000000000e+01
5.700000000000000000e+01 4.900000000000000000e+01
5.800000000000000000e+01 1.800000000000000000e+01
5.900000000000000000e+01 3.700000000000000000e+01
6.000000000000000000e+01 1.900000000000000000e+01
6.100000000000000000e+01 2.900000000000000000e+01
6.200000000000000000e+01 1.000000000000000000e+01
6.300000000000000000e+01 2.700000000000000000e+01
6.400000000000000000e+01 2.400000000000000000e+01
6.500000000000000000e+01 1.900000000000000000e+01
6.600000000000000000e+01 1.600000000000000000e+01
6.700000000000000000e+01 1.300000000000000000e+01
6.800000000000000000e+01 1.300000000000000000e+01
6.900000000000000000e+01 1.500000000000000000e+01
7.000000000000000000e+01 1.000000000000000000e+01
7.100000000000000000e+01 1.600000000000000000e+01
7.200000000000000000e+01 7.000000000000000000e+00
7.300000000000000000e+01 7.000000000000000000e+00
7.400000000000000000e+01 7.000000000000000000e+00
7.500000000000000000e+01 2.000000000000000000e+00
7.600000000000000000e+01 9.000000000000000000e+00
7.700000000000000000e+01 2.000000000000000000e+00
7.800000000000000000e+01 3.000000000000000000e+00
8.000000000000000000e+01 4.000000000000000000e+00
8.100000000000000000e+01 1.000000000000000000e+00
8.200000000000000000e+01 2.000000000000000000e+00
8.300000000000000000e+01 3.000000000000000000e+00
8.400000000000000000e+01 1.000000000000000000e+00
8.500000000000000000e+01 2.000000000000000000e+00
9.000000000000000000e+01 1.000000000000000000e+00
1.570000000000000000e+02 1.000000000000000000e+00
1.870000000000000000e+02 1.000000000000000000e+00
5.150000000000000000e+02 1.000000000000000000e+00
8.690000000000000000e+02 1.000000000000000000e+00
