-4.000000000000000000e+00 6.000000000000000000e+00
-3.000000000000000000e+00 6.000000000000000000e+00
-2.000000000000000000e+00 1.600000000000000000e+01
-1.000000000000000000e+00 5.600000000000000000e+01
0.000000000000000000e+00 1.372000000000000000e+03
1.000000000000000000e+00 1.220000000000000000e+02
2.000000000000000000e+00 1.640000000000000000e+02
3.000000000000000000e+00 2.440000000000000000e+02
4.000000000000000000e+00 1.255000000000000000e+03
5.000000000000000000e+00 9.666000000000000000e+03
6.000000000000000000e+00 6.678900000000000000e+04
7.000000000000000000e+00 1.173190000000000000e+05
8.000000000000000000e+00 1.410230000000000000e+05
9.000000000000000000e+00 1.672390000000000000e+05
1.000000000000000000e+01 1.926260000000000000e+05
1.100000000000000000e+01 2.104270000000000000e+05
1.200000000000000000e+01 2.224500000000000000e+05
1.300000000000000000e+01 2.314640000000000000e+05
1.400000000000000000e+01 2.427850000000000000e+05
1.500000000000000000e+01 2.564890000000000000e+05
1.600000000000000000e+01 2.799420000000000000e+05
1.700000000000000000e+01 3.165780000000000000e+05
1.800000000000000000e+01 3.660170000000000000e+05
1.900000000000000000e+01 4.285590000000000000e+05
2.000000000000000000e+01 5.055340000000000000e+05
2.100000000000000000e+01 5.959960000000000000e+05
2.200000000000000000e+01 6.969360000000000000e+05
2.300000000000000000e+01 7.854330000000000000e+05
2.400000000000000000e+01 8.580550000000000000e+05
2.500000000000000000e+01 8.885110000000000000e+05
2.600000000000000000e+01 8.823340000000000000e+05
2.700000000000000000e+01 8.407370000000000000e+05
2.800000000000000000e+01 7.837560000000000000e+05
2.900000000000000000e+01 7.238190000000000000e+05
3.000000000000000000e+01 6.638740000000000000e+05
3.100000000000000000e+01 6.069390000000000000e+05
3.200000000000000000e+01 5.546330000000000000e+05
3.300000000000000000e+01 5.110350000000000000e+05
3.400000000000000000e+01 4.732480000000000000e+05
3.500000000000000000e+01 4.353570000000000000e+05
3.600000000000000000e+01 4.014830000000000000e+05
3.700000000000000000e+01 3.675920000000000000e+05
3.800000000000000000e+01 3.367740000000000000e+05
3.900000000000000000e+01 3.061130000000000000e+05
4.000000000000000000e+01 2.748920000000000000e+05
4.100000000000000000e+01 2.447000000000000000e+05
4.200000000000000000e+01 2.125760000000000000e+05
4.300000000000000000e+01 1.811560000000000000e+05
4.400000000000000000e+01 1.520540000000000000e+05
4.500000000000000000e+01 1.225490000000000000e+05
4.600000000000000000e+01 9.645400000000000000e+04
4.700000000000000000e+01 7.304700000000000000e+04
4.800000000000000000e+01 5.279000000000000000e+04
4.900000000000000000e+01 3.625300000000000000e+04
5.000000000000000000e+01 2.396500000000000000e+04
5.100000000000000000e+01 1.499900000000000000e+04
5.200000000000000000e+01 8.868000000000000000e+03
5.300000000000000000e+01 5.139000000000000000e+03
5.400000000000000000e+01 2.800000000000000000e+03
5.500000000000000000e+01 1.486000000000000000e+03
5.600000000000000000e+01 8.030000000000000000e+02
5.700000000000000000e+01 3.920000000000000000e+02
5.800000000000000000e+01 2.200000000000000000e+02
5.900000000000000000e+01 1.500000000000000000e+02
6.000000000000000000e+01 6.700000000000000000e+01
6.100000000000000000e+01 6.600000000000000000e+01
6.200000000000000000e+01 3.900000000000000000e+01
6.300000000000000000e+01 5.400000000000000000e+01
6.400000000000000000e+01 2.300000000000000000e+01
6.500000000000000000e+01 3.100000000000000000e+01
6.600000000000000000e+01 3.700000000000000000e+01
6.700000000000000000e+01 2.400000000000000000e+01
6.800000000000000000e+01 2.400000000000000000e+01
6.900000000000000000e+01 1.700000000000000000e+01
7.000000000000000000e+01 1.800000000000000000e+01
7.100000000000000000e+01 1.600000000000000000e+01
7.200000000000000000e+01 1.700000000000000000e+01
7.300000000000000000e+01 1.700000000000000000e+01
7.400000000000000000e+01 8.000000000000000000e+00
7.500000000000000000e+01 7.000000000000000000e+00
7.600000000000000000e+01 1.800000000000000000e+01
7.700000000000000000e+01 6.000000000000000000e+00
7.800000000000000000e+01 1.400000000000000000e+01
7.900000000000000000e+01 8.000000000000000000e+00
8.000000000000000000e+01 1.000000000000000000e+01
8.100000000000000000e+01 4.000000000000000000e+00
8.200000000000000000e+01 8.000000000000000000e+00
8.300000000000000000e+01 1.000000000000000000e+00
8.400000000000000000e+01 1.000000000000000000e+01
8.600000000000000000e+01 1.300000000000000000e+01
8.700000000000000000e+01 2.000000000000000000e+00
8.800000000000000000e+01 6.000000000000000000e+00
8.900000000000000000e+01 1.000000000000000000e+00
9.000000000000000000e+01 2.000000000000000000e+00
9.100000000000000000e+01 1.000000000000000000e+00
9.200000000000000000e+01 1.000000000000000000e+00
9.300000000000000000e+01 2.000000000000000000e+00
9.400000000000000000e+01 3.000000000000000000e+00
9.500000000000000000e+01 4.000000000000000000e+00
9.600000000000000000e+01 3.000000000000000000e+00
9.700000000000000000e+01 1.000000000000000000e+00
1.000000000000000000e+02 1.000000000000000000e+00
1.010000000000000000e+02 1.000000000000000000e+00
1.030000000000000000e+02 1.000000000000000000e+00
1.230000000000000000e+02 1.000000000000000000e+00
1.560000000000000000e+02 1.000000000000000000e+00
1.590000000000000000e+02 1.000000000000000000e+00
6.360000000000000000e+02 1.000000000000000000e+00
6.430000000000000000e+02 1.000000000000000000e+00
1.247000000000000000e+03 1.000000000000000000e+00
