-4.000000000000000000e+00 1.000000000000000000e+00
-3.000000000000000000e+00 1.000000000000000000e+00
-2.000000000000000000e+00 1.000000000000000000e+01
-1.000000000000000000e+00 3.100000000000000000e+01
0.000000000000000000e+00 1.338000000000000000e+03
1.000000000000000000e+00 6.500000000000000000e+01
2.000000000000000000e+00 8.400000000000000000e+01
3.000000000000000000e+00 1.750000000000000000e+02
4.000000000000000000e+00 1.016000000000000000e+03
5.000000000000000000e+00 6.651000000000000000e+03
6.000000000000000000e+00 4.371400000000000000e+04
7.000000000000000000e+00 7.467400000000000000e+04
8.000000000000000000e+00 8.717400000000000000e+04
9.000000000000000000e+00 9.883200000000000000e+04
1.000000000000000000e+01 1.074820000000000000e+05
1.100000000000000000e+01 1.107700000000000000e+05
1.200000000000000000e+01 1.123610000000000000e+05
1.300000000000000000e+01 1.160250000000000000e+05
1.400000000000000000e+01 1.272400000000000000e+05
1.500000000000000000e+01 1.473840000000000000e+05
1.600000000000000000e+01 1.819090000000000000e+05
1.700000000000000000e+01 2.304910000000000000e+05
1.800000000000000000e+01 2.943230000000000000e+05
1.900000000000000000e+01 3.701500000000000000e+05
2.000000000000000000e+01 4.602940000000000000e+05
2.100000000000000000e+01 5.573770000000000000e+05
2.200000000000000000e+01 6.610960000000000000e+05
2.300000000000000000e+01 7.529960000000000000e+05
2.400000000000000000e+01 8.275700000000000000e+05
2.500000000000000000e+01 8.624980000000000000e+05
2.600000000000000000e+01 8.566610000000000000e+05
2.700000000000000000e+01 8.194870000000000000e+05
2.800000000000000000e+01 7.586600000000000000e+05
2.900000000000000000e+01 6.840550000000000000e+05
3.000000000000000000e+01 6.021810000000000000e+05
3.100000000000000000e+01 5.225300000000000000e+05
3.200000000000000000e+01 4.430030000000000000e+05
3.300000000000000000e+01 3.682470000000000000e+05
3.400000000000000000e+01 2.986770000000000000e+05
3.500000000000000000e+01 2.336340000000000000e+05
3.600000000000000000e+01 1.748890000000000000e+05
3.700000000000000000e+01 1.243690000000000000e+05
3.800000000000000000e+01 8.331800000000000000e+04
3.900000000000000000e+01 5.284300000000000000e+04
4.000000000000000000e+01 3.105000000000000000e+04
4.100000000000000000e+01 1.685400000000000000e+04
4.200000000000000000e+01 8.220000000000000000e+03
4.300000000000000000e+01 3.972000000000000000e+03
4.400000000000000000e+01 1.619000000000000000e+03
4.500000000000000000e+01 7.040000000000000000e+02
4.600000000000000000e+01 3.260000000000000000e+02
4.700000000000000000e+01 1.490000000000000000e+02
4.800000000000000000e+01 7.400000000000000000e+01
4.900000000000000000e+01 6.800000000000000000e+01
5.000000000000000000e+01 3.600000000000000000e+01
5.100000000000000000e+01 4.400000000000000000e+01
5.200000000000000000e+01 1.800000000000000000e+01
5.300000000000000000e+01 3.700000000000000000e+01
5.400000000000000000e+01 1.700000000000000000e+01
5.500000000000000000e+01 3.300000000000000000e+01
5.600000000000000000e+01 1.200000000000000000e+01
5.700000000000000000e+01 2.600000000000000000e+01
5.800000000000000000e+01 9.000000000000000000e+00
5.900000000000000000e+01 1.900000000000000000e+01
6.000000000000000000e+01 7.000000000000000000e+00
6.100000000000000000e+01 2.300000000000000000e+01
6.200000000000000000e+01 1.100000000000000000e+01
6.300000000000000000e+01 1.600000000000000000e+01
6.400000000000000000e+01 9.000000000000000000e+00
6.500000000000000000e+01 8.000000000000000000e+00
6.600000000000000000e+01 6.000000000000000000e+00
6.700000000000000000e+01 8.000000000000000000e+00
6.800000000000000000e+01 6.000000000000000000e+00
6.900000000000000000e+01 6.000000000000000000e+00
7.000000000000000000e+01 1.000000000000000000e+01
7.100000000000000000e+01 1.000000000000000000e+00
7.200000000000000000e+01 2.000000000000000000e+00
7.300000000000000000e+01 1.000000000000000000e+00
7.400000000000000000e+01 3.000000000000000000e+00
7.500000000000000000e+01 1.000000000000000000e+00
7.600000000000000000e+01 2.000000000000000000e+00
7.900000000000000000e+01 1.000000000000000000e+00
8.000000000000000000e+01 4.000000000000000000e+00
8.100000000000000000e+01 1.000000000000000000e+00
8.200000000000000000e+01 1.000000000000000000e+00
8.400000000000000000e+01 2.000000000000000000e+00
8.600000000000000000e+01 1.000000000000000000e+00
9.100000000000000000e+01 1.000000000000000000e+00
9.200000000000000000e+01 1.000000000000000000e+00
9.300000000000000000e+01 1.000000000000000000e+00
1.040000000000000000e+02 1.000000000000000000e+00
1.240000000000000000e+02 1.000000000000000000e+00
1.490000000000000000e+02 1.000000000000000000e+00
1.500000000000000000e+02 1.000000000000000000e+00
1.740000000000000000e+02 1.000000000000000000e+00
2.310000000000000000e+02 1.000000000000000000e+00
2.880000000000000000e+02 1.000000000000000000e+00
1.074000000000000000e+03 1.000000000000000000e+00
