-4.000000000000000000e+00 4.000000000000000000e+00
-3.000000000000000000e+00 4.000000000000000000e+00
-2.000000000000000000e+00 1.500000000000000000e+01
-1.000000000000000000e+00 5.000000000000000000e+01
0.000000000000000000e+00 1.371000000000000000e+03
1.000000000000000000e+00 1.130000000000000000e+02
2.000000000000000000e+00 1.640000000000000000e+02
3.000000000000000000e+00 2.940000000000000000e+02
4.000000000000000000e+00 1.634000000000000000e+03
5.000000000000000000e+00 1.105900000000000000e+04
6.000000000000000000e+00 7.520900000000000000e+04
7.000000000000000000e+00 1.324210000000000000e+05
8.000000000000000000e+00 1.596630000000000000e+05
9.000000000000000000e+00 1.888610000000000000e+05
1.000000000000000000e+01 2.186840000000000000e+05
1.100000000000000000e+01 2.385740000000000000e+05
1.200000000000000000e+01 2.495730000000000000e+05
1.300000000000000000e+01 2.592440000000000000e+05
1.400000000000000000e+01 2.663010000000000000e+05
1.500000000000000000e+01 2.786590000000000000e+05
1.600000000000000000e+01 2.972360000000000000e+05
1.700000000000000000e+01 3.300420000000000000e+05
1.800000000000000000e+01 3.751140000000000000e+05
1.900000000000000000e+01 4.337960000000000000e+05
2.000000000000000000e+01 5.103580000000000000e+05
2.100000000000000000e+01 6.010950000000000000e+05
2.200000000000000000e+01 7.069350000000000000e+05
2.300000000000000000e+01 8.015840000000000000e+05
2.400000000000000000e+01 8.833570000000000000e+05
2.500000000000000000e+01 9.251890000000000000e+05
2.600000000000000000e+01 9.234470000000000000e+05
2.700000000000000000e+01 8.896330000000000000e+05
2.800000000000000000e+01 8.415660000000000000e+05
2.900000000000000000e+01 7.849300000000000000e+05
3.000000000000000000e+01 7.296960000000000000e+05
3.100000000000000000e+01 6.737550000000000000e+05
3.200000000000000000e+01 6.252560000000000000e+05
3.300000000000000000e+01 5.822870000000000000e+05
3.400000000000000000e+01 5.422260000000000000e+05
3.500000000000000000e+01 5.049440000000000000e+05
3.600000000000000000e+01 4.681870000000000000e+05
3.700000000000000000e+01 4.342470000000000000e+05
3.800000000000000000e+01 4.009720000000000000e+05
3.900000000000000000e+01 3.662370000000000000e+05
4.000000000000000000e+01 3.303840000000000000e+05
4.100000000000000000e+01 2.955300000000000000e+05
4.200000000000000000e+01 2.596890000000000000e+05
4.300000000000000000e+01 2.230480000000000000e+05
4.400000000000000000e+01 1.869750000000000000e+05
4.500000000000000000e+01 1.517420000000000000e+05
4.600000000000000000e+01 1.197820000000000000e+05
4.700000000000000000e+01 9.039400000000000000e+04
4.800000000000000000e+01 6.618600000000000000e+04
4.900000000000000000e+01 4.582200000000000000e+04
5.000000000000000000e+01 3.021900000000000000e+04
5.100000000000000000e+01 1.889000000000000000e+04
5.200000000000000000e+01 1.137300000000000000e+04
5.300000000000000000e+01 6.556000000000000000e+03
5.400000000000000000e+01 3.479000000000000000e+03
5.500000000000000000e+01 1.888000000000000000e+03
5.600000000000000000e+01 1.003000000000000000e+03
5.700000000000000000e+01 5.300000000000000000e+02
5.800000000000000000e+01 2.500000000000000000e+02
5.900000000000000000e+01 1.470000000000000000e+02
6.000000000000000000e+01 8.400000000000000000e+01
6.100000000000000000e+01 8.200000000000000000e+01
6.200000000000000000e+01 4.200000000000000000e+01
6.300000000000000000e+01 3.400000000000000000e+01
6.400000000000000000e+01 2.600000000000000000e+01
6.500000000000000000e+01 4.400000000000000000e+01
6.600000000000000000e+01 3.600000000000000000e+01
6.700000000000000000e+01 3.400000000000000000e+01
6.800000000000000000e+01 1.800000000000000000e+01
6.900000000000000000e+01 1.600000000000000000e+01
7.000000000000000000e+01 2.100000000000000000e+01
7.100000000000000000e+01 1.500000000000000000e+01
7.200000000000000000e+01 1.700000000000000000e+01
7.300000000000000000e+01 1.300000000000000000e+01
7.400000000000000000e+01 1.200000000000000000e+01
7.500000000000000000e+01 9.000000000000000000e+00
7.600000000000000000e+01 1.500000000000000000e+01
7.700000000000000000e+01 4.000000000000000000e+00
7.800000000000000000e+01 1.300000000000000000e+01
7.900000000000000000e+01 8.000000000000000000e+00
8.000000000000000000e+01 9.000000000000000000e+00
8.200000000000000000e+01 9.000000000000000000e+00
8.300000000000000000e+01 2.000000000000000000e+00
8.400000000000000000e+01 1.500000000000000000e+01
8.500000000000000000e+01 2.000000000000000000e+00
8.600000000000000000e+01 8.000000000000000000e+00
8.700000000000000000e+01 2.000000000000000000e+00
8.800000000000000000e+01 1.000000000000000000e+01
8.900000000000000000e+01 3.000000000000000000e+00
9.000000000000000000e+01 6.000000000000000000e+00
9.100000000000000000e+01 4.000000000000000000e+00
9.200000000000000000e+01 5.000000000000000000e+00
9.300000000000000000e+01 2.000000000000000000e+00
9.400000000000000000e+01 2.000000000000000000e+00
9.500000000000000000e+01 2.000000000000000000e+00
9.600000000000000000e+01 2.000000000000000000e+00
1.000000000000000000e+02 2.000000000000000000e+00
1.030000000000000000e+02 2.000000000000000000e+00
1.050000000000000000e+02 1.000000000000000000e+00
1.150000000000000000e+02 1.000000000000000000e+00
1.230000000000000000e+02 1.000000000000000000e+00
1.340000000000000000e+02 1.000000000000000000e+00
1.420000000000000000e+02 1.000000000000000000e+00
1.530000000000000000e+02 1.000000000000000000e+00
1.590000000000000000e+02 1.000000000000000000e+00
2.840000000000000000e+02 1.000000000000000000e+00
3.280000000000000000e+02 1.000000000000000000e+00
