-4.000000000000000000e+00 6.000000000000000000e+00
-3.000000000000000000e+00 5.000000000000000000e+00
-2.000000000000000000e+00 1.700000000000000000e+01
-1.000000000000000000e+00 5.700000000000000000e+01
0.000000000000000000e+00 1.374000000000000000e+03
1.000000000000000000e+00 1.220000000000000000e+02
2.000000000000000000e+00 1.510000000000000000e+02
3.000000000000000000e+00 2.890000000000000000e+02
4.000000000000000000e+00 1.585000000000000000e+03
5.000000000000000000e+00 1.132900000000000000e+04
6.000000000000000000e+00 7.598800000000000000e+04
7.000000000000000000e+00 1.321850000000000000e+05
8.000000000000000000e+00 1.599800000000000000e+05
9.000000000000000000e+00 1.893710000000000000e+05
1.000000000000000000e+01 2.179990000000000000e+05
1.100000000000000000e+01 2.385060000000000000e+05
1.200000000000000000e+01 2.505030000000000000e+05
1.300000000000000000e+01 2.578670000000000000e+05
1.400000000000000000e+01 2.670610000000000000e+05
1.500000000000000000e+01 2.781030000000000000e+05
1.600000000000000000e+01 2.978140000000000000e+05
1.700000000000000000e+01 3.289710000000000000e+05
1.800000000000000000e+01 3.750280000000000000e+05
1.900000000000000000e+01 4.327280000000000000e+05
2.000000000000000000e+01 5.088060000000000000e+05
2.100000000000000000e+01 6.000540000000000000e+05
2.200000000000000000e+01 7.061740000000000000e+05
2.300000000000000000e+01 8.015880000000000000e+05
2.400000000000000000e+01 8.820610000000000000e+05
2.500000000000000000e+01 9.266120000000000000e+05
2.600000000000000000e+01 9.252180000000000000e+05
2.700000000000000000e+01 8.910640000000000000e+05
2.800000000000000000e+01 8.387050000000000000e+05
2.900000000000000000e+01 7.883880000000000000e+05
3.000000000000000000e+01 7.296830000000000000e+05
3.100000000000000000e+01 6.762870000000000000e+05
3.200000000000000000e+01 6.290180000000000000e+05
3.300000000000000000e+01 5.832650000000000000e+05
3.400000000000000000e+01 5.439830000000000000e+05
3.500000000000000000e+01 5.060640000000000000e+05
3.600000000000000000e+01 4.712190000000000000e+05
3.700000000000000000e+01 4.353310000000000000e+05
3.800000000000000000e+01 3.999160000000000000e+05
3.900000000000000000e+01 3.671400000000000000e+05
4.000000000000000000e+01 3.318130000000000000e+05
4.100000000000000000e+01 2.974160000000000000e+05
4.200000000000000000e+01 2.602350000000000000e+05
4.300000000000000000e+01 2.237590000000000000e+05
4.400000000000000000e+01 1.885330000000000000e+05
4.500000000000000000e+01 1.536700000000000000e+05
4.600000000000000000e+01 1.213200000000000000e+05
4.700000000000000000e+01 9.242900000000000000e+04
4.800000000000000000e+01 6.719800000000000000e+04
4.900000000000000000e+01 4.718900000000000000e+04
5.000000000000000000e+01 3.086600000000000000e+04
5.100000000000000000e+01 1.936600000000000000e+04
5.200000000000000000e+01 1.164000000000000000e+04
5.300000000000000000e+01 6.572000000000000000e+03
5.400000000000000000e+01 3.696000000000000000e+03
5.500000000000000000e+01 1.978000000000000000e+03
5.600000000000000000e+01 1.016000000000000000e+03
5.700000000000000000e+01 5.400000000000000000e+02
5.800000000000000000e+01 2.930000000000000000e+02
5.900000000000000000e+01 1.530000000000000000e+02
6.000000000000000000e+01 9.100000000000000000e+01
6.100000000000000000e+01 7.600000000000000000e+01
6.200000000000000000e+01 4.500000000000000000e+01
6.300000000000000000e+01 3.700000000000000000e+01
6.400000000000000000e+01 3.800000000000000000e+01
6.500000000000000000e+01 3.000000000000000000e+01
6.600000000000000000e+01 3.200000000000000000e+01
6.700000000000000000e+01 2.600000000000000000e+01
6.800000000000000000e+01 3.000000000000000000e+01
6.900000000000000000e+01 2.500000000000000000e+01
7.000000000000000000e+01 2.400000000000000000e+01
7.100000000000000000e+01 2.500000000000000000e+01
7.200000000000000000e+01 1.800000000000000000e+01
7.300000000000000000e+01 1.500000000000000000e+01
7.400000000000000000e+01 1.300000000000000000e+01
7.500000000000000000e+01 1.000000000000000000e+01
7.600000000000000000e+01 2.000000000000000000e+01
7.700000000000000000e+01 4.000000000000000000e+00
7.800000000000000000e+01 1.700000000000000000e+01
7.900000000000000000e+01 4.000000000000000000e+00
8.000000000000000000e+01 1.100000000000000000e+01
8.100000000000000000e+01 4.000000000000000000e+00
8.200000000000000000e+01 1.300000000000000000e+01
8.300000000000000000e+01 2.000000000000000000e+00
8.400000000000000000e+01 1.300000000000000000e+01
8.500000000000000000e+01 3.000000000000000000e+00
8.600000000000000000e+01 5.000000000000000000e+00
8.700000000000000000e+01 8.000000000000000000e+00
8.800000000000000000e+01 4.000000000000000000e+00
8.900000000000000000e+01 8.000000000000000000e+00
9.000000000000000000e+01 2.000000000000000000e+00
9.100000000000000000e+01 3.000000000000000000e+00
9.200000000000000000e+01 2.000000000000000000e+00
9.300000000000000000e+01 3.000000000000000000e+00
9.400000000000000000e+01 3.000000000000000000e+00
9.500000000000000000e+01 2.000000000000000000e+00
9.600000000000000000e+01 1.000000000000000000e+00
9.700000000000000000e+01 3.000000000000000000e+00
9.800000000000000000e+01 2.000000000000000000e+00
9.900000000000000000e+01 2.000000000000000000e+00
1.010000000000000000e+02 3.000000000000000000e+00
1.020000000000000000e+02 1.000000000000000000e+00
1.030000000000000000e+02 1.000000000000000000e+00
1.110000000000000000e+02 1.000000000000000000e+00
1.780000000000000000e+02 1.000000000000000000e+00
2.240000000000000000e+02 1.000000000000000000e+00
