-4.000000000000000000e+00 4.000000000000000000e+00
-3.000000000000000000e+00 3.000000000000000000e+00
-2.000000000000000000e+00 5.000000000000000000e+00
-1.000000000000000000e+00 2.700000000000000000e+01
0.000000000000000000e+00 1.360000000000000000e+03
1.000000000000000000e+00 6.400000000000000000e+01
2.000000000000000000e+00 8.100000000000000000e+01
3.000000000000000000e+00 1.490000000000000000e+02
4.000000000000000000e+00 7.510000000000000000e+02
5.000000000000000000e+00 3.886000000000000000e+03
6.000000000000000000e+00 2.377700000000000000e+04
7.000000000000000000e+00 4.513200000000000000e+04
8.000000000000000000e+00 6.446400000000000000e+04
9.000000000000000000e+00 9.253000000000000000e+04
1.000000000000000000e+01 1.308900000000000000e+05
1.100000000000000000e+01 1.822750000000000000e+05
1.200000000000000000e+01 2.487000000000000000e+05
1.300000000000000000e+01 3.393880000000000000e+05
1.400000000000000000e+01 4.504840000000000000e+05
1.500000000000000000e+01 5.889690000000000000e+05
1.600000000000000000e+01 7.562190000000000000e+05
1.700000000000000000e+01 9.597060000000000000e+05
1.800000000000000000e+01 1.178612000000000000e+06
1.900000000000000000e+01 1.385648000000000000e+06
2.000000000000000000e+01 1.542246000000000000e+06
2.100000000000000000e+01 1.627125000000000000e+06
2.200000000000000000e+01 1.598060000000000000e+06
2.300000000000000000e+01 1.427598000000000000e+06
2.400000000000000000e+01 1.144141000000000000e+06
2.500000000000000000e+01 7.986200000000000000e+05
2.600000000000000000e+01 4.805370000000000000e+05
2.700000000000000000e+01 2.521250000000000000e+05
2.800000000000000000e+01 1.208350000000000000e+05
2.900000000000000000e+01 5.622300000000000000e+04
3.000000000000000000e+01 2.678800000000000000e+04
3.100000000000000000e+01 1.282600000000000000e+04
3.200000000000000000e+01 5.766000000000000000e+03
3.300000000000000000e+01 2.447000000000000000e+03
3.400000000000000000e+01 9.840000000000000000e+02
3.500000000000000000e+01 3.580000000000000000e+02
3.600000000000000000e+01 1.990000000000000000e+02
3.700000000000000000e+01 9.300000000000000000e+01
3.800000000000000000e+01 8.700000000000000000e+01
3.900000000000000000e+01 3.100000000000000000e+01
4.000000000000000000e+01 8.200000000000000000e+01
4.100000000000000000e+01 5.100000000000000000e+01
4.200000000000000000e+01 4.100000000000000000e+01
4.300000000000000000e+01 3.800000000000000000e+01
4.400000000000000000e+01 3.700000000000000000e+01
4.500000000000000000e+01 3.600000000000000000e+01
4.600000000000000000e+01 3.500000000000000000e+01
4.700000000000000000e+01 3.300000000000000000e+01
4.800000000000000000e+01 1.500000000000000000e+01
4.900000000000000000e+01 2.200000000000000000e+01
5.000000000000000000e+01 1.300000000000000000e+01
5.100000000000000000e+01 2.300000000000000000e+01
5.200000000000000000e+01 8.000000000000000000e+00
5.300000000000000000e+01 1.900000000000000000e+01
5.400000000000000000e+01 9.000000000000000000e+00
5.500000000000000000e+01 1.100000000000000000e+01
5.600000000000000000e+01 3.000000000000000000e+00
5.700000000000000000e+01 5.000000000000000000e+00
5.900000000000000000e+01 3.000000000000000000e+00
6.000000000000000000e+01 1.000000000000000000e+00
6.100000000000000000e+01 5.000000000000000000e+00
6.300000000000000000e+01 2.000000000000000000e+00
6.400000000000000000e+01 2.000000000000000000e+00
6.500000000000000000e+01 1.000000000000000000e+00
7.100000000000000000e+01 1.000000000000000000e+00
7.300000000000000000e+01 1.000000000000000000e+00
7.400000000000000000e+01 1.000000000000000000e+00
7.500000000000000000e+01 1.000000000000000000e+00
7.900000000000000000e+01 1.000000000000000000e+00
8.600000000000000000e+01 2.000000000000000000e+00
8.700000000000000000e+01 1.000000000000000000e+00
9.400000000000000000e+01 1.000000000000000000e+00
9.500000000000000000e+01 1.000000000000000000e+00
9.700000000000000000e+01 1.000000000000000000e+00
1.100000000000000000e+02 1.000000000000000000e+00
1.170000000000000000e+02 1.000000000000000000e+00
1.220000000000000000e+02 1.000000000000000000e+00
1.280000000000000000e+02 1.000000000000000000e+00
1.310000000000000000e+02 1.000000000000000000e+00
1.420000000000000000e+02 1.000000000000000000e+00
1.600000000000000000e+02 1.000000000000000000e+00
1.660000000000000000e+02 1.000000000000000000e+00
1.800000000000000000e+02 1.000000000000000000e+00
1.840000000000000000e+02 1.000000000000000000e+00
1.860000000000000000e+02 1.000000000000000000e+00
1.900000000000000000e+02 1.000000000000000000e+00
1.930000000000000000e+02 1.000000000000000000e+00
2.000000000000000000e+02 1.000000000000000000e+00
2.090000000000000000e+02 1.000000000000000000e+00
2.170000000000000000e+02 1.000000000000000000e+00
2.190000000000000000e+02 1.000000000000000000e+00
2.240000000000000000e+02 1.000000000000000000e+00
2.470000000000000000e+02 1.000000000000000000e+00
2.700000000000000000e+02 1.000000000000000000e+00
2.860000000000000000e+02 1.000000000000000000e+00
4.010000000000000000e+02 1.000000000000000000e+00
6.150000000000000000e+02 1.000000000000000000e+00
6.670000000000000000e+02 1.000000000000000000e+00
8.200000000000000000e+02 1.000000000000000000e+00
8.470000000000000000e+02 1.000000000000000000e+00
9.410000000000000000e+02 1.000000000000000000e+00
2.080000000000000000e+03 1.000000000000000000e+00
2.165000000000000000e+03 1.000000000000000000e+00
