-4.000000000000000000e+00 5.000000000000000000e+00
-3.000000000000000000e+00 6.000000000000000000e+00
-2.000000000000000000e+00 1.200000000000000000e+01
-1.000000000000000000e+00 5.200000000000000000e+01
0.000000000000000000e+00 1.358000000000000000e+03
1.000000000000000000e+00 1.240000000000000000e+02
2.000000000000000000e+00 1.500000000000000000e+02
3.000000000000000000e+00 2.850000000000000000e+02
4.000000000000000000e+00 1.694000000000000000e+03
5.000000000000000000e+00 1.113900000000000000e+04
6.000000000000000000e+00 7.576400000000000000e+04
7.000000000000000000e+00 1.316930000000000000e+05
8.000000000000000000e+00 1.598610000000000000e+05
9.000000000000000000e+00 1.892290000000000000e+05
1.000000000000000000e+01 2.185690000000000000e+05
1.100000000000000000e+01 2.389050000000000000e+05
1.200000000000000000e+01 2.505980000000000000e+05
1.300000000000000000e+01 2.585690000000000000e+05
1.400000000000000000e+01 2.667600000000000000e+05
1.500000000000000000e+01 2.778920000000000000e+05
1.600000000000000000e+01 2.970340000000000000e+05
1.700000000000000000e+01 3.287980000000000000e+05
1.800000000000000000e+01 3.734880000000000000e+05
1.900000000000000000e+01 4.334180000000000000e+05
2.000000000000000000e+01 5.079250000000000000e+05
2.100000000000000000e+01 6.007820000000000000e+05
2.200000000000000000e+01 7.059020000000000000e+05
2.300000000000000000e+01 8.016020000000000000e+05
2.400000000000000000e+01 8.830380000000000000e+05
2.500000000000000000e+01 9.264040000000000000e+05
2.600000000000000000e+01 9.234240000000000000e+05
2.700000000000000000e+01 8.916750000000000000e+05
2.800000000000000000e+01 8.426890000000000000e+05
2.900000000000000000e+01 7.886790000000000000e+05
3.000000000000000000e+01 7.296780000000000000e+05
3.100000000000000000e+01 6.777080000000000000e+05
3.200000000000000000e+01 6.274970000000000000e+05
3.300000000000000000e+01 5.824070000000000000e+05
3.400000000000000000e+01 5.436800000000000000e+05
3.500000000000000000e+01 5.060430000000000000e+05
3.600000000000000000e+01 4.702570000000000000e+05
3.700000000000000000e+01 4.363670000000000000e+05
3.800000000000000000e+01 4.027170000000000000e+05
3.900000000000000000e+01 3.679280000000000000e+05
4.000000000000000000e+01 3.315780000000000000e+05
4.100000000000000000e+01 2.961480000000000000e+05
4.200000000000000000e+01 2.610000000000000000e+05
4.300000000000000000e+01 2.232770000000000000e+05
4.400000000000000000e+01 1.888430000000000000e+05
4.500000000000000000e+01 1.535900000000000000e+05
4.600000000000000000e+01 1.208940000000000000e+05
4.700000000000000000e+01 9.202400000000000000e+04
4.800000000000000000e+01 6.689400000000000000e+04
4.900000000000000000e+01 4.655700000000000000e+04
5.000000000000000000e+01 3.065700000000000000e+04
5.100000000000000000e+01 1.919700000000000000e+04
5.200000000000000000e+01 1.159700000000000000e+04
5.300000000000000000e+01 6.674000000000000000e+03
5.400000000000000000e+01 3.567000000000000000e+03
5.500000000000000000e+01 1.954000000000000000e+03
5.600000000000000000e+01 1.018000000000000000e+03
5.700000000000000000e+01 5.420000000000000000e+02
5.800000000000000000e+01 2.600000000000000000e+02
5.900000000000000000e+01 1.700000000000000000e+02
6.000000000000000000e+01 9.900000000000000000e+01
6.100000000000000000e+01 6.500000000000000000e+01
6.200000000000000000e+01 3.600000000000000000e+01
6.300000000000000000e+01 4.400000000000000000e+01
6.400000000000000000e+01 3.700000000000000000e+01
6.500000000000000000e+01 2.800000000000000000e+01
6.600000000000000000e+01 1.500000000000000000e+01
6.700000000000000000e+01 2.000000000000000000e+01
6.800000000000000000e+01 1.600000000000000000e+01
6.900000000000000000e+01 1.400000000000000000e+01
7.000000000000000000e+01 2.000000000000000000e+01
7.100000000000000000e+01 1.400000000000000000e+01
7.200000000000000000e+01 7.000000000000000000e+00
7.300000000000000000e+01 1.400000000000000000e+01
7.400000000000000000e+01 1.300000000000000000e+01
7.500000000000000000e+01 7.000000000000000000e+00
7.600000000000000000e+01 2.000000000000000000e+01
7.700000000000000000e+01 1.100000000000000000e+01
7.800000000000000000e+01 1.800000000000000000e+01
7.900000000000000000e+01 5.000000000000000000e+00
8.000000000000000000e+01 1.100000000000000000e+01
8.100000000000000000e+01 2.000000000000000000e+00
8.200000000000000000e+01 1.300000000000000000e+01
8.400000000000000000e+01 4.000000000000000000e+00
8.500000000000000000e+01 1.000000000000000000e+00
8.600000000000000000e+01 7.000000000000000000e+00
8.700000000000000000e+01 6.000000000000000000e+00
8.800000000000000000e+01 5.000000000000000000e+00
8.900000000000000000e+01 2.000000000000000000e+00
9.000000000000000000e+01 1.000000000000000000e+00
9.100000000000000000e+01 1.000000000000000000e+00
9.200000000000000000e+01 4.000000000000000000e+00
9.300000000000000000e+01 2.000000000000000000e+00
9.400000000000000000e+01 5.000000000000000000e+00
9.500000000000000000e+01 1.000000000000000000e+00
9.600000000000000000e+01 2.000000000000000000e+00
9.700000000000000000e+01 2.000000000000000000e+00
9.800000000000000000e+01 1.000000000000000000e+00
1.010000000000000000e+02 2.000000000000000000e+00
1.040000000000000000e+02 2.000000000000000000e+00
1.120000000000000000e+02 1.000000000000000000e+00
1.180000000000000000e+02 1.000000000000000000e+00
1.500000000000000000e+02 1.000000000000000000e+00
1.790000000000000000e+02 1.000000000000000000e+00
2.390000000000000000e+02 1.000000000000000000e+00
2.680000000000000000e+02 1.000000000000000000e+00
3.170000000000000000e+02 1.000000000000000000e+00
5.630000000000000000e+02 1.000000000000000000e+00
