-4.000000000000000000e+00 2.000000000000000000e+00
-3.000000000000000000e+00 5.000000000000000000e+00
-2.000000000000000000e+00 1.600000000000000000e+01
-1.000000000000000000e+00 5.700000000000000000e+01
0.000000000000000000e+00 1.348000000000000000e+03
1.000000000000000000e+00 9.600000000000000000e+01
2.000000000000000000e+00 1.440000000000000000e+02
3.000000000000000000e+00 2.160000000000000000e+02
4.000000000000000000e+00 1.105000000000000000e+03
5.000000000000000000e+00 8.788000000000000000e+03
6.000000000000000000e+00 6.008700000000000000e+04
7.000000000000000000e+00 1.017370000000000000e+05
8.000000000000000000e+00 1.183480000000000000e+05
9.000000000000000000e+00 1.357750000000000000e+05
1.000000000000000000e+01 1.486590000000000000e+05
1.100000000000000000e+01 1.562960000000000000e+05
1.200000000000000000e+01 1.605450000000000000e+05
1.300000000000000000e+01 1.712900000000000000e+05
1.400000000000000000e+01 1.919840000000000000e+05
1.500000000000000000e+01 2.277330000000000000e+05
1.600000000000000000e+01 2.836430000000000000e+05
1.700000000000000000e+01 3.621160000000000000e+05
1.800000000000000000e+01 4.641870000000000000e+05
1.900000000000000000e+01 5.829890000000000000e+05
2.000000000000000000e+01 7.151220000000000000e+05
2.100000000000000000e+01 8.604970000000000000e+05
2.200000000000000000e+01 1.007657000000000000e+06
2.300000000000000000e+01 1.140948000000000000e+06
2.400000000000000000e+01 1.239826000000000000e+06
2.500000000000000000e+01 1.280834000000000000e+06
2.600000000000000000e+01 1.264906000000000000e+06
2.700000000000000000e+01 1.196996000000000000e+06
2.800000000000000000e+01 1.094680000000000000e+06
2.900000000000000000e+01 9.760490000000000000e+05
3.000000000000000000e+01 8.482300000000000000e+05
3.100000000000000000e+01 7.230120000000000000e+05
3.200000000000000000e+01 6.062020000000000000e+05
3.300000000000000000e+01 4.971970000000000000e+05
3.400000000000000000e+01 3.976200000000000000e+05
3.500000000000000000e+01 3.079380000000000000e+05
3.600000000000000000e+01 2.287570000000000000e+05
3.700000000000000000e+01 1.612630000000000000e+05
3.800000000000000000e+01 1.075260000000000000e+05
3.900000000000000000e+01 6.729800000000000000e+04
4.000000000000000000e+01 3.908900000000000000e+04
4.100000000000000000e+01 2.108900000000000000e+04
4.200000000000000000e+01 1.046300000000000000e+04
4.300000000000000000e+01 4.908000000000000000e+03
4.400000000000000000e+01 2.142000000000000000e+03
4.500000000000000000e+01 9.430000000000000000e+02
4.600000000000000000e+01 4.190000000000000000e+02
4.700000000000000000e+01 2.050000000000000000e+02
4.800000000000000000e+01 1.140000000000000000e+02
4.900000000000000000e+01 1.000000000000000000e+02
5.000000000000000000e+01 4.600000000000000000e+01
5.100000000000000000e+01 7.600000000000000000e+01
5.200000000000000000e+01 3.800000000000000000e+01
5.300000000000000000e+01 8.000000000000000000e+01
5.400000000000000000e+01 2.700000000000000000e+01
5.500000000000000000e+01 6.300000000000000000e+01
5.600000000000000000e+01 1.800000000000000000e+01
5.700000000000000000e+01 4.700000000000000000e+01
5.800000000000000000e+01 1.200000000000000000e+01
5.900000000000000000e+01 3.200000000000000000e+01
6.000000000000000000e+01 1.300000000000000000e+01
6.100000000000000000e+01 3.100000000000000000e+01
6.200000000000000000e+01 7.000000000000000000e+00
6.300000000000000000e+01 1.900000000000000000e+01
6.400000000000000000e+01 1.700000000000000000e+01
6.500000000000000000e+01 1.800000000000000000e+01
6.600000000000000000e+01 2.000000000000000000e+01
6.700000000000000000e+01 1.400000000000000000e+01
6.800000000000000000e+01 8.000000000000000000e+00
6.900000000000000000e+01 1.700000000000000000e+01
7.000000000000000000e+01 8.000000000000000000e+00
7.100000000000000000e+01 8.000000000000000000e+00
7.200000000000000000e+01 2.000000000000000000e+00
7.300000000000000000e+01 7.000000000000000000e+00
7.400000000000000000e+01 9.000000000000000000e+00
7.500000000000000000e+01 2.000000000000000000e+00
7.600000000000000000e+01 9.000000000000000000e+00
7.700000000000000000e+01 2.000000000000000000e+00
7.800000000000000000e+01 1.000000000000000000e+00
8.100000000000000000e+01 1.000000000000000000e+00
8.200000000000000000e+01 1.000000000000000000e+00
8.600000000000000000e+01 1.000000000000000000e+00
8.800000000000000000e+01 1.000000000000000000e+00
1.210000000000000000e+02 1.000000000000000000e+00
1.310000000000000000e+02 1.000000000000000000e+00
1.400000000000000000e+02 1.000000000000000000e+00
2.830000000000000000e+02 1.000000000000000000e+00
8.290000000000000000e+02 1.000000000000000000e+00
8.350000000000000000e+02 1.000000000000000000e+00
