-3.000000000000000000e+00 1.000000000000000000e+00
-1.000000000000000000e+00 5.000000000000000000e+00
0.000000000000000000e+00 1.334000000000000000e+03
1.000000000000000000e+00 2.100000000000000000e+01
2.000000000000000000e+00 3.700000000000000000e+01
3.000000000000000000e+00 5.000000000000000000e+01
4.000000000000000000e+00 4.880000000000000000e+02
5.000000000000000000e+00 2.393000000000000000e+03
6.000000000000000000e+00 1.305200000000000000e+04
7.000000000000000000e+00 2.446000000000000000e+04
8.000000000000000000e+00 3.470700000000000000e+04
9.000000000000000000e+00 5.005600000000000000e+04
1.000000000000000000e+01 7.095100000000000000e+04
1.100000000000000000e+01 9.757700000000000000e+04
1.200000000000000000e+01 1.328990000000000000e+05
1.300000000000000000e+01 1.802950000000000000e+05
1.400000000000000000e+01 2.384030000000000000e+05
1.500000000000000000e+01 3.101880000000000000e+05
1.600000000000000000e+01 3.981280000000000000e+05
1.700000000000000000e+01 5.002700000000000000e+05
1.800000000000000000e+01 6.127480000000000000e+05
1.900000000000000000e+01 7.143030000000000000e+05
2.000000000000000000e+01 7.901720000000000000e+05
2.100000000000000000e+01 8.231630000000000000e+05
2.200000000000000000e+01 7.976520000000000000e+05
2.300000000000000000e+01 7.027100000000000000e+05
2.400000000000000000e+01 5.538920000000000000e+05
2.500000000000000000e+01 3.776900000000000000e+05
2.600000000000000000e+01 2.222670000000000000e+05
2.700000000000000000e+01 1.143080000000000000e+05
2.800000000000000000e+01 5.443200000000000000e+04
2.900000000000000000e+01 2.565700000000000000e+04
3.000000000000000000e+01 1.235800000000000000e+04
3.100000000000000000e+01 6.010000000000000000e+03
3.200000000000000000e+01 2.733000000000000000e+03
3.300000000000000000e+01 1.086000000000000000e+03
3.400000000000000000e+01 4.300000000000000000e+02
3.500000000000000000e+01 1.680000000000000000e+02
3.600000000000000000e+01 5.600000000000000000e+01
3.700000000000000000e+01 2.800000000000000000e+01
3.800000000000000000e+01 2.400000000000000000e+01
3.900000000000000000e+01 1.200000000000000000e+01
4.000000000000000000e+01 1.100000000000000000e+01
4.100000000000000000e+01 1.100000000000000000e+01
4.200000000000000000e+01 1.400000000000000000e+01
4.300000000000000000e+01 6.000000000000000000e+00
4.400000000000000000e+01 1.100000000000000000e+01
4.500000000000000000e+01 3.000000000000000000e+00
4.600000000000000000e+01 7.000000000000000000e+00
4.700000000000000000e+01 7.000000000000000000e+00
4.800000000000000000e+01 6.000000000000000000e+00
4.900000000000000000e+01 1.500000000000000000e+01
5.100000000000000000e+01 9.000000000000000000e+00
5.200000000000000000e+01 2.000000000000000000e+00
5.300000000000000000e+01 1.000000000000000000e+00
5.400000000000000000e+01 1.000000000000000000e+00
5.500000000000000000e+01 2.000000000000000000e+00
5.600000000000000000e+01 4.000000000000000000e+00
5.700000000000000000e+01 1.000000000000000000e+00
5.800000000000000000e+01 2.000000000000000000e+00
5.900000000000000000e+01 1.000000000000000000e+00
6.600000000000000000e+01 3.000000000000000000e+00
7.400000000000000000e+01 1.000000000000000000e+00
7.700000000000000000e+01 2.000000000000000000e+00
7.800000000000000000e+01 1.000000000000000000e+00
8.200000000000000000e+01 1.000000000000000000e+00
9.100000000000000000e+01 1.000000000000000000e+00
9.200000000000000000e+01 1.000000000000000000e+00
9.300000000000000000e+01 1.000000000000000000e+00
9.600000000000000000e+01 1.000000000000000000e+00
1.020000000000000000e+02 2.000000000000000000e+00
1.030000000000000000e+02 1.000000000000000000e+00
1.080000000000000000e+02 1.000000000000000000e+00
1.090000000000000000e+02 1.000000000000000000e+00
1.100000000000000000e+02 1.000000000000000000e+00
1.140000000000000000e+02 2.000000000000000000e+00
1.170000000000000000e+02 1.000000000000000000e+00
1.200000000000000000e+02 1.000000000000000000e+00
1.240000000000000000e+02 1.000000000000000000e+00
1.340000000000000000e+02 1.000000000000000000e+00
1.360000000000000000e+02 1.000000000000000000e+00
1.400000000000000000e+02 1.000000000000000000e+00
1.410000000000000000e+02 1.000000000000000000e+00
1.460000000000000000e+02 1.000000000000000000e+00
1.470000000000000000e+02 1.000000000000000000e+00
1.540000000000000000e+02 3.000000000000000000e+00
1.580000000000000000e+02 1.000000000000000000e+00
1.630000000000000000e+02 1.000000000000000000e+00
1.840000000000000000e+02 1.000000000000000000e+00
1.910000000000000000e+02 1.000000000000000000e+00
2.120000000000000000e+02 1.000000000000000000e+00
2.140000000000000000e+02 1.000000000000000000e+00
2.470000000000000000e+02 1.000000000000000000e+00
2.520000000000000000e+02 1.000000000000000000e+00
2.880000000000000000e+02 1.000000000000000000e+00
3.230000000000000000e+02 1.000000000000000000e+00
3.470000000000000000e+02 1.000000000000000000e+00
3.800000000000000000e+02 1.000000000000000000e+00
6.950000000000000000e+02 1.000000000000000000e+00
8.190000000000000000e+02 1.000000000000000000e+00
1.002000000000000000e+03 1.000000000000000000e+00
1.163000000000000000e+03 1.000000000000000000e+00
1.249000000000000000e+03 1.000000000000000000e+00
1.412000000000000000e+03 1.000000000000000000e+00
2.722000000000000000e+03 1.000000000000000000e+00
