-3.000000000000000000e+00 4.000000000000000000e+00
-2.000000000000000000e+00 7.000000000000000000e+00
-1.000000000000000000e+00 2.900000000000000000e+01
0.000000000000000000e+00 1.362000000000000000e+03
1.000000000000000000e+00 7.300000000000000000e+01
2.000000000000000000e+00 9.900000000000000000e+01
3.000000000000000000e+00 1.260000000000000000e+02
4.000000000000000000e+00 7.500000000000000000e+02
5.000000000000000000e+00 4.164000000000000000e+03
6.000000000000000000e+00 2.444200000000000000e+04
7.000000000000000000e+00 4.588600000000000000e+04
8.000000000000000000e+00 6.521300000000000000e+04
9.000000000000000000e+00 9.435600000000000000e+04
1.000000000000000000e+01 1.332250000000000000e+05
1.100000000000000000e+01 1.849910000000000000e+05
1.200000000000000000e+01 2.536760000000000000e+05
1.300000000000000000e+01 3.440710000000000000e+05
1.400000000000000000e+01 4.586680000000000000e+05
1.500000000000000000e+01 5.979930000000000000e+05
1.600000000000000000e+01 7.699310000000000000e+05
1.700000000000000000e+01 9.740030000000000000e+05
1.800000000000000000e+01 1.193912000000000000e+06
1.900000000000000000e+01 1.404168000000000000e+06
2.000000000000000000e+01 1.561792000000000000e+06
2.100000000000000000e+01 1.641518000000000000e+06
2.200000000000000000e+01 1.610514000000000000e+06
2.300000000000000000e+01 1.437314000000000000e+06
2.400000000000000000e+01 1.151771000000000000e+06
2.500000000000000000e+01 8.007190000000000000e+05
2.600000000000000000e+01 4.806960000000000000e+05
2.700000000000000000e+01 2.513240000000000000e+05
2.800000000000000000e+01 1.199780000000000000e+05
2.900000000000000000e+01 5.610700000000000000e+04
3.000000000000000000e+01 2.662100000000000000e+04
3.100000000000000000e+01 1.298500000000000000e+04
3.200000000000000000e+01 5.780000000000000000e+03
3.300000000000000000e+01 2.409000000000000000e+03
3.400000000000000000e+01 9.560000000000000000e+02
3.500000000000000000e+01 3.640000000000000000e+02
3.600000000000000000e+01 1.790000000000000000e+02
3.700000000000000000e+01 7.300000000000000000e+01
3.800000000000000000e+01 7.300000000000000000e+01
3.900000000000000000e+01 2.400000000000000000e+01
4.000000000000000000e+01 8.500000000000000000e+01
4.100000000000000000e+01 3.900000000000000000e+01
4.200000000000000000e+01 5.500000000000000000e+01
4.300000000000000000e+01 3.900000000000000000e+01
4.400000000000000000e+01 3.900000000000000000e+01
4.500000000000000000e+01 2.100000000000000000e+01
4.600000000000000000e+01 3.800000000000000000e+01
4.700000000000000000e+01 2.400000000000000000e+01
4.800000000000000000e+01 1.900000000000000000e+01
4.900000000000000000e+01 4.400000000000000000e+01
5.000000000000000000e+01 1.400000000000000000e+01
5.100000000000000000e+01 2.300000000000000000e+01
5.200000000000000000e+01 1.300000000000000000e+01
5.300000000000000000e+01 1.100000000000000000e+01
5.400000000000000000e+01 6.000000000000000000e+00
5.500000000000000000e+01 1.100000000000000000e+01
5.600000000000000000e+01 5.000000000000000000e+00
5.700000000000000000e+01 3.000000000000000000e+00
5.800000000000000000e+01 3.000000000000000000e+00
6.000000000000000000e+01 3.000000000000000000e+00
6.100000000000000000e+01 4.000000000000000000e+00
6.200000000000000000e+01 2.000000000000000000e+00
6.600000000000000000e+01 2.000000000000000000e+00
6.700000000000000000e+01 1.000000000000000000e+00
7.000000000000000000e+01 2.000000000000000000e+00
8.300000000000000000e+01 1.000000000000000000e+00
8.700000000000000000e+01 1.000000000000000000e+00
9.300000000000000000e+01 1.000000000000000000e+00
9.400000000000000000e+01 1.000000000000000000e+00
9.800000000000000000e+01 2.000000000000000000e+00
1.010000000000000000e+02 1.000000000000000000e+00
1.040000000000000000e+02 1.000000000000000000e+00
1.080000000000000000e+02 1.000000000000000000e+00
1.130000000000000000e+02 1.000000000000000000e+00
1.140000000000000000e+02 1.000000000000000000e+00
1.170000000000000000e+02 1.000000000000000000e+00
1.220000000000000000e+02 1.000000000000000000e+00
1.330000000000000000e+02 1.000000000000000000e+00
1.410000000000000000e+02 1.000000000000000000e+00
1.460000000000000000e+02 2.000000000000000000e+00
1.480000000000000000e+02 1.000000000000000000e+00
1.510000000000000000e+02 1.000000000000000000e+00
1.650000000000000000e+02 1.000000000000000000e+00
1.690000000000000000e+02 1.000000000000000000e+00
1.750000000000000000e+02 1.000000000000000000e+00
2.170000000000000000e+02 1.000000000000000000e+00
2.180000000000000000e+02 1.000000000000000000e+00
2.210000000000000000e+02 1.000000000000000000e+00
2.480000000000000000e+02 1.000000000000000000e+00
2.560000000000000000e+02 1.000000000000000000e+00
2.670000000000000000e+02 1.000000000000000000e+00
2.790000000000000000e+02 1.000000000000000000e+00
3.300000000000000000e+02 1.000000000000000000e+00
5.750000000000000000e+02 1.000000000000000000e+00
6.640000000000000000e+02 1.000000000000000000e+00
6.790000000000000000e+02 1.000000000000000000e+00
7.430000000000000000e+02 1.000000000000000000e+00
7.830000000000000000e+02 1.000000000000000000e+00
9.720000000000000000e+02 1.000000000000000000e+00
2.620000000000000000e+03 1.000000000000000000e+00
