-4.000000000000000000e+00 2.000000000000000000e+00
-3.000000000000000000e+00 1.000000000000000000e+00
-2.000000000000000000e+00 1.300000000000000000e+01
-1.000000000000000000e+00 4.600000000000000000e+01
0.000000000000000000e+00 1.355000000000000000e+03
1.000000000000000000e+00 1.260000000000000000e+02
2.000000000000000000e+00 1.590000000000000000e+02
3.000000000000000000e+00 2.900000000000000000e+02
4.000000000000000000e+00 1.567000000000000000e+03
5.000000000000000000e+00 1.117200000000000000e+04
6.000000000000000000e+00 7.589900000000000000e+04
7.000000000000000000e+00 1.315370000000000000e+05
8.000000000000000000e+00 1.594590000000000000e+05
9.000000000000000000e+00 1.890720000000000000e+05
1.000000000000000000e+01 2.180340000000000000e+05
1.100000000000000000e+01 2.379730000000000000e+05
1.200000000000000000e+01 2.499750000000000000e+05
1.300000000000000000e+01 2.582030000000000000e+05
1.400000000000000000e+01 2.659300000000000000e+05
1.500000000000000000e+01 2.771580000000000000e+05
1.600000000000000000e+01 2.958770000000000000e+05
1.700000000000000000e+01 3.283360000000000000e+05
1.800000000000000000e+01 3.734720000000000000e+05
1.900000000000000000e+01 4.317510000000000000e+05
2.000000000000000000e+01 5.069180000000000000e+05
2.100000000000000000e+01 5.984610000000000000e+05
2.200000000000000000e+01 7.021790000000000000e+05
2.300000000000000000e+01 7.988270000000000000e+05
2.400000000000000000e+01 8.836630000000000000e+05
2.500000000000000000e+01 9.221790000000000000e+05
2.600000000000000000e+01 9.222350000000000000e+05
2.700000000000000000e+01 8.914120000000000000e+05
2.800000000000000000e+01 8.386930000000000000e+05
2.900000000000000000e+01 7.852640000000000000e+05
3.000000000000000000e+01 7.297010000000000000e+05
3.100000000000000000e+01 6.755720000000000000e+05
3.200000000000000000e+01 6.269580000000000000e+05
3.300000000000000000e+01 5.821050000000000000e+05
3.400000000000000000e+01 5.428110000000000000e+05
3.500000000000000000e+01 5.068760000000000000e+05
3.600000000000000000e+01 4.690240000000000000e+05
3.700000000000000000e+01 4.346640000000000000e+05
3.800000000000000000e+01 4.011780000000000000e+05
3.900000000000000000e+01 3.671130000000000000e+05
4.000000000000000000e+01 3.314940000000000000e+05
4.100000000000000000e+01 2.957200000000000000e+05
4.200000000000000000e+01 2.602940000000000000e+05
4.300000000000000000e+01 2.227950000000000000e+05
4.400000000000000000e+01 1.885490000000000000e+05
4.500000000000000000e+01 1.531750000000000000e+05
4.600000000000000000e+01 1.211520000000000000e+05
4.700000000000000000e+01 9.206200000000000000e+04
4.800000000000000000e+01 6.709600000000000000e+04
4.900000000000000000e+01 4.664900000000000000e+04
5.000000000000000000e+01 3.045700000000000000e+04
5.100000000000000000e+01 1.936700000000000000e+04
5.200000000000000000e+01 1.162200000000000000e+04
5.300000000000000000e+01 6.675000000000000000e+03
5.400000000000000000e+01 3.558000000000000000e+03
5.500000000000000000e+01 1.988000000000000000e+03
5.600000000000000000e+01 9.720000000000000000e+02
5.700000000000000000e+01 5.610000000000000000e+02
5.800000000000000000e+01 2.770000000000000000e+02
5.900000000000000000e+01 1.870000000000000000e+02
6.000000000000000000e+01 8.300000000000000000e+01
6.100000000000000000e+01 7.400000000000000000e+01
6.200000000000000000e+01 4.500000000000000000e+01
6.300000000000000000e+01 5.000000000000000000e+01
6.400000000000000000e+01 3.700000000000000000e+01
6.500000000000000000e+01 3.000000000000000000e+01
6.600000000000000000e+01 2.900000000000000000e+01
6.700000000000000000e+01 2.700000000000000000e+01
6.800000000000000000e+01 2.200000000000000000e+01
6.900000000000000000e+01 2.000000000000000000e+01
7.000000000000000000e+01 1.100000000000000000e+01
7.100000000000000000e+01 1.400000000000000000e+01
7.200000000000000000e+01 1.900000000000000000e+01
7.300000000000000000e+01 1.500000000000000000e+01
7.400000000000000000e+01 1.700000000000000000e+01
7.500000000000000000e+01 8.000000000000000000e+00
7.600000000000000000e+01 1.600000000000000000e+01
7.700000000000000000e+01 7.000000000000000000e+00
7.800000000000000000e+01 1.200000000000000000e+01
7.900000000000000000e+01 4.000000000000000000e+00
8.000000000000000000e+01 1.400000000000000000e+01
8.100000000000000000e+01 7.000000000000000000e+00
8.200000000000000000e+01 1.600000000000000000e+01
8.300000000000000000e+01 3.000000000000000000e+00
8.400000000000000000e+01 9.000000000000000000e+00
8.500000000000000000e+01 3.000000000000000000e+00
8.600000000000000000e+01 5.000000000000000000e+00
8.700000000000000000e+01 6.000000000000000000e+00
8.800000000000000000e+01 9.000000000000000000e+00
8.900000000000000000e+01 2.000000000000000000e+00
9.000000000000000000e+01 4.000000000000000000e+00
9.100000000000000000e+01 3.000000000000000000e+00
9.200000000000000000e+01 2.000000000000000000e+00
9.300000000000000000e+01 2.000000000000000000e+00
9.600000000000000000e+01 3.000000000000000000e+00
9.700000000000000000e+01 2.000000000000000000e+00
9.900000000000000000e+01 1.000000000000000000e+00
1.000000000000000000e+02 1.000000000000000000e+00
1.010000000000000000e+02 2.000000000000000000e+00
1.030000000000000000e+02 3.000000000000000000e+00
1.050000000000000000e+02 1.000000000000000000e+00
1.060000000000000000e+02 1.000000000000000000e+00
1.070000000000000000e+02 2.000000000000000000e+00
1.210000000000000000e+02 1.000000000000000000e+00
1.410000000000000000e+02 1.000000000000000000e+00
2.210000000000000000e+02 1.000000000000000000e+00
2.400000000000000000e+02 1.000000000000000000e+00
2.700000000000000000e+02 1.000000000000000000e+00
4.650000000000000000e+02 1.000000000000000000e+00
1.184000000000000000e+03 1.000000000000000000e+00
3.191000000000000000e+03 1.000000000000000000e+00
