-4.000000000000000000e+00 7.000000000000000000e+00
-3.000000000000000000e+00 4.000000000000000000e+00
-2.000000000000000000e+00 1.800000000000000000e+01
-1.000000000000000000e+00 7.800000000000000000e+01
0.000000000000000000e+00 1.383000000000000000e+03
1.000000000000000000e+00 1.390000000000000000e+02
2.000000000000000000e+00 1.720000000000000000e+02
3.000000000000000000e+00 2.940000000000000000e+02
4.000000000000000000e+00 1.491000000000000000e+03
5.000000000000000000e+00 1.127500000000000000e+04
6.000000000000000000e+00 7.890000000000000000e+04
7.000000000000000000e+00 1.369980000000000000e+05
8.000000000000000000e+00 1.647170000000000000e+05
9.000000000000000000e+00 1.950980000000000000e+05
1.000000000000000000e+01 2.258170000000000000e+05
1.100000000000000000e+01 2.451160000000000000e+05
1.200000000000000000e+01 2.599130000000000000e+05
1.300000000000000000e+01 2.704900000000000000e+05
1.400000000000000000e+01 2.836080000000000000e+05
1.500000000000000000e+01 2.987500000000000000e+05
1.600000000000000000e+01 3.272720000000000000e+05
1.700000000000000000e+01 3.696600000000000000e+05
1.800000000000000000e+01 4.279530000000000000e+05
1.900000000000000000e+01 4.988190000000000000e+05
2.000000000000000000e+01 5.884670000000000000e+05
2.100000000000000000e+01 6.969490000000000000e+05
2.200000000000000000e+01 8.124190000000000000e+05
2.300000000000000000e+01 9.180530000000000000e+05
2.400000000000000000e+01 1.002983000000000000e+06
2.500000000000000000e+01 1.040899000000000000e+06
2.600000000000000000e+01 1.030644000000000000e+06
2.700000000000000000e+01 9.825150000000000000e+05
2.800000000000000000e+01 9.160880000000000000e+05
2.900000000000000000e+01 8.490350000000000000e+05
3.000000000000000000e+01 7.773760000000000000e+05
3.100000000000000000e+01 7.107340000000000000e+05
3.200000000000000000e+01 6.506910000000000000e+05
3.300000000000000000e+01 5.989980000000000000e+05
3.400000000000000000e+01 5.533700000000000000e+05
3.500000000000000000e+01 5.108220000000000000e+05
3.600000000000000000e+01 4.712460000000000000e+05
3.700000000000000000e+01 4.309680000000000000e+05
3.800000000000000000e+01 3.950060000000000000e+05
3.900000000000000000e+01 3.579190000000000000e+05
4.000000000000000000e+01 3.215980000000000000e+05
4.100000000000000000e+01 2.856710000000000000e+05
4.200000000000000000e+01 2.490680000000000000e+05
4.300000000000000000e+01 2.132160000000000000e+05
4.400000000000000000e+01 1.781840000000000000e+05
4.500000000000000000e+01 1.441450000000000000e+05
4.600000000000000000e+01 1.130720000000000000e+05
4.700000000000000000e+01 8.573700000000000000e+04
4.800000000000000000e+01 6.203900000000000000e+04
4.900000000000000000e+01 4.319500000000000000e+04
5.000000000000000000e+01 2.795800000000000000e+04
5.100000000000000000e+01 1.776500000000000000e+04
5.200000000000000000e+01 1.046500000000000000e+04
5.300000000000000000e+01 6.032000000000000000e+03
5.400000000000000000e+01 3.188000000000000000e+03
5.500000000000000000e+01 1.797000000000000000e+03
5.600000000000000000e+01 9.140000000000000000e+02
5.700000000000000000e+01 4.810000000000000000e+02
5.800000000000000000e+01 2.490000000000000000e+02
5.900000000000000000e+01 1.650000000000000000e+02
6.000000000000000000e+01 7.500000000000000000e+01
6.100000000000000000e+01 8.100000000000000000e+01
6.200000000000000000e+01 4.600000000000000000e+01
6.300000000000000000e+01 5.700000000000000000e+01
6.400000000000000000e+01 3.000000000000000000e+01
6.500000000000000000e+01 3.500000000000000000e+01
6.600000000000000000e+01 2.900000000000000000e+01
6.700000000000000000e+01 2.500000000000000000e+01
6.800000000000000000e+01 2.500000000000000000e+01
6.900000000000000000e+01 1.600000000000000000e+01
7.000000000000000000e+01 2.600000000000000000e+01
7.100000000000000000e+01 2.300000000000000000e+01
7.200000000000000000e+01 1.900000000000000000e+01
7.300000000000000000e+01 1.300000000000000000e+01
7.400000000000000000e+01 1.400000000000000000e+01
7.500000000000000000e+01 9.000000000000000000e+00
7.600000000000000000e+01 2.300000000000000000e+01
7.700000000000000000e+01 4.000000000000000000e+00
7.800000000000000000e+01 1.300000000000000000e+01
7.900000000000000000e+01 4.000000000000000000e+00
8.000000000000000000e+01 1.100000000000000000e+01
8.100000000000000000e+01 4.000000000000000000e+00
8.200000000000000000e+01 1.200000000000000000e+01
8.300000000000000000e+01 6.000000000000000000e+00
8.400000000000000000e+01 1.100000000000000000e+01
8.500000000000000000e+01 2.000000000000000000e+00
8.600000000000000000e+01 1.200000000000000000e+01
8.700000000000000000e+01 4.000000000000000000e+00
8.800000000000000000e+01 6.000000000000000000e+00
8.900000000000000000e+01 7.000000000000000000e+00
9.000000000000000000e+01 4.000000000000000000e+00
9.100000000000000000e+01 2.000000000000000000e+00
9.200000000000000000e+01 9.000000000000000000e+00
9.400000000000000000e+01 3.000000000000000000e+00
9.500000000000000000e+01 1.000000000000000000e+00
9.600000000000000000e+01 4.000000000000000000e+00
9.700000000000000000e+01 1.000000000000000000e+00
9.800000000000000000e+01 1.000000000000000000e+00
1.010000000000000000e+02 2.000000000000000000e+00
1.030000000000000000e+02 1.000000000000000000e+00
1.050000000000000000e+02 1.000000000000000000e+00
1.490000000000000000e+02 1.000000000000000000e+00
1.560000000000000000e+02 1.000000000000000000e+00
1.730000000000000000e+02 1.000000000000000000e+00
2.180000000000000000e+02 1.000000000000000000e+00
2.450000000000000000e+02 1.000000000000000000e+00
2.470000000000000000e+02 1.000000000000000000e+00
2.630000000000000000e+02 1.000000000000000000e+00
2.820000000000000000e+02 1.000000000000000000e+00
3.910000000000000000e+02 1.000000000000000000e+00
5.930000000000000000e+02 1.000000000000000000e+00
