-4.000000000000000000e+00 2.000000000000000000e+00
-3.000000000000000000e+00 3.000000000000000000e+00
-2.000000000000000000e+00 6.000000000000000000e+00
-1.000000000000000000e+00 2.800000000000000000e+01
0.000000000000000000e+00 1.352000000000000000e+03
1.000000000000000000e+00 6.700000000000000000e+01
2.000000000000000000e+00 1.040000000000000000e+02
3.000000000000000000e+00 1.280000000000000000e+02
4.000000000000000000e+00 7.210000000000000000e+02
5.000000000000000000e+00 4.089000000000000000e+03
6.000000000000000000e+00 2.443600000000000000e+04
7.000000000000000000e+00 4.607900000000000000e+04
8.000000000000000000e+00 6.552100000000000000e+04
9.000000000000000000e+00 9.497800000000000000e+04
1.000000000000000000e+01 1.347270000000000000e+05
1.100000000000000000e+01 1.857210000000000000e+05
1.200000000000000000e+01 2.532010000000000000e+05
1.300000000000000000e+01 3.438270000000000000e+05
1.400000000000000000e+01 4.588260000000000000e+05
1.500000000000000000e+01 5.976800000000000000e+05
1.600000000000000000e+01 7.673160000000000000e+05
1.700000000000000000e+01 9.730140000000000000e+05
1.800000000000000000e+01 1.191650000000000000e+06
1.900000000000000000e+01 1.399015000000000000e+06
2.000000000000000000e+01 1.558412000000000000e+06
2.100000000000000000e+01 1.638188000000000000e+06
2.200000000000000000e+01 1.605984000000000000e+06
2.300000000000000000e+01 1.431285000000000000e+06
2.400000000000000000e+01 1.148152000000000000e+06
2.500000000000000000e+01 7.971920000000000000e+05
2.600000000000000000e+01 4.774470000000000000e+05
2.700000000000000000e+01 2.501190000000000000e+05
2.800000000000000000e+01 1.188140000000000000e+05
2.900000000000000000e+01 5.581900000000000000e+04
3.000000000000000000e+01 2.645900000000000000e+04
3.100000000000000000e+01 1.284000000000000000e+04
3.200000000000000000e+01 5.693000000000000000e+03
3.300000000000000000e+01 2.402000000000000000e+03
3.400000000000000000e+01 9.520000000000000000e+02
3.500000000000000000e+01 3.670000000000000000e+02
3.600000000000000000e+01 1.720000000000000000e+02
3.700000000000000000e+01 6.900000000000000000e+01
3.800000000000000000e+01 8.300000000000000000e+01
3.900000000000000000e+01 3.200000000000000000e+01
4.000000000000000000e+01 6.200000000000000000e+01
4.100000000000000000e+01 5.500000000000000000e+01
4.200000000000000000e+01 3.900000000000000000e+01
4.300000000000000000e+01 4.200000000000000000e+01
4.400000000000000000e+01 3.700000000000000000e+01
4.500000000000000000e+01 4.100000000000000000e+01
4.600000000000000000e+01 3.000000000000000000e+01
4.700000000000000000e+01 3.200000000000000000e+01
4.800000000000000000e+01 1.200000000000000000e+01
4.900000000000000000e+01 3.700000000000000000e+01
5.000000000000000000e+01 9.000000000000000000e+00
5.100000000000000000e+01 2.700000000000000000e+01
5.200000000000000000e+01 2.000000000000000000e+01
5.300000000000000000e+01 1.500000000000000000e+01
5.400000000000000000e+01 8.000000000000000000e+00
5.500000000000000000e+01 1.000000000000000000e+01
5.600000000000000000e+01 8.000000000000000000e+00
5.700000000000000000e+01 1.000000000000000000e+00
5.800000000000000000e+01 7.000000000000000000e+00
5.900000000000000000e+01 2.000000000000000000e+00
6.100000000000000000e+01 2.000000000000000000e+00
6.200000000000000000e+01 2.000000000000000000e+00
6.300000000000000000e+01 2.000000000000000000e+00
7.100000000000000000e+01 1.000000000000000000e+00
7.600000000000000000e+01 1.000000000000000000e+00
7.800000000000000000e+01 2.000000000000000000e+00
7.900000000000000000e+01 1.000000000000000000e+00
8.100000000000000000e+01 1.000000000000000000e+00
8.200000000000000000e+01 1.000000000000000000e+00
8.300000000000000000e+01 1.000000000000000000e+00
8.800000000000000000e+01 2.000000000000000000e+00
9.700000000000000000e+01 4.000000000000000000e+00
1.080000000000000000e+02 2.000000000000000000e+00
1.120000000000000000e+02 1.000000000000000000e+00
1.150000000000000000e+02 1.000000000000000000e+00
1.170000000000000000e+02 1.000000000000000000e+00
1.360000000000000000e+02 1.000000000000000000e+00
1.430000000000000000e+02 1.000000000000000000e+00
1.530000000000000000e+02 1.000000000000000000e+00
1.580000000000000000e+02 1.000000000000000000e+00
1.600000000000000000e+02 1.000000000000000000e+00
2.060000000000000000e+02 1.000000000000000000e+00
2.260000000000000000e+02 1.000000000000000000e+00
2.390000000000000000e+02 1.000000000000000000e+00
2.450000000000000000e+02 1.000000000000000000e+00
3.140000000000000000e+02 1.000000000000000000e+00
3.250000000000000000e+02 1.000000000000000000e+00
4.120000000000000000e+02 1.000000000000000000e+00
5.060000000000000000e+02 1.000000000000000000e+00
6.750000000000000000e+02 1.000000000000000000e+00
7.580000000000000000e+02 1.000000000000000000e+00
1.063000000000000000e+03 1.000000000000000000e+00
1.134000000000000000e+03 1.000000000000000000e+00
1.687000000000000000e+03 1.000000000000000000e+00
