-4.000000000000000000e+00 1.000000000000000000e+00
-3.000000000000000000e+00 1.000000000000000000e+00
-2.000000000000000000e+00 1.700000000000000000e+01
-1.000000000000000000e+00 2.700000000000000000e+01
0.000000000000000000e+00 1.340000000000000000e+03
1.000000000000000000e+00 7.600000000000000000e+01
2.000000000000000000e+00 1.000000000000000000e+02
3.000000000000000000e+00 1.450000000000000000e+02
4.000000000000000000e+00 1.051000000000000000e+03
5.000000000000000000e+00 6.627000000000000000e+03
6.000000000000000000e+00 4.406400000000000000e+04
7.000000000000000000e+00 7.512800000000000000e+04
8.000000000000000000e+00 8.665700000000000000e+04
9.000000000000000000e+00 9.914100000000000000e+04
1.000000000000000000e+01 1.078170000000000000e+05
1.100000000000000000e+01 1.116460000000000000e+05
1.200000000000000000e+01 1.126930000000000000e+05
1.300000000000000000e+01 1.167900000000000000e+05
1.400000000000000000e+01 1.277390000000000000e+05
1.500000000000000000e+01 1.485590000000000000e+05
1.600000000000000000e+01 1.816560000000000000e+05
1.700000000000000000e+01 2.314150000000000000e+05
1.800000000000000000e+01 2.950330000000000000e+05
1.900000000000000000e+01 3.728230000000000000e+05
2.000000000000000000e+01 4.609120000000000000e+05
2.100000000000000000e+01 5.607970000000000000e+05
2.200000000000000000e+01 6.638920000000000000e+05
2.300000000000000000e+01 7.548260000000000000e+05
2.400000000000000000e+01 8.301100000000000000e+05
2.500000000000000000e+01 8.658770000000000000e+05
2.600000000000000000e+01 8.629190000000000000e+05
2.700000000000000000e+01 8.244810000000000000e+05
2.800000000000000000e+01 7.620900000000000000e+05
2.900000000000000000e+01 6.885050000000000000e+05
3.000000000000000000e+01 6.070640000000000000e+05
3.100000000000000000e+01 5.241870000000000000e+05
3.200000000000000000e+01 4.453990000000000000e+05
3.300000000000000000e+01 3.699850000000000000e+05
3.400000000000000000e+01 2.997480000000000000e+05
3.500000000000000000e+01 2.342970000000000000e+05
3.600000000000000000e+01 1.746570000000000000e+05
3.700000000000000000e+01 1.241590000000000000e+05
3.800000000000000000e+01 8.378000000000000000e+04
3.900000000000000000e+01 5.350600000000000000e+04
4.000000000000000000e+01 3.120600000000000000e+04
4.100000000000000000e+01 1.694000000000000000e+04
4.200000000000000000e+01 8.570000000000000000e+03
4.300000000000000000e+01 3.858000000000000000e+03
4.400000000000000000e+01 1.707000000000000000e+03
4.500000000000000000e+01 7.430000000000000000e+02
4.600000000000000000e+01 3.370000000000000000e+02
4.700000000000000000e+01 1.460000000000000000e+02
4.800000000000000000e+01 7.500000000000000000e+01
4.900000000000000000e+01 6.900000000000000000e+01
5.000000000000000000e+01 3.400000000000000000e+01
5.100000000000000000e+01 4.000000000000000000e+01
5.200000000000000000e+01 1.500000000000000000e+01
5.300000000000000000e+01 3.300000000000000000e+01
5.400000000000000000e+01 3.000000000000000000e+01
5.500000000000000000e+01 2.800000000000000000e+01
5.600000000000000000e+01 5.000000000000000000e+00
5.700000000000000000e+01 2.200000000000000000e+01
5.800000000000000000e+01 8.000000000000000000e+00
5.900000000000000000e+01 1.700000000000000000e+01
6.000000000000000000e+01 1.400000000000000000e+01
6.100000000000000000e+01 1.500000000000000000e+01
6.200000000000000000e+01 4.000000000000000000e+00
6.300000000000000000e+01 1.200000000000000000e+01
6.400000000000000000e+01 1.300000000000000000e+01
6.500000000000000000e+01 8.000000000000000000e+00
6.600000000000000000e+01 6.000000000000000000e+00
6.700000000000000000e+01 1.600000000000000000e+01
6.800000000000000000e+01 3.000000000000000000e+00
6.900000000000000000e+01 5.000000000000000000e+00
7.000000000000000000e+01 3.000000000000000000e+00
7.100000000000000000e+01 1.000000000000000000e+01
7.200000000000000000e+01 5.000000000000000000e+00
7.300000000000000000e+01 2.000000000000000000e+00
7.400000000000000000e+01 2.000000000000000000e+00
7.500000000000000000e+01 2.000000000000000000e+00
7.600000000000000000e+01 6.000000000000000000e+00
7.700000000000000000e+01 2.000000000000000000e+00
7.800000000000000000e+01 1.000000000000000000e+00
7.900000000000000000e+01 1.000000000000000000e+00
8.000000000000000000e+01 1.000000000000000000e+00
8.200000000000000000e+01 1.000000000000000000e+00
8.400000000000000000e+01 2.000000000000000000e+00
8.500000000000000000e+01 1.000000000000000000e+00
1.050000000000000000e+02 1.000000000000000000e+00
1.250000000000000000e+02 1.000000000000000000e+00
3.450000000000000000e+02 1.000000000000000000e+00
8.070000000000000000e+02 1.000000000000000000e+00
1.475000000000000000e+03 1.000000000000000000e+00
