-4.000000000000000000e+00 5.000000000000000000e+00
-3.000000000000000000e+00 3.000000000000000000e+00
-2.000000000000000000e+00 1.500000000000000000e+01
-1.000000000000000000e+00 4.000000000000000000e+01
0.000000000000000000e+00 1.345000000000000000e+03
1.000000000000000000e+00 1.080000000000000000e+02
2.000000000000000000e+00 1.300000000000000000e+02
3.000000000000000000e+00 1.870000000000000000e+02
4.000000000000000000e+00 9.930000000000000000e+02
5.000000000000000000e+00 4.727000000000000000e+03
6.000000000000000000e+00 2.603100000000000000e+04
7.000000000000000000e+00 4.887700000000000000e+04
8.000000000000000000e+00 6.826100000000000000e+04
9.000000000000000000e+00 9.804800000000000000e+04
1.000000000000000000e+01 1.380480000000000000e+05
1.100000000000000000e+01 1.910370000000000000e+05
1.200000000000000000e+01 2.615930000000000000e+05
1.300000000000000000e+01 3.591090000000000000e+05
1.400000000000000000e+01 4.827860000000000000e+05
1.500000000000000000e+01 6.393580000000000000e+05
1.600000000000000000e+01 8.357540000000000000e+05
1.700000000000000000e+01 1.075771000000000000e+06
1.800000000000000000e+01 1.340453000000000000e+06
1.900000000000000000e+01 1.609314000000000000e+06
2.000000000000000000e+01 1.851474000000000000e+06
2.100000000000000000e+01 2.056460000000000000e+06
2.200000000000000000e+01 2.194758000000000000e+06
2.300000000000000000e+01 2.230378000000000000e+06
2.400000000000000000e+01 2.163729000000000000e+06
2.500000000000000000e+01 1.968678000000000000e+06
2.600000000000000000e+01 1.683327000000000000e+06
2.700000000000000000e+01 1.340631000000000000e+06
2.800000000000000000e+01 9.774050000000000000e+05
2.900000000000000000e+01 6.476810000000000000e+05
3.000000000000000000e+01 3.822420000000000000e+05
3.100000000000000000e+01 1.991690000000000000e+05
3.200000000000000000e+01 9.269700000000000000e+04
3.300000000000000000e+01 3.854300000000000000e+04
3.400000000000000000e+01 1.517500000000000000e+04
3.500000000000000000e+01 5.727000000000000000e+03
3.600000000000000000e+01 2.092000000000000000e+03
3.700000000000000000e+01 7.850000000000000000e+02
3.800000000000000000e+01 3.360000000000000000e+02
3.900000000000000000e+01 1.530000000000000000e+02
4.000000000000000000e+01 1.330000000000000000e+02
4.100000000000000000e+01 9.500000000000000000e+01
4.200000000000000000e+01 1.130000000000000000e+02
4.300000000000000000e+01 7.900000000000000000e+01
4.400000000000000000e+01 7.700000000000000000e+01
4.500000000000000000e+01 6.400000000000000000e+01
4.600000000000000000e+01 7.400000000000000000e+01
4.700000000000000000e+01 6.900000000000000000e+01
4.800000000000000000e+01 3.400000000000000000e+01
4.900000000000000000e+01 8.300000000000000000e+01
5.000000000000000000e+01 1.800000000000000000e+01
5.100000000000000000e+01 7.300000000000000000e+01
5.200000000000000000e+01 2.600000000000000000e+01
5.300000000000000000e+01 6.000000000000000000e+01
5.400000000000000000e+01 1.700000000000000000e+01
5.500000000000000000e+01 4.800000000000000000e+01
5.600000000000000000e+01 1.600000000000000000e+01
5.700000000000000000e+01 3.400000000000000000e+01
5.800000000000000000e+01 8.000000000000000000e+00
5.900000000000000000e+01 2.500000000000000000e+01
6.000000000000000000e+01 6.000000000000000000e+00
6.100000000000000000e+01 1.300000000000000000e+01
6.200000000000000000e+01 4.000000000000000000e+00
6.300000000000000000e+01 9.000000000000000000e+00
6.400000000000000000e+01 7.000000000000000000e+00
6.500000000000000000e+01 1.000000000000000000e+00
6.600000000000000000e+01 3.000000000000000000e+00
6.700000000000000000e+01 2.000000000000000000e+00
6.800000000000000000e+01 2.000000000000000000e+00
6.900000000000000000e+01 1.000000000000000000e+00
7.000000000000000000e+01 1.000000000000000000e+00
7.100000000000000000e+01 2.000000000000000000e+00
7.200000000000000000e+01 1.000000000000000000e+00
7.300000000000000000e+01 1.000000000000000000e+00
7.700000000000000000e+01 2.000000000000000000e+00
8.000000000000000000e+01 1.000000000000000000e+00
8.900000000000000000e+01 1.000000000000000000e+00
9.100000000000000000e+01 1.000000000000000000e+00
9.200000000000000000e+01 1.000000000000000000e+00
9.700000000000000000e+01 1.000000000000000000e+00
9.900000000000000000e+01 2.000000000000000000e+00
1.050000000000000000e+02 1.000000000000000000e+00
1.090000000000000000e+02 1.000000000000000000e+00
1.440000000000000000e+02 1.000000000000000000e+00
1.580000000000000000e+02 1.000000000000000000e+00
1.810000000000000000e+02 1.000000000000000000e+00
1.820000000000000000e+02 1.000000000000000000e+00
1.930000000000000000e+02 1.000000000000000000e+00
2.120000000000000000e+02 1.000000000000000000e+00
2.270000000000000000e+02 1.000000000000000000e+00
4.130000000000000000e+02 1.000000000000000000e+00
6.790000000000000000e+02 1.000000000000000000e+00
7.350000000000000000e+02 1.000000000000000000e+00
1.557000000000000000e+03 1.000000000000000000e+00
2.130000000000000000e+03 1.000000000000000000e+00
