-4.000000000000000000e+00 1.000000000000000000e+00
-3.000000000000000000e+00 4.000000000000000000e+00
-2.000000000000000000e+00 8.000000000000000000e+00
-1.000000000000000000e+00 3.300000000000000000e+01
0.000000000000000000e+00 1.352000000000000000e+03
1.000000000000000000e+00 6.700000000000000000e+01
2.000000000000000000e+00 9.100000000000000000e+01
3.000000000000000000e+00 1.460000000000000000e+02
4.000000000000000000e+00 7.060000000000000000e+02
5.000000000000000000e+00 4.171000000000000000e+03
6.000000000000000000e+00 2.439700000000000000e+04
7.000000000000000000e+00 4.548100000000000000e+04
8.000000000000000000e+00 6.501400000000000000e+04
9.000000000000000000e+00 9.406000000000000000e+04
1.000000000000000000e+01 1.328270000000000000e+05
1.100000000000000000e+01 1.840200000000000000e+05
1.200000000000000000e+01 2.524020000000000000e+05
1.300000000000000000e+01 3.414800000000000000e+05
1.400000000000000000e+01 4.545970000000000000e+05
1.500000000000000000e+01 5.927790000000000000e+05
1.600000000000000000e+01 7.616960000000000000e+05
1.700000000000000000e+01 9.648730000000000000e+05
1.800000000000000000e+01 1.184999000000000000e+06
1.900000000000000000e+01 1.390721000000000000e+06
2.000000000000000000e+01 1.549318000000000000e+06
2.100000000000000000e+01 1.632950000000000000e+06
2.200000000000000000e+01 1.602404000000000000e+06
2.300000000000000000e+01 1.434099000000000000e+06
2.400000000000000000e+01 1.149854000000000000e+06
2.500000000000000000e+01 7.994810000000000000e+05
2.600000000000000000e+01 4.825390000000000000e+05
2.700000000000000000e+01 2.530300000000000000e+05
2.800000000000000000e+01 1.203870000000000000e+05
2.900000000000000000e+01 5.574000000000000000e+04
3.000000000000000000e+01 2.679100000000000000e+04
3.100000000000000000e+01 1.288800000000000000e+04
3.200000000000000000e+01 5.712000000000000000e+03
3.300000000000000000e+01 2.434000000000000000e+03
3.400000000000000000e+01 1.007000000000000000e+03
3.500000000000000000e+01 3.920000000000000000e+02
3.600000000000000000e+01 1.970000000000000000e+02
3.700000000000000000e+01 7.400000000000000000e+01
3.800000000000000000e+01 7.200000000000000000e+01
3.900000000000000000e+01 2.400000000000000000e+01
4.000000000000000000e+01 7.200000000000000000e+01
4.100000000000000000e+01 5.200000000000000000e+01
4.200000000000000000e+01 4.000000000000000000e+01
4.300000000000000000e+01 5.400000000000000000e+01
4.400000000000000000e+01 3.600000000000000000e+01
4.500000000000000000e+01 3.000000000000000000e+01
4.600000000000000000e+01 3.500000000000000000e+01
4.700000000000000000e+01 2.600000000000000000e+01
4.800000000000000000e+01 1.600000000000000000e+01
4.900000000000000000e+01 4.100000000000000000e+01
5.000000000000000000e+01 1.000000000000000000e+01
5.100000000000000000e+01 2.000000000000000000e+01
5.200000000000000000e+01 8.000000000000000000e+00
5.300000000000000000e+01 1.400000000000000000e+01
5.400000000000000000e+01 1.000000000000000000e+01
5.500000000000000000e+01 1.200000000000000000e+01
5.600000000000000000e+01 4.000000000000000000e+00
5.700000000000000000e+01 7.000000000000000000e+00
5.900000000000000000e+01 2.000000000000000000e+00
6.100000000000000000e+01 3.000000000000000000e+00
6.200000000000000000e+01 3.000000000000000000e+00
6.400000000000000000e+01 1.000000000000000000e+00
6.500000000000000000e+01 1.000000000000000000e+00
6.700000000000000000e+01 1.000000000000000000e+00
6.800000000000000000e+01 1.000000000000000000e+00
7.000000000000000000e+01 1.000000000000000000e+00
7.300000000000000000e+01 1.000000000000000000e+00
8.200000000000000000e+01 1.000000000000000000e+00
8.600000000000000000e+01 1.000000000000000000e+00
9.700000000000000000e+01 1.000000000000000000e+00
9.900000000000000000e+01 1.000000000000000000e+00
1.030000000000000000e+02 1.000000000000000000e+00
1.150000000000000000e+02 1.000000000000000000e+00
1.200000000000000000e+02 3.000000000000000000e+00
1.240000000000000000e+02 1.000000000000000000e+00
1.250000000000000000e+02 1.000000000000000000e+00
1.300000000000000000e+02 1.000000000000000000e+00
1.390000000000000000e+02 1.000000000000000000e+00
1.440000000000000000e+02 1.000000000000000000e+00
1.450000000000000000e+02 1.000000000000000000e+00
1.550000000000000000e+02 1.000000000000000000e+00
1.700000000000000000e+02 1.000000000000000000e+00
1.740000000000000000e+02 1.000000000000000000e+00
1.790000000000000000e+02 1.000000000000000000e+00
1.950000000000000000e+02 1.000000000000000000e+00
2.020000000000000000e+02 1.000000000000000000e+00
2.470000000000000000e+02 1.000000000000000000e+00
3.190000000000000000e+02 1.000000000000000000e+00
4.240000000000000000e+02 1.000000000000000000e+00
4.760000000000000000e+02 1.000000000000000000e+00
8.160000000000000000e+02 1.000000000000000000e+00
1.748000000000000000e+03 1.000000000000000000e+00
