-4.000000000000000000e+00 5.000000000000000000e+00
-3.000000000000000000e+00 8.000000000000000000e+00
-2.000000000000000000e+00 1.000000000000000000e+01
-1.000000000000000000e+00 4.600000000000000000e+01
0.000000000000000000e+00 1.368000000000000000e+03
1.000000000000000000e+00 1.250000000000000000e+02
2.000000000000000000e+00 1.880000000000000000e+02
3.000000000000000000e+00 2.790000000000000000e+02
4.000000000000000000e+00 1.545000000000000000e+03
5.000000000000000000e+00 1.116200000000000000e+04
6.000000000000000000e+00 7.590100000000000000e+04
7.000000000000000000e+00 1.318690000000000000e+05
8.000000000000000000e+00 1.589940000000000000e+05
9.000000000000000000e+00 1.889650000000000000e+05
1.000000000000000000e+01 2.185820000000000000e+05
1.100000000000000000e+01 2.377930000000000000e+05
1.200000000000000000e+01 2.500820000000000000e+05
1.300000000000000000e+01 2.586700000000000000e+05
1.400000000000000000e+01 2.666500000000000000e+05
1.500000000000000000e+01 2.776770000000000000e+05
1.600000000000000000e+01 2.976540000000000000e+05
1.700000000000000000e+01 3.289250000000000000e+05
1.800000000000000000e+01 3.752550000000000000e+05
1.900000000000000000e+01 4.334720000000000000e+05
2.000000000000000000e+01 5.090690000000000000e+05
2.100000000000000000e+01 6.020640000000000000e+05
2.200000000000000000e+01 7.060170000000000000e+05
2.300000000000000000e+01 8.037340000000000000e+05
2.400000000000000000e+01 8.836240000000000000e+05
2.500000000000000000e+01 9.257430000000000000e+05
2.600000000000000000e+01 9.221480000000000000e+05
2.700000000000000000e+01 8.901230000000000000e+05
2.800000000000000000e+01 8.385220000000000000e+05
2.900000000000000000e+01 7.842270000000000000e+05
3.000000000000000000e+01 7.281110000000000000e+05
3.100000000000000000e+01 6.747260000000000000e+05
3.200000000000000000e+01 6.274700000000000000e+05
3.300000000000000000e+01 5.824300000000000000e+05
3.400000000000000000e+01 5.425870000000000000e+05
3.500000000000000000e+01 5.049230000000000000e+05
3.600000000000000000e+01 4.681100000000000000e+05
3.700000000000000000e+01 4.343400000000000000e+05
3.800000000000000000e+01 4.000720000000000000e+05
3.900000000000000000e+01 3.663350000000000000e+05
4.000000000000000000e+01 3.314100000000000000e+05
4.100000000000000000e+01 2.952490000000000000e+05
4.200000000000000000e+01 2.591190000000000000e+05
4.300000000000000000e+01 2.224950000000000000e+05
4.400000000000000000e+01 1.872360000000000000e+05
4.500000000000000000e+01 1.520970000000000000e+05
4.600000000000000000e+01 1.196410000000000000e+05
4.700000000000000000e+01 9.067700000000000000e+04
4.800000000000000000e+01 6.587600000000000000e+04
4.900000000000000000e+01 4.596100000000000000e+04
5.000000000000000000e+01 3.018100000000000000e+04
5.100000000000000000e+01 1.908500000000000000e+04
5.200000000000000000e+01 1.124200000000000000e+04
5.300000000000000000e+01 6.459000000000000000e+03
5.400000000000000000e+01 3.478000000000000000e+03
5.500000000000000000e+01 1.904000000000000000e+03
5.600000000000000000e+01 9.830000000000000000e+02
5.700000000000000000e+01 5.360000000000000000e+02
5.800000000000000000e+01 2.490000000000000000e+02
5.900000000000000000e+01 1.540000000000000000e+02
6.000000000000000000e+01 8.200000000000000000e+01
6.100000000000000000e+01 7.200000000000000000e+01
6.200000000000000000e+01 4.500000000000000000e+01
6.300000000000000000e+01 5.500000000000000000e+01
6.400000000000000000e+01 3.100000000000000000e+01
6.500000000000000000e+01 3.100000000000000000e+01
6.600000000000000000e+01 2.800000000000000000e+01
6.700000000000000000e+01 2.700000000000000000e+01
6.800000000000000000e+01 2.500000000000000000e+01
6.900000000000000000e+01 2.000000000000000000e+01
7.000000000000000000e+01 2.400000000000000000e+01
7.100000000000000000e+01 2.300000000000000000e+01
7.200000000000000000e+01 2.200000000000000000e+01
7.300000000000000000e+01 2.200000000000000000e+01
7.400000000000000000e+01 1.200000000000000000e+01
7.500000000000000000e+01 5.000000000000000000e+00
7.600000000000000000e+01 2.100000000000000000e+01
7.700000000000000000e+01 6.000000000000000000e+00
7.800000000000000000e+01 1.500000000000000000e+01
7.900000000000000000e+01 6.000000000000000000e+00
8.000000000000000000e+01 2.000000000000000000e+01
8.100000000000000000e+01 7.000000000000000000e+00
8.200000000000000000e+01 6.000000000000000000e+00
8.300000000000000000e+01 2.000000000000000000e+00
8.400000000000000000e+01 9.000000000000000000e+00
8.500000000000000000e+01 2.000000000000000000e+00
8.600000000000000000e+01 1.100000000000000000e+01
8.700000000000000000e+01 2.000000000000000000e+00
8.800000000000000000e+01 4.000000000000000000e+00
8.900000000000000000e+01 5.000000000000000000e+00
9.000000000000000000e+01 5.000000000000000000e+00
9.100000000000000000e+01 1.000000000000000000e+00
9.200000000000000000e+01 6.000000000000000000e+00
9.300000000000000000e+01 1.000000000000000000e+00
9.400000000000000000e+01 3.000000000000000000e+00
9.500000000000000000e+01 3.000000000000000000e+00
9.600000000000000000e+01 2.000000000000000000e+00
9.800000000000000000e+01 1.000000000000000000e+00
1.000000000000000000e+02 2.000000000000000000e+00
1.020000000000000000e+02 1.000000000000000000e+00
1.030000000000000000e+02 2.000000000000000000e+00
1.050000000000000000e+02 2.000000000000000000e+00
1.080000000000000000e+02 1.000000000000000000e+00
1.110000000000000000e+02 1.000000000000000000e+00
1.130000000000000000e+02 1.000000000000000000e+00
1.140000000000000000e+02 1.000000000000000000e+00
1.330000000000000000e+02 1.000000000000000000e+00
1.570000000000000000e+02 1.000000000000000000e+00
1.800000000000000000e+02 1.000000000000000000e+00
1.980000000000000000e+02 1.000000000000000000e+00
2.860000000000000000e+02 1.000000000000000000e+00
5.820000000000000000e+02 1.000000000000000000e+00
5.900000000000000000e+02 1.000000000000000000e+00
6.650000000000000000e+02 1.000000000000000000e+00
7.140000000000000000e+02 1.000000000000000000e+00
