-4.000000000000000000e+00 9.000000000000000000e+00
-3.000000000000000000e+00 1.100000000000000000e+01
-2.000000000000000000e+00 1.900000000000000000e+01
-1.000000000000000000e+00 9.300000000000000000e+01
0.000000000000000000e+00 1.414000000000000000e+03
1.000000000000000000e+00 2.110000000000000000e+02
2.000000000000000000e+00 2.630000000000000000e+02
3.000000000000000000e+00 3.950000000000000000e+02
4.000000000000000000e+00 2.124000000000000000e+03
5.000000000000000000e+00 1.583600000000000000e+04
6.000000000000000000e+00 1.110730000000000000e+05
7.000000000000000000e+00 1.922740000000000000e+05
8.000000000000000000e+00 2.307320000000000000e+05
9.000000000000000000e+00 2.739350000000000000e+05
1.000000000000000000e+01 3.156300000000000000e+05
1.100000000000000000e+01 3.448460000000000000e+05
1.200000000000000000e+01 3.642330000000000000e+05
1.300000000000000000e+01 3.800850000000000000e+05
1.400000000000000000e+01 3.988990000000000000e+05
1.500000000000000000e+01 4.238310000000000000e+05
1.600000000000000000e+01 4.638860000000000000e+05
1.700000000000000000e+01 5.248740000000000000e+05
1.800000000000000000e+01 6.088410000000000000e+05
1.900000000000000000e+01 7.105730000000000000e+05
2.000000000000000000e+01 8.399740000000000000e+05
2.100000000000000000e+01 9.922630000000000000e+05
2.200000000000000000e+01 1.157213000000000000e+06
2.300000000000000000e+01 1.300931000000000000e+06
2.400000000000000000e+01 1.411821000000000000e+06
2.500000000000000000e+01 1.453847000000000000e+06
2.600000000000000000e+01 1.433512000000000000e+06
2.700000000000000000e+01 1.359864000000000000e+06
2.800000000000000000e+01 1.268553000000000000e+06
2.900000000000000000e+01 1.171075000000000000e+06
3.000000000000000000e+01 1.069928000000000000e+06
3.100000000000000000e+01 9.805800000000000000e+05
3.200000000000000000e+01 9.002700000000000000e+05
3.300000000000000000e+01 8.259720000000000000e+05
3.400000000000000000e+01 7.641450000000000000e+05
3.500000000000000000e+01 7.050930000000000000e+05
3.600000000000000000e+01 6.477560000000000000e+05
3.700000000000000000e+01 5.955390000000000000e+05
3.800000000000000000e+01 5.442840000000000000e+05
3.900000000000000000e+01 4.936820000000000000e+05
4.000000000000000000e+01 4.431330000000000000e+05
4.100000000000000000e+01 3.908330000000000000e+05
4.200000000000000000e+01 3.420210000000000000e+05
4.300000000000000000e+01 2.909600000000000000e+05
4.400000000000000000e+01 2.422250000000000000e+05
4.500000000000000000e+01 1.954410000000000000e+05
4.600000000000000000e+01 1.533900000000000000e+05
4.700000000000000000e+01 1.153340000000000000e+05
4.800000000000000000e+01 8.288500000000000000e+04
4.900000000000000000e+01 5.706600000000000000e+04
5.000000000000000000e+01 3.663300000000000000e+04
5.100000000000000000e+01 2.286600000000000000e+04
5.200000000000000000e+01 1.355000000000000000e+04
5.300000000000000000e+01 7.613000000000000000e+03
5.400000000000000000e+01 4.184000000000000000e+03
5.500000000000000000e+01 2.268000000000000000e+03
5.600000000000000000e+01 1.163000000000000000e+03
5.700000000000000000e+01 6.230000000000000000e+02
5.800000000000000000e+01 3.150000000000000000e+02
5.900000000000000000e+01 2.200000000000000000e+02
6.000000000000000000e+01 1.020000000000000000e+02
6.100000000000000000e+01 1.070000000000000000e+02
6.200000000000000000e+01 6.800000000000000000e+01
6.300000000000000000e+01 6.900000000000000000e+01
6.400000000000000000e+01 5.300000000000000000e+01
6.500000000000000000e+01 4.300000000000000000e+01
6.600000000000000000e+01 4.800000000000000000e+01
6.700000000000000000e+01 3.700000000000000000e+01
6.800000000000000000e+01 2.600000000000000000e+01
6.900000000000000000e+01 3.500000000000000000e+01
7.000000000000000000e+01 2.100000000000000000e+01
7.100000000000000000e+01 3.400000000000000000e+01
7.200000000000000000e+01 1.900000000000000000e+01
7.300000000000000000e+01 1.500000000000000000e+01
7.400000000000000000e+01 1.500000000000000000e+01
7.500000000000000000e+01 1.100000000000000000e+01
7.600000000000000000e+01 2.700000000000000000e+01
7.700000000000000000e+01 1.000000000000000000e+01
7.800000000000000000e+01 2.800000000000000000e+01
7.900000000000000000e+01 1.000000000000000000e+01
8.000000000000000000e+01 1.700000000000000000e+01
8.100000000000000000e+01 7.000000000000000000e+00
8.200000000000000000e+01 1.700000000000000000e+01
8.300000000000000000e+01 3.000000000000000000e+00
8.400000000000000000e+01 2.800000000000000000e+01
8.500000000000000000e+01 6.000000000000000000e+00
8.600000000000000000e+01 1.800000000000000000e+01
8.700000000000000000e+01 3.000000000000000000e+00
8.800000000000000000e+01 3.000000000000000000e+00
8.900000000000000000e+01 7.000000000000000000e+00
9.000000000000000000e+01 8.000000000000000000e+00
9.100000000000000000e+01 6.000000000000000000e+00
9.200000000000000000e+01 8.000000000000000000e+00
9.300000000000000000e+01 2.000000000000000000e+00
9.400000000000000000e+01 3.000000000000000000e+00
9.600000000000000000e+01 1.000000000000000000e+00
9.700000000000000000e+01 1.000000000000000000e+00
9.800000000000000000e+01 3.000000000000000000e+00
1.000000000000000000e+02 1.000000000000000000e+00
1.010000000000000000e+02 2.000000000000000000e+00
1.050000000000000000e+02 1.000000000000000000e+00
1.060000000000000000e+02 1.000000000000000000e+00
1.070000000000000000e+02 1.000000000000000000e+00
1.720000000000000000e+02 1.000000000000000000e+00
2.330000000000000000e+02 1.000000000000000000e+00
2.390000000000000000e+02 1.000000000000000000e+00
2.790000000000000000e+02 1.000000000000000000e+00
3.030000000000000000e+02 1.000000000000000000e+00
3.050000000000000000e+02 1.000000000000000000e+00
3.210000000000000000e+02 1.000000000000000000e+00
5.420000000000000000e+02 1.000000000000000000e+00
5.890000000000000000e+02 1.000000000000000000e+00
1.555000000000000000e+03 1.000000000000000000e+00
