-4.000000000000000000e+00 1.000000000000000000e+01
-3.000000000000000000e+00 1.000000000000000000e+01
-2.000000000000000000e+00 3.500000000000000000e+01
-1.000000000000000000e+00 9.200000000000000000e+01
0.000000000000000000e+00 1.409000000000000000e+03
1.000000000000000000e+00 2.010000000000000000e+02
2.000000000000000000e+00 2.670000000000000000e+02
3.000000000000000000e+00 4.150000000000000000e+02
4.000000000000000000e+00 2.126000000000000000e+03
5.000000000000000000e+00 1.592600000000000000e+04
6.000000000000000000e+00 1.110220000000000000e+05
7.000000000000000000e+00 1.926560000000000000e+05
8.000000000000000000e+00 2.311000000000000000e+05
9.000000000000000000e+00 2.737740000000000000e+05
1.000000000000000000e+01 3.179000000000000000e+05
1.100000000000000000e+01 3.452670000000000000e+05
1.200000000000000000e+01 3.652740000000000000e+05
1.300000000000000000e+01 3.827680000000000000e+05
1.400000000000000000e+01 4.028230000000000000e+05
1.500000000000000000e+01 4.275910000000000000e+05
1.600000000000000000e+01 4.677900000000000000e+05
1.700000000000000000e+01 5.315400000000000000e+05
1.800000000000000000e+01 6.164610000000000000e+05
1.900000000000000000e+01 7.223170000000000000e+05
2.000000000000000000e+01 8.539830000000000000e+05
2.100000000000000000e+01 1.006155000000000000e+06
2.200000000000000000e+01 1.169256000000000000e+06
2.300000000000000000e+01 1.311974000000000000e+06
2.400000000000000000e+01 1.422035000000000000e+06
2.500000000000000000e+01 1.457310000000000000e+06
2.600000000000000000e+01 1.428229000000000000e+06
2.700000000000000000e+01 1.353816000000000000e+06
2.800000000000000000e+01 1.261500000000000000e+06
2.900000000000000000e+01 1.161445000000000000e+06
3.000000000000000000e+01 1.064552000000000000e+06
3.100000000000000000e+01 9.719830000000000000e+05
3.200000000000000000e+01 8.908740000000000000e+05
3.300000000000000000e+01 8.218260000000000000e+05
3.400000000000000000e+01 7.567930000000000000e+05
3.500000000000000000e+01 6.992240000000000000e+05
3.600000000000000000e+01 6.424360000000000000e+05
3.700000000000000000e+01 5.897370000000000000e+05
3.800000000000000000e+01 5.385090000000000000e+05
3.900000000000000000e+01 4.882340000000000000e+05
4.000000000000000000e+01 4.381050000000000000e+05
4.100000000000000000e+01 3.865070000000000000e+05
4.200000000000000000e+01 3.366310000000000000e+05
4.300000000000000000e+01 2.866450000000000000e+05
4.400000000000000000e+01 2.372980000000000000e+05
4.500000000000000000e+01 1.919400000000000000e+05
4.600000000000000000e+01 1.492530000000000000e+05
4.700000000000000000e+01 1.114130000000000000e+05
4.800000000000000000e+01 7.946600000000000000e+04
4.900000000000000000e+01 5.453700000000000000e+04
5.000000000000000000e+01 3.536200000000000000e+04
5.100000000000000000e+01 2.174200000000000000e+04
5.200000000000000000e+01 1.278100000000000000e+04
5.300000000000000000e+01 7.199000000000000000e+03
5.400000000000000000e+01 3.918000000000000000e+03
5.500000000000000000e+01 2.156000000000000000e+03
5.600000000000000000e+01 1.087000000000000000e+03
5.700000000000000000e+01 5.430000000000000000e+02
5.800000000000000000e+01 2.950000000000000000e+02
5.900000000000000000e+01 2.270000000000000000e+02
6.000000000000000000e+01 1.000000000000000000e+02
6.100000000000000000e+01 9.800000000000000000e+01
6.200000000000000000e+01 6.200000000000000000e+01
6.300000000000000000e+01 6.700000000000000000e+01
6.400000000000000000e+01 5.000000000000000000e+01
6.500000000000000000e+01 5.800000000000000000e+01
6.600000000000000000e+01 3.800000000000000000e+01
6.700000000000000000e+01 4.600000000000000000e+01
6.800000000000000000e+01 4.100000000000000000e+01
6.900000000000000000e+01 3.300000000000000000e+01
7.000000000000000000e+01 2.400000000000000000e+01
7.100000000000000000e+01 3.600000000000000000e+01
7.200000000000000000e+01 2.800000000000000000e+01
7.300000000000000000e+01 3.000000000000000000e+01
7.400000000000000000e+01 2.500000000000000000e+01
7.500000000000000000e+01 5.000000000000000000e+00
7.600000000000000000e+01 3.200000000000000000e+01
7.700000000000000000e+01 1.300000000000000000e+01
7.800000000000000000e+01 2.300000000000000000e+01
7.900000000000000000e+01 8.000000000000000000e+00
8.000000000000000000e+01 2.100000000000000000e+01
8.100000000000000000e+01 2.000000000000000000e+00
8.200000000000000000e+01 1.700000000000000000e+01
8.300000000000000000e+01 3.000000000000000000e+00
8.400000000000000000e+01 1.500000000000000000e+01
8.500000000000000000e+01 3.000000000000000000e+00
8.600000000000000000e+01 1.400000000000000000e+01
8.700000000000000000e+01 7.000000000000000000e+00
8.800000000000000000e+01 2.000000000000000000e+00
8.900000000000000000e+01 4.000000000000000000e+00
9.000000000000000000e+01 2.000000000000000000e+00
9.100000000000000000e+01 2.000000000000000000e+00
9.200000000000000000e+01 5.000000000000000000e+00
9.300000000000000000e+01 3.000000000000000000e+00
9.400000000000000000e+01 1.000000000000000000e+00
9.500000000000000000e+01 2.000000000000000000e+00
9.600000000000000000e+01 2.000000000000000000e+00
9.700000000000000000e+01 2.000000000000000000e+00
9.800000000000000000e+01 2.000000000000000000e+00
9.900000000000000000e+01 1.000000000000000000e+00
1.010000000000000000e+02 1.000000000000000000e+00
1.060000000000000000e+02 1.000000000000000000e+00
2.020000000000000000e+02 1.000000000000000000e+00
2.270000000000000000e+02 1.000000000000000000e+00
2.650000000000000000e+02 1.000000000000000000e+00
3.100000000000000000e+02 1.000000000000000000e+00
3.160000000000000000e+02 1.000000000000000000e+00
5.450000000000000000e+02 1.000000000000000000e+00
5.770000000000000000e+02 1.000000000000000000e+00
8.950000000000000000e+02 1.000000000000000000e+00
1.041000000000000000e+03 1.000000000000000000e+00
1.147000000000000000e+03 1.000000000000000000e+00
