-4.000000000000000000e+00 2.000000000000000000e+00
-3.000000000000000000e+00 3.000000000000000000e+00
-2.000000000000000000e+00 1.000000000000000000e+01
-1.000000000000000000e+00 2.800000000000000000e+01
0.000000000000000000e+00 1.335000000000000000e+03
1.000000000000000000e+00 7.100000000000000000e+01
2.000000000000000000e+00 7.200000000000000000e+01
3.000000000000000000e+00 1.570000000000000000e+02
4.000000000000000000e+00 1.023000000000000000e+03
5.000000000000000000e+00 6.526000000000000000e+03
6.000000000000000000e+00 4.432300000000000000e+04
7.000000000000000000e+00 7.469500000000000000e+04
8.000000000000000000e+00 8.653600000000000000e+04
9.000000000000000000e+00 9.880000000000000000e+04
1.000000000000000000e+01 1.078940000000000000e+05
1.100000000000000000e+01 1.113310000000000000e+05
1.200000000000000000e+01 1.120140000000000000e+05
1.300000000000000000e+01 1.156860000000000000e+05
1.400000000000000000e+01 1.273560000000000000e+05
1.500000000000000000e+01 1.477710000000000000e+05
1.600000000000000000e+01 1.810800000000000000e+05
1.700000000000000000e+01 2.312050000000000000e+05
1.800000000000000000e+01 2.953370000000000000e+05
1.900000000000000000e+01 3.722840000000000000e+05
2.000000000000000000e+01 4.608030000000000000e+05
2.100000000000000000e+01 5.579570000000000000e+05
2.200000000000000000e+01 6.599000000000000000e+05
2.300000000000000000e+01 7.554270000000000000e+05
2.400000000000000000e+01 8.272250000000000000e+05
2.500000000000000000e+01 8.651520000000000000e+05
2.600000000000000000e+01 8.605080000000000000e+05
2.700000000000000000e+01 8.215130000000000000e+05
2.800000000000000000e+01 7.621850000000000000e+05
2.900000000000000000e+01 6.876590000000000000e+05
3.000000000000000000e+01 6.051990000000000000e+05
3.100000000000000000e+01 5.249580000000000000e+05
3.200000000000000000e+01 4.440390000000000000e+05
3.300000000000000000e+01 3.698060000000000000e+05
3.400000000000000000e+01 2.991670000000000000e+05
3.500000000000000000e+01 2.337630000000000000e+05
3.600000000000000000e+01 1.745860000000000000e+05
3.700000000000000000e+01 1.245630000000000000e+05
3.800000000000000000e+01 8.359200000000000000e+04
3.900000000000000000e+01 5.351000000000000000e+04
4.000000000000000000e+01 3.123600000000000000e+04
4.100000000000000000e+01 1.693500000000000000e+04
4.200000000000000000e+01 8.330000000000000000e+03
4.300000000000000000e+01 3.862000000000000000e+03
4.400000000000000000e+01 1.713000000000000000e+03
4.500000000000000000e+01 7.340000000000000000e+02
4.600000000000000000e+01 3.080000000000000000e+02
4.700000000000000000e+01 1.300000000000000000e+02
4.800000000000000000e+01 7.800000000000000000e+01
4.900000000000000000e+01 6.200000000000000000e+01
5.000000000000000000e+01 2.700000000000000000e+01
5.100000000000000000e+01 4.000000000000000000e+01
5.200000000000000000e+01 1.300000000000000000e+01
5.300000000000000000e+01 3.800000000000000000e+01
5.400000000000000000e+01 2.100000000000000000e+01
5.500000000000000000e+01 3.100000000000000000e+01
5.600000000000000000e+01 1.500000000000000000e+01
5.700000000000000000e+01 3.300000000000000000e+01
5.800000000000000000e+01 1.600000000000000000e+01
5.900000000000000000e+01 1.500000000000000000e+01
6.000000000000000000e+01 1.200000000000000000e+01
6.100000000000000000e+01 1.600000000000000000e+01
6.200000000000000000e+01 1.200000000000000000e+01
6.300000000000000000e+01 8.000000000000000000e+00
6.400000000000000000e+01 1.500000000000000000e+01
6.500000000000000000e+01 9.000000000000000000e+00
6.600000000000000000e+01 4.000000000000000000e+00
6.700000000000000000e+01 6.000000000000000000e+00
6.800000000000000000e+01 6.000000000000000000e+00
6.900000000000000000e+01 6.000000000000000000e+00
7.000000000000000000e+01 3.000000000000000000e+00
7.100000000000000000e+01 6.000000000000000000e+00
7.200000000000000000e+01 3.000000000000000000e+00
7.300000000000000000e+01 7.000000000000000000e+00
7.400000000000000000e+01 2.000000000000000000e+00
7.500000000000000000e+01 2.000000000000000000e+00
7.600000000000000000e+01 5.000000000000000000e+00
7.700000000000000000e+01 1.000000000000000000e+00
7.800000000000000000e+01 2.000000000000000000e+00
8.000000000000000000e+01 1.000000000000000000e+00
8.300000000000000000e+01 1.000000000000000000e+00
8.400000000000000000e+01 1.000000000000000000e+00
1.060000000000000000e+02 1.000000000000000000e+00
1.090000000000000000e+02 1.000000000000000000e+00
1.290000000000000000e+02 1.000000000000000000e+00
1.440000000000000000e+02 1.000000000000000000e+00
1.960000000000000000e+02 1.000000000000000000e+00
2.370000000000000000e+02 1.000000000000000000e+00
6.190000000000000000e+02 1.000000000000000000e+00
7.910000000000000000e+02 1.000000000000000000e+00
