-4.000000000000000000e+00 1.000000000000000000e+00
-2.000000000000000000e+00 5.000000000000000000e+00
-1.000000000000000000e+00 2.300000000000000000e+01
0.000000000000000000e+00 1.355000000000000000e+03
1.000000000000000000e+00 5.900000000000000000e+01
2.000000000000000000e+00 8.800000000000000000e+01
3.000000000000000000e+00 1.360000000000000000e+02
4.000000000000000000e+00 7.340000000000000000e+02
5.000000000000000000e+00 4.226000000000000000e+03
6.000000000000000000e+00 2.446500000000000000e+04
7.000000000000000000e+00 4.587700000000000000e+04
8.000000000000000000e+00 6.515500000000000000e+04
9.000000000000000000e+00 9.348000000000000000e+04
1.000000000000000000e+01 1.338470000000000000e+05
1.100000000000000000e+01 1.847230000000000000e+05
1.200000000000000000e+01 2.535630000000000000e+05
1.300000000000000000e+01 3.421680000000000000e+05
1.400000000000000000e+01 4.565090000000000000e+05
1.500000000000000000e+01 5.943270000000000000e+05
1.600000000000000000e+01 7.661940000000000000e+05
1.700000000000000000e+01 9.718320000000000000e+05
1.800000000000000000e+01 1.192136000000000000e+06
1.900000000000000000e+01 1.398144000000000000e+06
2.000000000000000000e+01 1.561289000000000000e+06
2.100000000000000000e+01 1.640077000000000000e+06
2.200000000000000000e+01 1.608552000000000000e+06
2.300000000000000000e+01 1.439442000000000000e+06
2.400000000000000000e+01 1.154034000000000000e+06
2.500000000000000000e+01 8.025780000000000000e+05
2.600000000000000000e+01 4.846280000000000000e+05
2.700000000000000000e+01 2.540940000000000000e+05
2.800000000000000000e+01 1.214910000000000000e+05
2.900000000000000000e+01 5.690000000000000000e+04
3.000000000000000000e+01 2.684600000000000000e+04
3.100000000000000000e+01 1.321300000000000000e+04
3.200000000000000000e+01 5.726000000000000000e+03
3.300000000000000000e+01 2.426000000000000000e+03
3.400000000000000000e+01 9.120000000000000000e+02
3.500000000000000000e+01 3.490000000000000000e+02
3.600000000000000000e+01 1.910000000000000000e+02
3.700000000000000000e+01 7.900000000000000000e+01
3.800000000000000000e+01 9.800000000000000000e+01
3.900000000000000000e+01 3.000000000000000000e+01
4.000000000000000000e+01 8.500000000000000000e+01
4.100000000000000000e+01 3.700000000000000000e+01
4.200000000000000000e+01 4.700000000000000000e+01
4.300000000000000000e+01 3.700000000000000000e+01
4.400000000000000000e+01 4.900000000000000000e+01
4.500000000000000000e+01 4.000000000000000000e+01
4.600000000000000000e+01 4.000000000000000000e+01
4.700000000000000000e+01 3.400000000000000000e+01
4.800000000000000000e+01 7.000000000000000000e+00
4.900000000000000000e+01 3.400000000000000000e+01
5.000000000000000000e+01 9.000000000000000000e+00
5.100000000000000000e+01 2.000000000000000000e+01
5.200000000000000000e+01 5.000000000000000000e+00
5.300000000000000000e+01 2.000000000000000000e+01
5.400000000000000000e+01 2.000000000000000000e+00
5.500000000000000000e+01 8.000000000000000000e+00
5.600000000000000000e+01 8.000000000000000000e+00
5.700000000000000000e+01 5.000000000000000000e+00
5.800000000000000000e+01 3.000000000000000000e+00
5.900000000000000000e+01 2.000000000000000000e+00
6.000000000000000000e+01 3.000000000000000000e+00
6.200000000000000000e+01 5.000000000000000000e+00
6.300000000000000000e+01 2.000000000000000000e+00
6.400000000000000000e+01 1.000000000000000000e+00
6.500000000000000000e+01 1.000000000000000000e+00
6.800000000000000000e+01 2.000000000000000000e+00
7.000000000000000000e+01 2.000000000000000000e+00
7.600000000000000000e+01 1.000000000000000000e+00
8.200000000000000000e+01 1.000000000000000000e+00
8.300000000000000000e+01 1.000000000000000000e+00
8.600000000000000000e+01 1.000000000000000000e+00
8.900000000000000000e+01 2.000000000000000000e+00
9.000000000000000000e+01 1.000000000000000000e+00
9.300000000000000000e+01 1.000000000000000000e+00
9.400000000000000000e+01 1.000000000000000000e+00
9.700000000000000000e+01 1.000000000000000000e+00
9.800000000000000000e+01 1.000000000000000000e+00
1.020000000000000000e+02 1.000000000000000000e+00
1.050000000000000000e+02 1.000000000000000000e+00
1.110000000000000000e+02 2.000000000000000000e+00
1.130000000000000000e+02 1.000000000000000000e+00
1.150000000000000000e+02 2.000000000000000000e+00
1.180000000000000000e+02 1.000000000000000000e+00
1.190000000000000000e+02 1.000000000000000000e+00
1.200000000000000000e+02 1.000000000000000000e+00
1.300000000000000000e+02 1.000000000000000000e+00
1.330000000000000000e+02 2.000000000000000000e+00
1.350000000000000000e+02 1.000000000000000000e+00
1.370000000000000000e+02 1.000000000000000000e+00
1.410000000000000000e+02 1.000000000000000000e+00
1.470000000000000000e+02 1.000000000000000000e+00
1.540000000000000000e+02 1.000000000000000000e+00
1.620000000000000000e+02 1.000000000000000000e+00
1.650000000000000000e+02 1.000000000000000000e+00
1.680000000000000000e+02 3.000000000000000000e+00
2.000000000000000000e+02 1.000000000000000000e+00
2.200000000000000000e+02 1.000000000000000000e+00
2.220000000000000000e+02 1.000000000000000000e+00
2.430000000000000000e+02 1.000000000000000000e+00
2.470000000000000000e+02 1.000000000000000000e+00
2.570000000000000000e+02 1.000000000000000000e+00
2.750000000000000000e+02 1.000000000000000000e+00
2.990000000000000000e+02 1.000000000000000000e+00
3.200000000000000000e+02 1.000000000000000000e+00
3.470000000000000000e+02 1.000000000000000000e+00
4.210000000000000000e+02 1.000000000000000000e+00
5.460000000000000000e+02 1.000000000000000000e+00
6.240000000000000000e+02 1.000000000000000000e+00
6.940000000000000000e+02 1.000000000000000000e+00
8.990000000000000000e+02 1.000000000000000000e+00
9.350000000000000000e+02 1.000000000000000000e+00
3.850000000000000000e+03 1.000000000000000000e+00
