-4.000000000000000000e+00 4.000000000000000000e+00
-3.000000000000000000e+00 1.000000000000000000e+00
-2.000000000000000000e+00 8.000000000000000000e+00
-1.000000000000000000e+00 2.800000000000000000e+01
0.000000000000000000e+00 1.342000000000000000e+03
1.000000000000000000e+00 8.200000000000000000e+01
2.000000000000000000e+00 8.200000000000000000e+01
3.000000000000000000e+00 1.690000000000000000e+02
4.000000000000000000e+00 9.730000000000000000e+02
5.000000000000000000e+00 6.570000000000000000e+03
6.000000000000000000e+00 4.373700000000000000e+04
7.000000000000000000e+00 7.482200000000000000e+04
8.000000000000000000e+00 8.762300000000000000e+04
9.000000000000000000e+00 9.925100000000000000e+04
1.000000000000000000e+01 1.080550000000000000e+05
1.100000000000000000e+01 1.112660000000000000e+05
1.200000000000000000e+01 1.126130000000000000e+05
1.300000000000000000e+01 1.160960000000000000e+05
1.400000000000000000e+01 1.269370000000000000e+05
1.500000000000000000e+01 1.477070000000000000e+05
1.600000000000000000e+01 1.815810000000000000e+05
1.700000000000000000e+01 2.302600000000000000e+05
1.800000000000000000e+01 2.951570000000000000e+05
1.900000000000000000e+01 3.723730000000000000e+05
2.000000000000000000e+01 4.599030000000000000e+05
2.100000000000000000e+01 5.576980000000000000e+05
2.200000000000000000e+01 6.623320000000000000e+05
2.300000000000000000e+01 7.533130000000000000e+05
2.400000000000000000e+01 8.287560000000000000e+05
2.500000000000000000e+01 8.674800000000000000e+05
2.600000000000000000e+01 8.640890000000000000e+05
2.700000000000000000e+01 8.255430000000000000e+05
2.800000000000000000e+01 7.610860000000000000e+05
2.900000000000000000e+01 6.873990000000000000e+05
3.000000000000000000e+01 6.067780000000000000e+05
3.100000000000000000e+01 5.249370000000000000e+05
3.200000000000000000e+01 4.456590000000000000e+05
3.300000000000000000e+01 3.714450000000000000e+05
3.400000000000000000e+01 3.007620000000000000e+05
3.500000000000000000e+01 2.349480000000000000e+05
3.600000000000000000e+01 1.759100000000000000e+05
3.700000000000000000e+01 1.252160000000000000e+05
3.800000000000000000e+01 8.474100000000000000e+04
3.900000000000000000e+01 5.394400000000000000e+04
4.000000000000000000e+01 3.164600000000000000e+04
4.100000000000000000e+01 1.707200000000000000e+04
4.200000000000000000e+01 8.470000000000000000e+03
4.300000000000000000e+01 3.872000000000000000e+03
4.400000000000000000e+01 1.722000000000000000e+03
4.500000000000000000e+01 7.300000000000000000e+02
4.600000000000000000e+01 3.390000000000000000e+02
4.700000000000000000e+01 1.620000000000000000e+02
4.800000000000000000e+01 7.900000000000000000e+01
4.900000000000000000e+01 6.900000000000000000e+01
5.000000000000000000e+01 2.400000000000000000e+01
5.100000000000000000e+01 3.800000000000000000e+01
5.200000000000000000e+01 1.300000000000000000e+01
5.300000000000000000e+01 2.600000000000000000e+01
5.400000000000000000e+01 2.500000000000000000e+01
5.500000000000000000e+01 2.700000000000000000e+01
5.600000000000000000e+01 1.800000000000000000e+01
5.700000000000000000e+01 1.500000000000000000e+01
5.800000000000000000e+01 1.300000000000000000e+01
5.900000000000000000e+01 2.500000000000000000e+01
6.000000000000000000e+01 1.400000000000000000e+01
6.100000000000000000e+01 1.900000000000000000e+01
6.200000000000000000e+01 7.000000000000000000e+00
6.300000000000000000e+01 8.000000000000000000e+00
6.400000000000000000e+01 1.300000000000000000e+01
6.500000000000000000e+01 5.000000000000000000e+00
6.600000000000000000e+01 9.000000000000000000e+00
6.700000000000000000e+01 5.000000000000000000e+00
6.800000000000000000e+01 5.000000000000000000e+00
6.900000000000000000e+01 8.000000000000000000e+00
7.000000000000000000e+01 4.000000000000000000e+00
7.100000000000000000e+01 1.000000000000000000e+00
7.200000000000000000e+01 2.000000000000000000e+00
7.300000000000000000e+01 2.000000000000000000e+00
7.400000000000000000e+01 1.000000000000000000e+00
7.500000000000000000e+01 2.000000000000000000e+00
7.600000000000000000e+01 3.000000000000000000e+00
7.700000000000000000e+01 3.000000000000000000e+00
7.800000000000000000e+01 2.000000000000000000e+00
8.000000000000000000e+01 4.000000000000000000e+00
8.100000000000000000e+01 1.000000000000000000e+00
8.200000000000000000e+01 1.000000000000000000e+00
1.400000000000000000e+02 1.000000000000000000e+00
1.480000000000000000e+02 1.000000000000000000e+00
2.170000000000000000e+02 1.000000000000000000e+00
2.210000000000000000e+02 1.000000000000000000e+00
4.660000000000000000e+02 1.000000000000000000e+00
