-4.000000000000000000e+00 4.000000000000000000e+00
-3.000000000000000000e+00 2.000000000000000000e+00
-2.000000000000000000e+00 1.900000000000000000e+01
-1.000000000000000000e+00 6.300000000000000000e+01
0.000000000000000000e+00 1.368000000000000000e+03
1.000000000000000000e+00 1.060000000000000000e+02
2.000000000000000000e+00 1.360000000000000000e+02
3.000000000000000000e+00 2.270000000000000000e+02
4.000000000000000000e+00 1.163000000000000000e+03
5.000000000000000000e+00 8.747000000000000000e+03
6.000000000000000000e+00 6.115800000000000000e+04
7.000000000000000000e+00 1.040730000000000000e+05
8.000000000000000000e+00 1.199130000000000000e+05
9.000000000000000000e+00 1.376780000000000000e+05
1.000000000000000000e+01 1.511830000000000000e+05
1.100000000000000000e+01 1.586590000000000000e+05
1.200000000000000000e+01 1.627250000000000000e+05
1.300000000000000000e+01 1.725080000000000000e+05
1.400000000000000000e+01 1.936130000000000000e+05
1.500000000000000000e+01 2.303000000000000000e+05
1.600000000000000000e+01 2.857610000000000000e+05
1.700000000000000000e+01 3.652330000000000000e+05
1.800000000000000000e+01 4.686150000000000000e+05
1.900000000000000000e+01 5.885030000000000000e+05
2.000000000000000000e+01 7.248400000000000000e+05
2.100000000000000000e+01 8.707930000000000000e+05
2.200000000000000000e+01 1.021431000000000000e+06
2.300000000000000000e+01 1.155653000000000000e+06
2.400000000000000000e+01 1.255252000000000000e+06
2.500000000000000000e+01 1.300637000000000000e+06
2.600000000000000000e+01 1.287973000000000000e+06
2.700000000000000000e+01 1.217557000000000000e+06
2.800000000000000000e+01 1.115720000000000000e+06
2.900000000000000000e+01 9.947470000000000000e+05
3.000000000000000000e+01 8.655650000000000000e+05
3.100000000000000000e+01 7.399280000000000000e+05
3.200000000000000000e+01 6.210680000000000000e+05
3.300000000000000000e+01 5.083360000000000000e+05
3.400000000000000000e+01 4.070600000000000000e+05
3.500000000000000000e+01 3.158360000000000000e+05
3.600000000000000000e+01 2.351220000000000000e+05
3.700000000000000000e+01 1.647880000000000000e+05
3.800000000000000000e+01 1.108670000000000000e+05
3.900000000000000000e+01 6.970500000000000000e+04
4.000000000000000000e+01 4.077600000000000000e+04
4.100000000000000000e+01 2.214700000000000000e+04
4.200000000000000000e+01 1.097900000000000000e+04
4.300000000000000000e+01 5.038000000000000000e+03
4.400000000000000000e+01 2.205000000000000000e+03
4.500000000000000000e+01 9.720000000000000000e+02
4.600000000000000000e+01 4.740000000000000000e+02
4.700000000000000000e+01 1.800000000000000000e+02
4.800000000000000000e+01 1.150000000000000000e+02
4.900000000000000000e+01 1.250000000000000000e+02
5.000000000000000000e+01 5.100000000000000000e+01
5.100000000000000000e+01 8.500000000000000000e+01
5.200000000000000000e+01 4.500000000000000000e+01
5.300000000000000000e+01 7.500000000000000000e+01
5.400000000000000000e+01 3.800000000000000000e+01
5.500000000000000000e+01 5.500000000000000000e+01
5.600000000000000000e+01 2.300000000000000000e+01
5.700000000000000000e+01 4.000000000000000000e+01
5.800000000000000000e+01 2.400000000000000000e+01
5.900000000000000000e+01 4.700000000000000000e+01
6.000000000000000000e+01 1.900000000000000000e+01
6.100000000000000000e+01 2.200000000000000000e+01
6.200000000000000000e+01 1.500000000000000000e+01
6.300000000000000000e+01 4.200000000000000000e+01
6.400000000000000000e+01 2.000000000000000000e+01
6.500000000000000000e+01 1.600000000000000000e+01
6.600000000000000000e+01 1.400000000000000000e+01
6.700000000000000000e+01 1.100000000000000000e+01
6.800000000000000000e+01 1.000000000000000000e+01
6.900000000000000000e+01 9.000000000000000000e+00
7.000000000000000000e+01 6.000000000000000000e+00
7.100000000000000000e+01 8.000000000000000000e+00
7.200000000000000000e+01 1.300000000000000000e+01
7.300000000000000000e+01 7.000000000000000000e+00
7.400000000000000000e+01 5.000000000000000000e+00
7.500000000000000000e+01 2.000000000000000000e+00
7.600000000000000000e+01 1.000000000000000000e+01
7.700000000000000000e+01 2.000000000000000000e+00
7.800000000000000000e+01 2.000000000000000000e+00
8.000000000000000000e+01 4.000000000000000000e+00
8.200000000000000000e+01 2.000000000000000000e+00
8.400000000000000000e+01 2.000000000000000000e+00
8.600000000000000000e+01 1.000000000000000000e+00
1.050000000000000000e+02 1.000000000000000000e+00
1.110000000000000000e+02 1.000000000000000000e+00
1.400000000000000000e+02 1.000000000000000000e+00
1.470000000000000000e+02 1.000000000000000000e+00
1.540000000000000000e+02 1.000000000000000000e+00
1.780000000000000000e+02 1.000000000000000000e+00
2.270000000000000000e+02 1.000000000000000000e+00
2.930000000000000000e+02 1.000000000000000000e+00
3.420000000000000000e+02 1.000000000000000000e+00
4.450000000000000000e+02 1.000000000000000000e+00
1.119000000000000000e+03 1.000000000000000000e+00
