-4.000000000000000000e+00 3.000000000000000000e+00
-3.000000000000000000e+00 6.000000000000000000e+00
-2.000000000000000000e+00 5.000000000000000000e+00
-1.000000000000000000e+00 3.200000000000000000e+01
0.000000000000000000e+00 1.330000000000000000e+03
1.000000000000000000e+00 8.100000000000000000e+01
2.000000000000000000e+00 9.400000000000000000e+01
3.000000000000000000e+00 1.670000000000000000e+02
4.000000000000000000e+00 9.880000000000000000e+02
5.000000000000000000e+00 6.698000000000000000e+03
6.000000000000000000e+00 4.352100000000000000e+04
7.000000000000000000e+00 7.514800000000000000e+04
8.000000000000000000e+00 8.715200000000000000e+04
9.000000000000000000e+00 9.831000000000000000e+04
1.000000000000000000e+01 1.084920000000000000e+05
1.100000000000000000e+01 1.120360000000000000e+05
1.200000000000000000e+01 1.128370000000000000e+05
1.300000000000000000e+01 1.161040000000000000e+05
1.400000000000000000e+01 1.273760000000000000e+05
1.500000000000000000e+01 1.487440000000000000e+05
1.600000000000000000e+01 1.816290000000000000e+05
1.700000000000000000e+01 2.313040000000000000e+05
1.800000000000000000e+01 2.954160000000000000e+05
1.900000000000000000e+01 3.723750000000000000e+05
2.000000000000000000e+01 4.600050000000000000e+05
2.100000000000000000e+01 5.586900000000000000e+05
2.200000000000000000e+01 6.610900000000000000e+05
2.300000000000000000e+01 7.557910000000000000e+05
2.400000000000000000e+01 8.287180000000000000e+05
2.500000000000000000e+01 8.644040000000000000e+05
2.600000000000000000e+01 8.581710000000000000e+05
2.700000000000000000e+01 8.230660000000000000e+05
2.800000000000000000e+01 7.638480000000000000e+05
2.900000000000000000e+01 6.879530000000000000e+05
3.000000000000000000e+01 6.053610000000000000e+05
3.100000000000000000e+01 5.249290000000000000e+05
3.200000000000000000e+01 4.447990000000000000e+05
3.300000000000000000e+01 3.684630000000000000e+05
3.400000000000000000e+01 3.002190000000000000e+05
3.500000000000000000e+01 2.342170000000000000e+05
3.600000000000000000e+01 1.753000000000000000e+05
3.700000000000000000e+01 1.242040000000000000e+05
3.800000000000000000e+01 8.405800000000000000e+04
3.900000000000000000e+01 5.281500000000000000e+04
4.000000000000000000e+01 3.142500000000000000e+04
4.100000000000000000e+01 1.679900000000000000e+04
4.200000000000000000e+01 8.388000000000000000e+03
4.300000000000000000e+01 3.908000000000000000e+03
4.400000000000000000e+01 1.732000000000000000e+03
4.500000000000000000e+01 7.300000000000000000e+02
4.600000000000000000e+01 3.210000000000000000e+02
4.700000000000000000e+01 1.310000000000000000e+02
4.800000000000000000e+01 8.400000000000000000e+01
4.900000000000000000e+01 6.600000000000000000e+01
5.000000000000000000e+01 4.400000000000000000e+01
5.100000000000000000e+01 4.200000000000000000e+01
5.200000000000000000e+01 2.400000000000000000e+01
5.300000000000000000e+01 3.100000000000000000e+01
5.400000000000000000e+01 1.200000000000000000e+01
5.500000000000000000e+01 2.400000000000000000e+01
5.600000000000000000e+01 1.200000000000000000e+01
5.700000000000000000e+01 2.800000000000000000e+01
5.800000000000000000e+01 1.100000000000000000e+01
5.900000000000000000e+01 2.000000000000000000e+01
6.000000000000000000e+01 7.000000000000000000e+00
6.100000000000000000e+01 1.800000000000000000e+01
6.200000000000000000e+01 4.000000000000000000e+00
6.300000000000000000e+01 1.300000000000000000e+01
6.400000000000000000e+01 7.000000000000000000e+00
6.500000000000000000e+01 6.000000000000000000e+00
6.600000000000000000e+01 9.000000000000000000e+00
6.700000000000000000e+01 7.000000000000000000e+00
6.800000000000000000e+01 1.100000000000000000e+01
6.900000000000000000e+01 7.000000000000000000e+00
7.000000000000000000e+01 3.000000000000000000e+00
7.100000000000000000e+01 4.000000000000000000e+00
7.200000000000000000e+01 3.000000000000000000e+00
7.300000000000000000e+01 2.000000000000000000e+00
7.400000000000000000e+01 4.000000000000000000e+00
7.500000000000000000e+01 1.000000000000000000e+00
7.600000000000000000e+01 5.000000000000000000e+00
7.800000000000000000e+01 3.000000000000000000e+00
8.000000000000000000e+01 3.000000000000000000e+00
8.100000000000000000e+01 1.000000000000000000e+00
9.500000000000000000e+01 2.000000000000000000e+00
1.570000000000000000e+02 1.000000000000000000e+00
1.780000000000000000e+02 1.000000000000000000e+00
2.170000000000000000e+02 1.000000000000000000e+00
2.460000000000000000e+02 1.000000000000000000e+00
2.710000000000000000e+02 1.000000000000000000e+00
2.720000000000000000e+02 1.000000000000000000e+00
2.950000000000000000e+02 1.000000000000000000e+00
3.090000000000000000e+02 1.000000000000000000e+00
7.560000000000000000e+02 1.000000000000000000e+00
