-3.000000000000000000e+00 1.000000000000000000e+00
-2.000000000000000000e+00 1.000000000000000000e+00
-1.000000000000000000e+00 1.000000000000000000e+01
0.000000000000000000e+00 1.331000000000000000e+03
1.000000000000000000e+00 2.200000000000000000e+01
2.000000000000000000e+00 3.400000000000000000e+01
3.000000000000000000e+00 6.400000000000000000e+01
4.000000000000000000e+00 4.990000000000000000e+02
5.000000000000000000e+00 2.546000000000000000e+03
6.000000000000000000e+00 1.364300000000000000e+04
7.000000000000000000e+00 2.512500000000000000e+04
8.000000000000000000e+00 3.596700000000000000e+04
9.000000000000000000e+00 5.173000000000000000e+04
1.000000000000000000e+01 7.279200000000000000e+04
1.100000000000000000e+01 9.993700000000000000e+04
1.200000000000000000e+01 1.357640000000000000e+05
1.300000000000000000e+01 1.843540000000000000e+05
1.400000000000000000e+01 2.445290000000000000e+05
1.500000000000000000e+01 3.168950000000000000e+05
1.600000000000000000e+01 4.039150000000000000e+05
1.700000000000000000e+01 5.087410000000000000e+05
1.800000000000000000e+01 6.176250000000000000e+05
1.900000000000000000e+01 7.172730000000000000e+05
2.000000000000000000e+01 7.860840000000000000e+05
2.100000000000000000e+01 8.064010000000000000e+05
2.200000000000000000e+01 7.681390000000000000e+05
2.300000000000000000e+01 6.630160000000000000e+05
2.400000000000000000e+01 5.054200000000000000e+05
2.500000000000000000e+01 3.323940000000000000e+05
2.600000000000000000e+01 1.887580000000000000e+05
2.700000000000000000e+01 9.449700000000000000e+04
2.800000000000000000e+01 4.430200000000000000e+04
2.900000000000000000e+01 2.095700000000000000e+04
3.000000000000000000e+01 1.015100000000000000e+04
3.100000000000000000e+01 4.884000000000000000e+03
3.200000000000000000e+01 2.114000000000000000e+03
3.300000000000000000e+01 8.690000000000000000e+02
3.400000000000000000e+01 3.190000000000000000e+02
3.500000000000000000e+01 1.380000000000000000e+02
3.600000000000000000e+01 4.500000000000000000e+01
3.700000000000000000e+01 2.500000000000000000e+01
3.800000000000000000e+01 3.100000000000000000e+01
3.900000000000000000e+01 5.000000000000000000e+00
4.000000000000000000e+01 1.600000000000000000e+01
4.100000000000000000e+01 7.000000000000000000e+00
4.200000000000000000e+01 7.000000000000000000e+00
4.300000000000000000e+01 9.000000000000000000e+00
4.400000000000000000e+01 9.000000000000000000e+00
4.500000000000000000e+01 4.000000000000000000e+00
4.600000000000000000e+01 1.200000000000000000e+01
4.700000000000000000e+01 7.000000000000000000e+00
4.800000000000000000e+01 1.000000000000000000e+00
4.900000000000000000e+01 8.000000000000000000e+00
5.000000000000000000e+01 2.000000000000000000e+00
5.100000000000000000e+01 2.000000000000000000e+00
5.200000000000000000e+01 2.000000000000000000e+00
5.300000000000000000e+01 2.000000000000000000e+00
5.400000000000000000e+01 1.000000000000000000e+00
5.900000000000000000e+01 1.000000000000000000e+00
6.100000000000000000e+01 1.000000000000000000e+00
6.200000000000000000e+01 1.000000000000000000e+00
6.400000000000000000e+01 1.000000000000000000e+00
6.700000000000000000e+01 1.000000000000000000e+00
6.800000000000000000e+01 2.000000000000000000e+00
6.900000000000000000e+01 1.000000000000000000e+00
7.000000000000000000e+01 1.000000000000000000e+00
7.300000000000000000e+01 2.000000000000000000e+00
7.500000000000000000e+01 1.000000000000000000e+00
7.700000000000000000e+01 1.000000000000000000e+00
8.000000000000000000e+01 1.000000000000000000e+00
8.200000000000000000e+01 1.000000000000000000e+00
8.400000000000000000e+01 1.000000000000000000e+00
8.900000000000000000e+01 1.000000000000000000e+00
9.000000000000000000e+01 1.000000000000000000e+00
9.100000000000000000e+01 2.000000000000000000e+00
9.700000000000000000e+01 3.000000000000000000e+00
1.000000000000000000e+02 1.000000000000000000e+00
1.010000000000000000e+02 1.000000000000000000e+00
1.030000000000000000e+02 1.000000000000000000e+00
1.050000000000000000e+02 2.000000000000000000e+00
1.070000000000000000e+02 1.000000000000000000e+00
1.130000000000000000e+02 2.000000000000000000e+00
1.180000000000000000e+02 1.000000000000000000e+00
1.210000000000000000e+02 1.000000000000000000e+00
1.230000000000000000e+02 1.000000000000000000e+00
1.270000000000000000e+02 1.000000000000000000e+00
1.290000000000000000e+02 1.000000000000000000e+00
1.300000000000000000e+02 1.000000000000000000e+00
1.360000000000000000e+02 1.000000000000000000e+00
1.370000000000000000e+02 1.000000000000000000e+00
1.510000000000000000e+02 1.000000000000000000e+00
1.530000000000000000e+02 1.000000000000000000e+00
1.550000000000000000e+02 1.000000000000000000e+00
1.660000000000000000e+02 1.000000000000000000e+00
1.740000000000000000e+02 1.000000000000000000e+00
1.770000000000000000e+02 1.000000000000000000e+00
1.900000000000000000e+02 1.000000000000000000e+00
2.010000000000000000e+02 1.000000000000000000e+00
2.110000000000000000e+02 2.000000000000000000e+00
2.130000000000000000e+02 1.000000000000000000e+00
2.250000000000000000e+02 1.000000000000000000e+00
2.350000000000000000e+02 1.000000000000000000e+00
2.940000000000000000e+02 1.000000000000000000e+00
1.143000000000000000e+03 1.000000000000000000e+00
2.979000000000000000e+03 1.000000000000000000e+00
