-4.000000000000000000e+00 8.000000000000000000e+00
-3.000000000000000000e+00 6.000000000000000000e+00
-2.000000000000000000e+00 2.500000000000000000e+01
-1.000000000000000000e+00 9.800000000000000000e+01
0.000000000000000000e+00 1.414000000000000000e+03
1.000000000000000000e+00 1.820000000000000000e+02
2.000000000000000000e+00 2.520000000000000000e+02
3.000000000000000000e+00 4.250000000000000000e+02
4.000000000000000000e+00 2.071000000000000000e+03
5.000000000000000000e+00 1.563900000000000000e+04
6.000000000000000000e+00 1.099630000000000000e+05
7.000000000000000000e+00 1.918920000000000000e+05
8.000000000000000000e+00 2.298050000000000000e+05
9.000000000000000000e+00 2.723170000000000000e+05
1.000000000000000000e+01 3.151320000000000000e+05
1.100000000000000000e+01 3.446490000000000000e+05
1.200000000000000000e+01 3.634130000000000000e+05
1.300000000000000000e+01 3.785120000000000000e+05
1.400000000000000000e+01 3.977140000000000000e+05
1.500000000000000000e+01 4.214100000000000000e+05
1.600000000000000000e+01 4.596140000000000000e+05
1.700000000000000000e+01 5.214810000000000000e+05
1.800000000000000000e+01 6.037260000000000000e+05
1.900000000000000000e+01 7.075600000000000000e+05
2.000000000000000000e+01 8.345280000000000000e+05
2.100000000000000000e+01 9.854760000000000000e+05
2.200000000000000000e+01 1.148180000000000000e+06
2.300000000000000000e+01 1.292740000000000000e+06
2.400000000000000000e+01 1.409067000000000000e+06
2.500000000000000000e+01 1.454783000000000000e+06
2.600000000000000000e+01 1.433496000000000000e+06
2.700000000000000000e+01 1.362644000000000000e+06
2.800000000000000000e+01 1.272931000000000000e+06
2.900000000000000000e+01 1.175242000000000000e+06
3.000000000000000000e+01 1.074071000000000000e+06
3.100000000000000000e+01 9.822290000000000000e+05
3.200000000000000000e+01 9.017340000000000000e+05
3.300000000000000000e+01 8.295040000000000000e+05
3.400000000000000000e+01 7.664190000000000000e+05
3.500000000000000000e+01 7.069690000000000000e+05
3.600000000000000000e+01 6.512130000000000000e+05
3.700000000000000000e+01 5.966250000000000000e+05
3.800000000000000000e+01 5.474290000000000000e+05
3.900000000000000000e+01 4.967360000000000000e+05
4.000000000000000000e+01 4.450750000000000000e+05
4.100000000000000000e+01 3.940820000000000000e+05
4.200000000000000000e+01 3.447980000000000000e+05
4.300000000000000000e+01 2.947940000000000000e+05
4.400000000000000000e+01 2.455210000000000000e+05
4.500000000000000000e+01 1.975700000000000000e+05
4.600000000000000000e+01 1.545970000000000000e+05
4.700000000000000000e+01 1.169330000000000000e+05
4.800000000000000000e+01 8.400200000000000000e+04
4.900000000000000000e+01 5.809200000000000000e+04
5.000000000000000000e+01 3.802600000000000000e+04
5.100000000000000000e+01 2.376900000000000000e+04
5.200000000000000000e+01 1.387100000000000000e+04
5.300000000000000000e+01 8.035000000000000000e+03
5.400000000000000000e+01 4.212000000000000000e+03
5.500000000000000000e+01 2.394000000000000000e+03
5.600000000000000000e+01 1.272000000000000000e+03
5.700000000000000000e+01 6.870000000000000000e+02
5.800000000000000000e+01 3.420000000000000000e+02
5.900000000000000000e+01 2.130000000000000000e+02
6.000000000000000000e+01 1.110000000000000000e+02
6.100000000000000000e+01 1.240000000000000000e+02
6.200000000000000000e+01 6.400000000000000000e+01
6.300000000000000000e+01 7.600000000000000000e+01
6.400000000000000000e+01 5.100000000000000000e+01
6.500000000000000000e+01 3.800000000000000000e+01
6.600000000000000000e+01 3.400000000000000000e+01
6.700000000000000000e+01 3.800000000000000000e+01
6.800000000000000000e+01 3.500000000000000000e+01
6.900000000000000000e+01 3.400000000000000000e+01
7.000000000000000000e+01 3.800000000000000000e+01
7.100000000000000000e+01 1.500000000000000000e+01
7.200000000000000000e+01 2.500000000000000000e+01
7.300000000000000000e+01 1.900000000000000000e+01
7.400000000000000000e+01 3.000000000000000000e+01
7.500000000000000000e+01 6.000000000000000000e+00
7.600000000000000000e+01 3.600000000000000000e+01
7.700000000000000000e+01 1.100000000000000000e+01
7.800000000000000000e+01 2.000000000000000000e+01
7.900000000000000000e+01 7.000000000000000000e+00
8.000000000000000000e+01 2.100000000000000000e+01
8.100000000000000000e+01 8.000000000000000000e+00
8.200000000000000000e+01 1.800000000000000000e+01
8.300000000000000000e+01 4.000000000000000000e+00
8.400000000000000000e+01 1.500000000000000000e+01
8.500000000000000000e+01 2.000000000000000000e+00
8.600000000000000000e+01 1.000000000000000000e+01
8.700000000000000000e+01 7.000000000000000000e+00
8.800000000000000000e+01 7.000000000000000000e+00
8.900000000000000000e+01 3.000000000000000000e+00
9.000000000000000000e+01 6.000000000000000000e+00
9.100000000000000000e+01 2.000000000000000000e+00
9.200000000000000000e+01 3.000000000000000000e+00
9.300000000000000000e+01 3.000000000000000000e+00
9.400000000000000000e+01 6.000000000000000000e+00
9.500000000000000000e+01 1.000000000000000000e+00
9.600000000000000000e+01 4.000000000000000000e+00
9.700000000000000000e+01 3.000000000000000000e+00
9.900000000000000000e+01 2.000000000000000000e+00
1.000000000000000000e+02 1.000000000000000000e+00
1.030000000000000000e+02 2.000000000000000000e+00
1.050000000000000000e+02 2.000000000000000000e+00
1.070000000000000000e+02 1.000000000000000000e+00
1.130000000000000000e+02 2.000000000000000000e+00
1.600000000000000000e+02 1.000000000000000000e+00
1.830000000000000000e+02 1.000000000000000000e+00
1.840000000000000000e+02 1.000000000000000000e+00
1.860000000000000000e+02 1.000000000000000000e+00
1.950000000000000000e+02 1.000000000000000000e+00
3.220000000000000000e+02 1.000000000000000000e+00
5.570000000000000000e+02 1.000000000000000000e+00
6.680000000000000000e+02 1.000000000000000000e+00
1.738000000000000000e+03 1.000000000000000000e+00
