-4.000000000000000000e+00 4.000000000000000000e+00
-3.000000000000000000e+00 4.000000000000000000e+00
-2.000000000000000000e+00 1.300000000000000000e+01
-1.000000000000000000e+00 5.000000000000000000e+01
0.000000000000000000e+00 1.362000000000000000e+03
1.000000000000000000e+00 1.150000000000000000e+02
2.000000000000000000e+00 1.400000000000000000e+02
3.000000000000000000e+00 2.250000000000000000e+02
4.000000000000000000e+00 1.176000000000000000e+03
5.000000000000000000e+00 8.902000000000000000e+03
6.000000000000000000e+00 6.127400000000000000e+04
7.000000000000000000e+00 1.048820000000000000e+05
8.000000000000000000e+00 1.215780000000000000e+05
9.000000000000000000e+00 1.386610000000000000e+05
1.000000000000000000e+01 1.530180000000000000e+05
1.100000000000000000e+01 1.599780000000000000e+05
1.200000000000000000e+01 1.653010000000000000e+05
1.300000000000000000e+01 1.758080000000000000e+05
1.400000000000000000e+01 1.967560000000000000e+05
1.500000000000000000e+01 2.342180000000000000e+05
1.600000000000000000e+01 2.926180000000000000e+05
1.700000000000000000e+01 3.742110000000000000e+05
1.800000000000000000e+01 4.765940000000000000e+05
1.900000000000000000e+01 5.976480000000000000e+05
2.000000000000000000e+01 7.345530000000000000e+05
2.100000000000000000e+01 8.875110000000000000e+05
2.200000000000000000e+01 1.039899000000000000e+06
2.300000000000000000e+01 1.170381000000000000e+06
2.400000000000000000e+01 1.273651000000000000e+06
2.500000000000000000e+01 1.316484000000000000e+06
2.600000000000000000e+01 1.303181000000000000e+06
2.700000000000000000e+01 1.228368000000000000e+06
2.800000000000000000e+01 1.125645000000000000e+06
2.900000000000000000e+01 1.003130000000000000e+06
3.000000000000000000e+01 8.730520000000000000e+05
3.100000000000000000e+01 7.440560000000000000e+05
3.200000000000000000e+01 6.228310000000000000e+05
3.300000000000000000e+01 5.109980000000000000e+05
3.400000000000000000e+01 4.110510000000000000e+05
3.500000000000000000e+01 3.170140000000000000e+05
3.600000000000000000e+01 2.349060000000000000e+05
3.700000000000000000e+01 1.661100000000000000e+05
3.800000000000000000e+01 1.111120000000000000e+05
3.900000000000000000e+01 6.952600000000000000e+04
4.000000000000000000e+01 4.080000000000000000e+04
4.100000000000000000e+01 2.178700000000000000e+04
4.200000000000000000e+01 1.085400000000000000e+04
4.300000000000000000e+01 4.907000000000000000e+03
4.400000000000000000e+01 2.232000000000000000e+03
4.500000000000000000e+01 9.430000000000000000e+02
4.600000000000000000e+01 4.480000000000000000e+02
4.700000000000000000e+01 2.180000000000000000e+02
4.800000000000000000e+01 1.000000000000000000e+02
4.900000000000000000e+01 1.140000000000000000e+02
5.000000000000000000e+01 4.100000000000000000e+01
5.100000000000000000e+01 7.700000000000000000e+01
5.200000000000000000e+01 4.300000000000000000e+01
5.300000000000000000e+01 7.600000000000000000e+01
5.400000000000000000e+01 3.800000000000000000e+01
5.500000000000000000e+01 5.700000000000000000e+01
5.600000000000000000e+01 3.200000000000000000e+01
5.700000000000000000e+01 5.400000000000000000e+01
5.800000000000000000e+01 1.900000000000000000e+01
5.900000000000000000e+01 4.000000000000000000e+01
6.000000000000000000e+01 1.600000000000000000e+01
6.100000000000000000e+01 3.600000000000000000e+01
6.200000000000000000e+01 1.100000000000000000e+01
6.300000000000000000e+01 2.400000000000000000e+01
6.400000000000000000e+01 1.400000000000000000e+01
6.500000000000000000e+01 1.900000000000000000e+01
6.600000000000000000e+01 1.300000000000000000e+01
6.700000000000000000e+01 1.900000000000000000e+01
6.800000000000000000e+01 1.800000000000000000e+01
6.900000000000000000e+01 1.100000000000000000e+01
7.000000000000000000e+01 6.000000000000000000e+00
7.100000000000000000e+01 9.000000000000000000e+00
7.200000000000000000e+01 6.000000000000000000e+00
7.300000000000000000e+01 7.000000000000000000e+00
7.400000000000000000e+01 6.000000000000000000e+00
7.500000000000000000e+01 3.000000000000000000e+00
7.600000000000000000e+01 6.000000000000000000e+00
7.700000000000000000e+01 5.000000000000000000e+00
7.800000000000000000e+01 4.000000000000000000e+00
7.900000000000000000e+01 1.000000000000000000e+00
8.200000000000000000e+01 3.000000000000000000e+00
8.400000000000000000e+01 1.000000000000000000e+00
1.110000000000000000e+02 1.000000000000000000e+00
1.250000000000000000e+02 1.000000000000000000e+00
1.280000000000000000e+02 1.000000000000000000e+00
1.550000000000000000e+02 1.000000000000000000e+00
1.600000000000000000e+02 1.000000000000000000e+00
1.670000000000000000e+02 1.000000000000000000e+00
1.740000000000000000e+02 1.000000000000000000e+00
1.850000000000000000e+02 1.000000000000000000e+00
1.930000000000000000e+02 1.000000000000000000e+00
7.280000000000000000e+02 1.000000000000000000e+00
1.731000000000000000e+03 1.000000000000000000e+00
