-4.000000000000000000e+00 7.000000000000000000e+00
-3.000000000000000000e+00 5.000000000000000000e+00
-2.000000000000000000e+00 1.200000000000000000e+01
-1.000000000000000000e+00 6.100000000000000000e+01
0.000000000000000000e+00 1.360000000000000000e+03
1.000000000000000000e+00 9.800000000000000000e+01
2.000000000000000000e+00 1.300000000000000000e+02
3.000000000000000000e+00 2.200000000000000000e+02
4.000000000000000000e+00 1.122000000000000000e+03
5.000000000000000000e+00 8.396000000000000000e+03
6.000000000000000000e+00 5.854300000000000000e+04
7.000000000000000000e+00 9.943300000000000000e+04
8.000000000000000000e+00 1.153000000000000000e+05
9.000000000000000000e+00 1.315470000000000000e+05
1.000000000000000000e+01 1.456030000000000000e+05
1.100000000000000000e+01 1.519610000000000000e+05
1.200000000000000000e+01 1.567960000000000000e+05
1.300000000000000000e+01 1.671330000000000000e+05
1.400000000000000000e+01 1.882660000000000000e+05
1.500000000000000000e+01 2.234750000000000000e+05
1.600000000000000000e+01 2.789650000000000000e+05
1.700000000000000000e+01 3.562870000000000000e+05
1.800000000000000000e+01 4.551630000000000000e+05
1.900000000000000000e+01 5.710120000000000000e+05
2.000000000000000000e+01 7.020590000000000000e+05
2.100000000000000000e+01 8.446210000000000000e+05
2.200000000000000000e+01 9.885670000000000000e+05
2.300000000000000000e+01 1.115197000000000000e+06
2.400000000000000000e+01 1.212490000000000000e+06
2.500000000000000000e+01 1.251369000000000000e+06
2.600000000000000000e+01 1.232853000000000000e+06
2.700000000000000000e+01 1.163077000000000000e+06
2.800000000000000000e+01 1.065207000000000000e+06
2.900000000000000000e+01 9.505660000000000000e+05
3.000000000000000000e+01 8.239800000000000000e+05
3.100000000000000000e+01 7.013940000000000000e+05
3.200000000000000000e+01 5.874500000000000000e+05
3.300000000000000000e+01 4.816610000000000000e+05
3.400000000000000000e+01 3.854910000000000000e+05
3.500000000000000000e+01 2.988800000000000000e+05
3.600000000000000000e+01 2.210330000000000000e+05
3.700000000000000000e+01 1.557020000000000000e+05
3.800000000000000000e+01 1.040000000000000000e+05
3.900000000000000000e+01 6.473100000000000000e+04
4.000000000000000000e+01 3.781300000000000000e+04
4.100000000000000000e+01 2.038500000000000000e+04
4.200000000000000000e+01 1.005700000000000000e+04
4.300000000000000000e+01 4.580000000000000000e+03
4.400000000000000000e+01 2.062000000000000000e+03
4.500000000000000000e+01 8.850000000000000000e+02
4.600000000000000000e+01 4.220000000000000000e+02
4.700000000000000000e+01 1.870000000000000000e+02
4.800000000000000000e+01 1.100000000000000000e+02
4.900000000000000000e+01 1.070000000000000000e+02
5.000000000000000000e+01 4.800000000000000000e+01
5.100000000000000000e+01 8.100000000000000000e+01
5.200000000000000000e+01 4.500000000000000000e+01
5.300000000000000000e+01 6.600000000000000000e+01
5.400000000000000000e+01 2.200000000000000000e+01
5.500000000000000000e+01 7.700000000000000000e+01
5.600000000000000000e+01 2.600000000000000000e+01
5.700000000000000000e+01 5.600000000000000000e+01
5.800000000000000000e+01 1.500000000000000000e+01
5.900000000000000000e+01 4.700000000000000000e+01
6.000000000000000000e+01 1.300000000000000000e+01
6.100000000000000000e+01 2.400000000000000000e+01
6.200000000000000000e+01 5.000000000000000000e+00
6.300000000000000000e+01 3.300000000000000000e+01
6.400000000000000000e+01 1.300000000000000000e+01
6.500000000000000000e+01 1.400000000000000000e+01
6.600000000000000000e+01 8.000000000000000000e+00
6.700000000000000000e+01 1.200000000000000000e+01
6.800000000000000000e+01 1.000000000000000000e+01
6.900000000000000000e+01 1.600000000000000000e+01
7.000000000000000000e+01 6.000000000000000000e+00
7.100000000000000000e+01 5.000000000000000000e+00
7.200000000000000000e+01 6.000000000000000000e+00
7.300000000000000000e+01 5.000000000000000000e+00
7.400000000000000000e+01 1.000000000000000000e+00
7.600000000000000000e+01 4.000000000000000000e+00
7.800000000000000000e+01 4.000000000000000000e+00
7.900000000000000000e+01 1.000000000000000000e+00
8.000000000000000000e+01 1.000000000000000000e+00
8.100000000000000000e+01 1.000000000000000000e+00
8.200000000000000000e+01 2.000000000000000000e+00
9.100000000000000000e+01 1.000000000000000000e+00
1.230000000000000000e+02 1.000000000000000000e+00
1.290000000000000000e+02 1.000000000000000000e+00
1.390000000000000000e+02 1.000000000000000000e+00
1.680000000000000000e+02 1.000000000000000000e+00
5.050000000000000000e+02 1.000000000000000000e+00
1.290000000000000000e+03 1.000000000000000000e+00
