-4.000000000000000000e+00 3.000000000000000000e+00
-2.000000000000000000e+00 3.000000000000000000e+00
-1.000000000000000000e+00 8.000000000000000000e+00
0.000000000000000000e+00 1.325000000000000000e+03
1.000000000000000000e+00 3.000000000000000000e+01
2.000000000000000000e+00 6.100000000000000000e+01
3.000000000000000000e+00 9.100000000000000000e+01
4.000000000000000000e+00 6.630000000000000000e+02
5.000000000000000000e+00 3.014000000000000000e+03
6.000000000000000000e+00 1.417300000000000000e+04
7.000000000000000000e+00 2.646200000000000000e+04
8.000000000000000000e+00 3.718700000000000000e+04
9.000000000000000000e+00 5.269600000000000000e+04
1.000000000000000000e+01 7.410000000000000000e+04
1.100000000000000000e+01 1.023780000000000000e+05
1.200000000000000000e+01 1.406970000000000000e+05
1.300000000000000000e+01 1.921400000000000000e+05
1.400000000000000000e+01 2.600630000000000000e+05
1.500000000000000000e+01 3.442090000000000000e+05
1.600000000000000000e+01 4.479740000000000000e+05
1.700000000000000000e+01 5.763740000000000000e+05
1.800000000000000000e+01 7.221390000000000000e+05
1.900000000000000000e+01 8.668320000000000000e+05
2.000000000000000000e+01 1.003819000000000000e+06
2.100000000000000000e+01 1.115905000000000000e+06
2.200000000000000000e+01 1.202474000000000000e+06
2.300000000000000000e+01 1.229750000000000000e+06
2.400000000000000000e+01 1.202000000000000000e+06
2.500000000000000000e+01 1.103722000000000000e+06
2.600000000000000000e+01 9.512910000000000000e+05
2.700000000000000000e+01 7.609980000000000000e+05
2.800000000000000000e+01 5.594810000000000000e+05
2.900000000000000000e+01 3.700320000000000000e+05
3.000000000000000000e+01 2.195670000000000000e+05
3.100000000000000000e+01 1.152450000000000000e+05
3.200000000000000000e+01 5.352200000000000000e+04
3.300000000000000000e+01 2.250600000000000000e+04
3.400000000000000000e+01 8.727000000000000000e+03
3.500000000000000000e+01 3.363000000000000000e+03
3.600000000000000000e+01 1.231000000000000000e+03
3.700000000000000000e+01 4.590000000000000000e+02
3.800000000000000000e+01 1.660000000000000000e+02
3.900000000000000000e+01 6.600000000000000000e+01
4.000000000000000000e+01 5.800000000000000000e+01
4.100000000000000000e+01 4.100000000000000000e+01
4.200000000000000000e+01 4.000000000000000000e+01
4.300000000000000000e+01 2.700000000000000000e+01
4.400000000000000000e+01 3.400000000000000000e+01
4.500000000000000000e+01 2.800000000000000000e+01
4.600000000000000000e+01 2.600000000000000000e+01
4.700000000000000000e+01 1.700000000000000000e+01
4.800000000000000000e+01 1.700000000000000000e+01
4.900000000000000000e+01 3.200000000000000000e+01
5.000000000000000000e+01 8.000000000000000000e+00
5.100000000000000000e+01 2.100000000000000000e+01
5.200000000000000000e+01 6.000000000000000000e+00
5.300000000000000000e+01 1.800000000000000000e+01
5.400000000000000000e+01 4.000000000000000000e+00
5.500000000000000000e+01 1.200000000000000000e+01
5.600000000000000000e+01 4.000000000000000000e+00
5.700000000000000000e+01 1.200000000000000000e+01
5.800000000000000000e+01 4.000000000000000000e+00
5.900000000000000000e+01 8.000000000000000000e+00
6.000000000000000000e+01 2.000000000000000000e+00
6.100000000000000000e+01 1.000000000000000000e+00
6.200000000000000000e+01 2.000000000000000000e+00
6.300000000000000000e+01 3.000000000000000000e+00
6.400000000000000000e+01 1.000000000000000000e+00
6.600000000000000000e+01 1.000000000000000000e+00
6.700000000000000000e+01 1.000000000000000000e+00
6.800000000000000000e+01 1.000000000000000000e+00
6.900000000000000000e+01 3.000000000000000000e+00
7.200000000000000000e+01 2.000000000000000000e+00
8.800000000000000000e+01 1.000000000000000000e+00
9.000000000000000000e+01 1.000000000000000000e+00
1.120000000000000000e+02 1.000000000000000000e+00
1.140000000000000000e+02 1.000000000000000000e+00
1.260000000000000000e+02 1.000000000000000000e+00
1.270000000000000000e+02 1.000000000000000000e+00
1.330000000000000000e+02 1.000000000000000000e+00
1.420000000000000000e+02 1.000000000000000000e+00
1.450000000000000000e+02 1.000000000000000000e+00
1.790000000000000000e+02 1.000000000000000000e+00
2.120000000000000000e+02 1.000000000000000000e+00
2.220000000000000000e+02 1.000000000000000000e+00
3.740000000000000000e+02 1.000000000000000000e+00
5.710000000000000000e+02 1.000000000000000000e+00
7.650000000000000000e+02 1.000000000000000000e+00
1.000000000000000000e+03 1.000000000000000000e+00
1.159000000000000000e+03 1.000000000000000000e+00
3.066000000000000000e+03 1.000000000000000000e+00
