-4.000000000000000000e+00 5.000000000000000000e+00
-3.000000000000000000e+00 2.000000000000000000e+00
-2.000000000000000000e+00 7.000000000000000000e+00
-1.000000000000000000e+00 3.100000000000000000e+01
0.000000000000000000e+00 1.330000000000000000e+03
1.000000000000000000e+00 5.700000000000000000e+01
2.000000000000000000e+00 8.500000000000000000e+01
3.000000000000000000e+00 1.520000000000000000e+02
4.000000000000000000e+00 9.760000000000000000e+02
5.000000000000000000e+00 6.675000000000000000e+03
6.000000000000000000e+00 4.443800000000000000e+04
7.000000000000000000e+00 7.444000000000000000e+04
8.000000000000000000e+00 8.689500000000000000e+04
9.000000000000000000e+00 9.895600000000000000e+04
1.000000000000000000e+01 1.078490000000000000e+05
1.100000000000000000e+01 1.112590000000000000e+05
1.200000000000000000e+01 1.123510000000000000e+05
1.300000000000000000e+01 1.165880000000000000e+05
1.400000000000000000e+01 1.276100000000000000e+05
1.500000000000000000e+01 1.476020000000000000e+05
1.600000000000000000e+01 1.809970000000000000e+05
1.700000000000000000e+01 2.306640000000000000e+05
1.800000000000000000e+01 2.950500000000000000e+05
1.900000000000000000e+01 3.727260000000000000e+05
2.000000000000000000e+01 4.610730000000000000e+05
2.100000000000000000e+01 5.593510000000000000e+05
2.200000000000000000e+01 6.635370000000000000e+05
2.300000000000000000e+01 7.559900000000000000e+05
2.400000000000000000e+01 8.300980000000000000e+05
2.500000000000000000e+01 8.657150000000000000e+05
2.600000000000000000e+01 8.616920000000000000e+05
2.700000000000000000e+01 8.254570000000000000e+05
2.800000000000000000e+01 7.625040000000000000e+05
2.900000000000000000e+01 6.891030000000000000e+05
3.000000000000000000e+01 6.057450000000000000e+05
3.100000000000000000e+01 5.251710000000000000e+05
3.200000000000000000e+01 4.463950000000000000e+05
3.300000000000000000e+01 3.696640000000000000e+05
3.400000000000000000e+01 2.998560000000000000e+05
3.500000000000000000e+01 2.339780000000000000e+05
3.600000000000000000e+01 1.759500000000000000e+05
3.700000000000000000e+01 1.247480000000000000e+05
3.800000000000000000e+01 8.408600000000000000e+04
3.900000000000000000e+01 5.305400000000000000e+04
4.000000000000000000e+01 3.130000000000000000e+04
4.100000000000000000e+01 1.715600000000000000e+04
4.200000000000000000e+01 8.469000000000000000e+03
4.300000000000000000e+01 3.868000000000000000e+03
4.400000000000000000e+01 1.630000000000000000e+03
4.500000000000000000e+01 6.900000000000000000e+02
4.600000000000000000e+01 3.120000000000000000e+02
4.700000000000000000e+01 1.590000000000000000e+02
4.800000000000000000e+01 7.600000000000000000e+01
4.900000000000000000e+01 6.800000000000000000e+01
5.000000000000000000e+01 3.100000000000000000e+01
5.100000000000000000e+01 3.500000000000000000e+01
5.200000000000000000e+01 2.700000000000000000e+01
5.300000000000000000e+01 2.700000000000000000e+01
5.400000000000000000e+01 2.600000000000000000e+01
5.500000000000000000e+01 2.700000000000000000e+01
5.600000000000000000e+01 2.000000000000000000e+01
5.700000000000000000e+01 2.300000000000000000e+01
5.800000000000000000e+01 8.000000000000000000e+00
5.900000000000000000e+01 2.200000000000000000e+01
6.000000000000000000e+01 1.200000000000000000e+01
6.100000000000000000e+01 1.800000000000000000e+01
6.200000000000000000e+01 6.000000000000000000e+00
6.300000000000000000e+01 2.300000000000000000e+01
6.400000000000000000e+01 1.300000000000000000e+01
6.500000000000000000e+01 8.000000000000000000e+00
6.600000000000000000e+01 7.000000000000000000e+00
6.700000000000000000e+01 3.000000000000000000e+00
6.800000000000000000e+01 5.000000000000000000e+00
6.900000000000000000e+01 3.000000000000000000e+00
7.000000000000000000e+01 4.000000000000000000e+00
7.100000000000000000e+01 2.000000000000000000e+00
7.200000000000000000e+01 3.000000000000000000e+00
7.300000000000000000e+01 6.000000000000000000e+00
7.400000000000000000e+01 2.000000000000000000e+00
7.500000000000000000e+01 3.000000000000000000e+00
7.600000000000000000e+01 6.000000000000000000e+00
7.700000000000000000e+01 4.000000000000000000e+00
7.800000000000000000e+01 3.000000000000000000e+00
8.000000000000000000e+01 1.000000000000000000e+00
8.100000000000000000e+01 1.000000000000000000e+00
8.200000000000000000e+01 2.000000000000000000e+00
8.400000000000000000e+01 1.000000000000000000e+00
8.500000000000000000e+01 1.000000000000000000e+00
8.900000000000000000e+01 1.000000000000000000e+00
9.300000000000000000e+01 1.000000000000000000e+00
1.000000000000000000e+02 1.000000000000000000e+00
1.360000000000000000e+02 1.000000000000000000e+00
1.740000000000000000e+02 1.000000000000000000e+00
3.630000000000000000e+02 1.000000000000000000e+00
5.460000000000000000e+02 1.000000000000000000e+00
7.980000000000000000e+02 1.000000000000000000e+00
9.150000000000000000e+02 1.000000000000000000e+00
1.053000000000000000e+03 1.000000000000000000e+00
2.704000000000000000e+03 1.000000000000000000e+00
