-4.000000000000000000e+00 1.200000000000000000e+01
-3.000000000000000000e+00 8.000000000000000000e+00
-2.000000000000000000e+00 1.400000000000000000e+01
-1.000000000000000000e+00 1.150000000000000000e+02
0.000000000000000000e+00 1.407000000000000000e+03
1.000000000000000000e+00 1.970000000000000000e+02
2.000000000000000000e+00 2.820000000000000000e+02
3.000000000000000000e+00 4.050000000000000000e+02
4.000000000000000000e+00 2.126000000000000000e+03
5.000000000000000000e+00 1.556300000000000000e+04
6.000000000000000000e+00 1.103710000000000000e+05
7.000000000000000000e+00 1.916700000000000000e+05
8.000000000000000000e+00 2.304190000000000000e+05
9.000000000000000000e+00 2.725020000000000000e+05
1.000000000000000000e+01 3.148960000000000000e+05
1.100000000000000000e+01 3.446510000000000000e+05
1.200000000000000000e+01 3.644740000000000000e+05
1.300000000000000000e+01 3.791610000000000000e+05
1.400000000000000000e+01 3.982860000000000000e+05
1.500000000000000000e+01 4.214470000000000000e+05
1.600000000000000000e+01 4.596600000000000000e+05
1.700000000000000000e+01 5.204620000000000000e+05
1.800000000000000000e+01 6.018790000000000000e+05
1.900000000000000000e+01 7.049590000000000000e+05
2.000000000000000000e+01 8.325390000000000000e+05
2.100000000000000000e+01 9.816370000000000000e+05
2.200000000000000000e+01 1.146067000000000000e+06
2.300000000000000000e+01 1.292887000000000000e+06
2.400000000000000000e+01 1.407044000000000000e+06
2.500000000000000000e+01 1.450990000000000000e+06
2.600000000000000000e+01 1.432397000000000000e+06
2.700000000000000000e+01 1.367880000000000000e+06
2.800000000000000000e+01 1.273921000000000000e+06
2.900000000000000000e+01 1.177150000000000000e+06
3.000000000000000000e+01 1.077009000000000000e+06
3.100000000000000000e+01 9.852970000000000000e+05
3.200000000000000000e+01 9.027350000000000000e+05
3.300000000000000000e+01 8.304210000000000000e+05
3.400000000000000000e+01 7.665240000000000000e+05
3.500000000000000000e+01 7.091690000000000000e+05
3.600000000000000000e+01 6.526290000000000000e+05
3.700000000000000000e+01 5.979680000000000000e+05
3.800000000000000000e+01 5.471570000000000000e+05
3.900000000000000000e+01 4.957740000000000000e+05
4.000000000000000000e+01 4.468230000000000000e+05
4.100000000000000000e+01 3.957790000000000000e+05
4.200000000000000000e+01 3.450260000000000000e+05
4.300000000000000000e+01 2.934360000000000000e+05
4.400000000000000000e+01 2.455580000000000000e+05
4.500000000000000000e+01 1.981740000000000000e+05
4.600000000000000000e+01 1.557290000000000000e+05
4.700000000000000000e+01 1.170700000000000000e+05
4.800000000000000000e+01 8.441100000000000000e+04
4.900000000000000000e+01 5.778900000000000000e+04
5.000000000000000000e+01 3.793900000000000000e+04
5.100000000000000000e+01 2.339300000000000000e+04
5.200000000000000000e+01 1.415800000000000000e+04
5.300000000000000000e+01 7.899000000000000000e+03
5.400000000000000000e+01 4.365000000000000000e+03
5.500000000000000000e+01 2.360000000000000000e+03
5.600000000000000000e+01 1.173000000000000000e+03
5.700000000000000000e+01 6.640000000000000000e+02
5.800000000000000000e+01 3.360000000000000000e+02
5.900000000000000000e+01 2.140000000000000000e+02
6.000000000000000000e+01 1.280000000000000000e+02
6.100000000000000000e+01 1.230000000000000000e+02
6.200000000000000000e+01 7.800000000000000000e+01
6.300000000000000000e+01 5.800000000000000000e+01
6.400000000000000000e+01 4.800000000000000000e+01
6.500000000000000000e+01 4.200000000000000000e+01
6.600000000000000000e+01 4.100000000000000000e+01
6.700000000000000000e+01 3.300000000000000000e+01
6.800000000000000000e+01 3.800000000000000000e+01
6.900000000000000000e+01 2.800000000000000000e+01
7.000000000000000000e+01 3.500000000000000000e+01
7.100000000000000000e+01 2.600000000000000000e+01
7.200000000000000000e+01 3.400000000000000000e+01
7.300000000000000000e+01 3.200000000000000000e+01
7.400000000000000000e+01 2.600000000000000000e+01
7.500000000000000000e+01 8.000000000000000000e+00
7.600000000000000000e+01 2.500000000000000000e+01
7.700000000000000000e+01 1.000000000000000000e+01
7.800000000000000000e+01 2.800000000000000000e+01
7.900000000000000000e+01 5.000000000000000000e+00
8.000000000000000000e+01 2.300000000000000000e+01
8.100000000000000000e+01 3.000000000000000000e+00
8.200000000000000000e+01 2.100000000000000000e+01
8.300000000000000000e+01 2.000000000000000000e+00
8.400000000000000000e+01 1.100000000000000000e+01
8.500000000000000000e+01 4.000000000000000000e+00
8.600000000000000000e+01 2.300000000000000000e+01
8.700000000000000000e+01 6.000000000000000000e+00
8.800000000000000000e+01 7.000000000000000000e+00
8.900000000000000000e+01 4.000000000000000000e+00
9.000000000000000000e+01 5.000000000000000000e+00
9.100000000000000000e+01 4.000000000000000000e+00
9.200000000000000000e+01 9.000000000000000000e+00
9.300000000000000000e+01 1.000000000000000000e+00
9.400000000000000000e+01 4.000000000000000000e+00
9.500000000000000000e+01 3.000000000000000000e+00
9.600000000000000000e+01 5.000000000000000000e+00
9.700000000000000000e+01 4.000000000000000000e+00
9.800000000000000000e+01 3.000000000000000000e+00
1.010000000000000000e+02 3.000000000000000000e+00
1.020000000000000000e+02 2.000000000000000000e+00
1.030000000000000000e+02 3.000000000000000000e+00
1.050000000000000000e+02 2.000000000000000000e+00
1.070000000000000000e+02 2.000000000000000000e+00
1.090000000000000000e+02 1.000000000000000000e+00
1.190000000000000000e+02 1.000000000000000000e+00
1.200000000000000000e+02 1.000000000000000000e+00
1.320000000000000000e+02 1.000000000000000000e+00
1.670000000000000000e+02 1.000000000000000000e+00
4.480000000000000000e+02 1.000000000000000000e+00
4.890000000000000000e+02 1.000000000000000000e+00
9.840000000000000000e+02 1.000000000000000000e+00
3.618000000000000000e+03 1.000000000000000000e+00
