-4.000000000000000000e+00 5.000000000000000000e+00
-3.000000000000000000e+00 1.000000000000000000e+00
-2.000000000000000000e+00 1.000000000000000000e+01
-1.000000000000000000e+00 3.800000000000000000e+01
0.000000000000000000e+00 1.378000000000000000e+03
1.000000000000000000e+00 1.300000000000000000e+02
2.000000000000000000e+00 1.600000000000000000e+02
3.000000000000000000e+00 2.670000000000000000e+02
4.000000000000000000e+00 1.543000000000000000e+03
5.000000000000000000e+00 1.128000000000000000e+04
6.000000000000000000e+00 7.592600000000000000e+04
7.000000000000000000e+00 1.320830000000000000e+05
8.000000000000000000e+00 1.607800000000000000e+05
9.000000000000000000e+00 1.891740000000000000e+05
1.000000000000000000e+01 2.187550000000000000e+05
1.100000000000000000e+01 2.391990000000000000e+05
1.200000000000000000e+01 2.508920000000000000e+05
1.300000000000000000e+01 2.583040000000000000e+05
1.400000000000000000e+01 2.663530000000000000e+05
1.500000000000000000e+01 2.792100000000000000e+05
1.600000000000000000e+01 2.973670000000000000e+05
1.700000000000000000e+01 3.300320000000000000e+05
1.800000000000000000e+01 3.749700000000000000e+05
1.900000000000000000e+01 4.340150000000000000e+05
2.000000000000000000e+01 5.089210000000000000e+05
2.100000000000000000e+01 6.001950000000000000e+05
2.200000000000000000e+01 7.061360000000000000e+05
2.300000000000000000e+01 8.030190000000000000e+05
2.400000000000000000e+01 8.836720000000000000e+05
2.500000000000000000e+01 9.251330000000000000e+05
2.600000000000000000e+01 9.256320000000000000e+05
2.700000000000000000e+01 8.912750000000000000e+05
2.800000000000000000e+01 8.423600000000000000e+05
2.900000000000000000e+01 7.859220000000000000e+05
3.000000000000000000e+01 7.295920000000000000e+05
3.100000000000000000e+01 6.766410000000000000e+05
3.200000000000000000e+01 6.278140000000000000e+05
3.300000000000000000e+01 5.820330000000000000e+05
3.400000000000000000e+01 5.431170000000000000e+05
3.500000000000000000e+01 5.060630000000000000e+05
3.600000000000000000e+01 4.698230000000000000e+05
3.700000000000000000e+01 4.355960000000000000e+05
3.800000000000000000e+01 4.013090000000000000e+05
3.900000000000000000e+01 3.670530000000000000e+05
4.000000000000000000e+01 3.332120000000000000e+05
4.100000000000000000e+01 2.965640000000000000e+05
4.200000000000000000e+01 2.605480000000000000e+05
4.300000000000000000e+01 2.232090000000000000e+05
4.400000000000000000e+01 1.870890000000000000e+05
4.500000000000000000e+01 1.529590000000000000e+05
4.600000000000000000e+01 1.204370000000000000e+05
4.700000000000000000e+01 9.184600000000000000e+04
4.800000000000000000e+01 6.662000000000000000e+04
4.900000000000000000e+01 4.619700000000000000e+04
5.000000000000000000e+01 3.056400000000000000e+04
5.100000000000000000e+01 1.910700000000000000e+04
5.200000000000000000e+01 1.118800000000000000e+04
5.300000000000000000e+01 6.614000000000000000e+03
5.400000000000000000e+01 3.567000000000000000e+03
5.500000000000000000e+01 2.008000000000000000e+03
5.600000000000000000e+01 9.600000000000000000e+02
5.700000000000000000e+01 5.710000000000000000e+02
5.800000000000000000e+01 2.510000000000000000e+02
5.900000000000000000e+01 2.020000000000000000e+02
6.000000000000000000e+01 9.200000000000000000e+01
6.100000000000000000e+01 9.000000000000000000e+01
6.200000000000000000e+01 5.500000000000000000e+01
6.300000000000000000e+01 4.300000000000000000e+01
6.400000000000000000e+01 3.900000000000000000e+01
6.500000000000000000e+01 2.800000000000000000e+01
6.600000000000000000e+01 2.600000000000000000e+01
6.700000000000000000e+01 2.900000000000000000e+01
6.800000000000000000e+01 2.000000000000000000e+01
6.900000000000000000e+01 2.200000000000000000e+01
7.000000000000000000e+01 1.400000000000000000e+01
7.100000000000000000e+01 9.000000000000000000e+00
7.200000000000000000e+01 1.800000000000000000e+01
7.300000000000000000e+01 1.400000000000000000e+01
7.400000000000000000e+01 1.000000000000000000e+01
7.500000000000000000e+01 5.000000000000000000e+00
7.600000000000000000e+01 1.400000000000000000e+01
7.700000000000000000e+01 3.000000000000000000e+00
7.800000000000000000e+01 1.300000000000000000e+01
7.900000000000000000e+01 1.100000000000000000e+01
8.000000000000000000e+01 1.400000000000000000e+01
8.100000000000000000e+01 5.000000000000000000e+00
8.200000000000000000e+01 1.200000000000000000e+01
8.300000000000000000e+01 8.000000000000000000e+00
8.400000000000000000e+01 1.000000000000000000e+01
8.600000000000000000e+01 1.000000000000000000e+01
8.700000000000000000e+01 5.000000000000000000e+00
8.800000000000000000e+01 4.000000000000000000e+00
8.900000000000000000e+01 7.000000000000000000e+00
9.000000000000000000e+01 3.000000000000000000e+00
9.100000000000000000e+01 3.000000000000000000e+00
9.200000000000000000e+01 5.000000000000000000e+00
9.300000000000000000e+01 2.000000000000000000e+00
9.400000000000000000e+01 5.000000000000000000e+00
9.500000000000000000e+01 3.000000000000000000e+00
9.600000000000000000e+01 1.000000000000000000e+00
9.700000000000000000e+01 4.000000000000000000e+00
9.900000000000000000e+01 1.000000000000000000e+00
1.000000000000000000e+02 1.000000000000000000e+00
1.010000000000000000e+02 1.000000000000000000e+00
1.050000000000000000e+02 2.000000000000000000e+00
1.070000000000000000e+02 1.000000000000000000e+00
1.140000000000000000e+02 1.000000000000000000e+00
1.240000000000000000e+02 1.000000000000000000e+00
1.790000000000000000e+02 1.000000000000000000e+00
2.190000000000000000e+02 1.000000000000000000e+00
3.720000000000000000e+02 1.000000000000000000e+00
4.370000000000000000e+02 1.000000000000000000e+00
7.000000000000000000e+02 1.000000000000000000e+00
1.193000000000000000e+03 1.000000000000000000e+00
1.725000000000000000e+03 1.000000000000000000e+00
