-4.000000000000000000e+00 5.000000000000000000e+00
-3.000000000000000000e+00 3.000000000000000000e+00
-2.000000000000000000e+00 1.200000000000000000e+01
-1.000000000000000000e+00 4.400000000000000000e+01
0.000000000000000000e+00 1.364000000000000000e+03
1.000000000000000000e+00 1.090000000000000000e+02
2.000000000000000000e+00 1.340000000000000000e+02
3.000000000000000000e+00 2.010000000000000000e+02
4.000000000000000000e+00 1.157000000000000000e+03
5.000000000000000000e+00 8.654000000000000000e+03
6.000000000000000000e+00 5.893700000000000000e+04
7.000000000000000000e+00 1.004200000000000000e+05
8.000000000000000000e+00 1.175090000000000000e+05
9.000000000000000000e+00 1.335450000000000000e+05
1.000000000000000000e+01 1.474390000000000000e+05
1.100000000000000000e+01 1.537990000000000000e+05
1.200000000000000000e+01 1.587720000000000000e+05
1.300000000000000000e+01 1.689010000000000000e+05
1.400000000000000000e+01 1.900940000000000000e+05
1.500000000000000000e+01 2.251830000000000000e+05
1.600000000000000000e+01 2.800850000000000000e+05
1.700000000000000000e+01 3.590840000000000000e+05
1.800000000000000000e+01 4.585250000000000000e+05
1.900000000000000000e+01 5.741030000000000000e+05
2.000000000000000000e+01 7.072600000000000000e+05
2.100000000000000000e+01 8.494040000000000000e+05
2.200000000000000000e+01 9.968180000000000000e+05
2.300000000000000000e+01 1.123882000000000000e+06
2.400000000000000000e+01 1.224934000000000000e+06
2.500000000000000000e+01 1.266659000000000000e+06
2.600000000000000000e+01 1.251691000000000000e+06
2.700000000000000000e+01 1.184393000000000000e+06
2.800000000000000000e+01 1.085069000000000000e+06
2.900000000000000000e+01 9.668520000000000000e+05
3.000000000000000000e+01 8.414470000000000000e+05
3.100000000000000000e+01 7.160990000000000000e+05
3.200000000000000000e+01 6.012190000000000000e+05
3.300000000000000000e+01 4.936740000000000000e+05
3.400000000000000000e+01 3.944100000000000000e+05
3.500000000000000000e+01 3.061700000000000000e+05
3.600000000000000000e+01 2.270600000000000000e+05
3.700000000000000000e+01 1.601270000000000000e+05
3.800000000000000000e+01 1.072400000000000000e+05
3.900000000000000000e+01 6.711200000000000000e+04
4.000000000000000000e+01 3.938100000000000000e+04
4.100000000000000000e+01 2.111600000000000000e+04
4.200000000000000000e+01 1.055600000000000000e+04
4.300000000000000000e+01 4.681000000000000000e+03
4.400000000000000000e+01 2.204000000000000000e+03
4.500000000000000000e+01 9.730000000000000000e+02
4.600000000000000000e+01 4.690000000000000000e+02
4.700000000000000000e+01 1.740000000000000000e+02
4.800000000000000000e+01 9.600000000000000000e+01
4.900000000000000000e+01 1.210000000000000000e+02
5.000000000000000000e+01 5.600000000000000000e+01
5.100000000000000000e+01 7.900000000000000000e+01
5.200000000000000000e+01 3.300000000000000000e+01
5.300000000000000000e+01 6.600000000000000000e+01
5.400000000000000000e+01 2.400000000000000000e+01
5.500000000000000000e+01 6.000000000000000000e+01
5.600000000000000000e+01 2.000000000000000000e+01
5.700000000000000000e+01 4.700000000000000000e+01
5.800000000000000000e+01 1.800000000000000000e+01
5.900000000000000000e+01 4.000000000000000000e+01
6.000000000000000000e+01 2.000000000000000000e+01
6.100000000000000000e+01 3.500000000000000000e+01
6.200000000000000000e+01 9.000000000000000000e+00
6.300000000000000000e+01 3.800000000000000000e+01
6.400000000000000000e+01 1.400000000000000000e+01
6.500000000000000000e+01 1.700000000000000000e+01
6.600000000000000000e+01 1.200000000000000000e+01
6.700000000000000000e+01 1.000000000000000000e+01
6.800000000000000000e+01 7.000000000000000000e+00
6.900000000000000000e+01 1.100000000000000000e+01
7.000000000000000000e+01 1.500000000000000000e+01
7.100000000000000000e+01 3.000000000000000000e+00
7.200000000000000000e+01 6.000000000000000000e+00
7.300000000000000000e+01 7.000000000000000000e+00
7.400000000000000000e+01 5.000000000000000000e+00
7.600000000000000000e+01 1.200000000000000000e+01
7.700000000000000000e+01 1.000000000000000000e+00
7.900000000000000000e+01 1.000000000000000000e+00
8.000000000000000000e+01 1.000000000000000000e+00
8.200000000000000000e+01 2.000000000000000000e+00
8.400000000000000000e+01 1.000000000000000000e+00
8.600000000000000000e+01 2.000000000000000000e+00
8.700000000000000000e+01 1.000000000000000000e+00
8.800000000000000000e+01 1.000000000000000000e+00
8.900000000000000000e+01 2.000000000000000000e+00
9.500000000000000000e+01 1.000000000000000000e+00
1.030000000000000000e+02 1.000000000000000000e+00
1.070000000000000000e+02 1.000000000000000000e+00
1.160000000000000000e+02 1.000000000000000000e+00
1.210000000000000000e+02 1.000000000000000000e+00
1.300000000000000000e+02 1.000000000000000000e+00
1.600000000000000000e+02 1.000000000000000000e+00
1.670000000000000000e+02 1.000000000000000000e+00
3.530000000000000000e+02 1.000000000000000000e+00
5.180000000000000000e+02 1.000000000000000000e+00
9.570000000000000000e+02 1.000000000000000000e+00
