-4.000000000000000000e+00 1.000000000000000000e+00
-2.000000000000000000e+00 1.000000000000000000e+00
-1.000000000000000000e+00 1.100000000000000000e+01
0.000000000000000000e+00 1.327000000000000000e+03
1.000000000000000000e+00 1.600000000000000000e+01
2.000000000000000000e+00 3.000000000000000000e+01
3.000000000000000000e+00 6.800000000000000000e+01
4.000000000000000000e+00 4.850000000000000000e+02
5.000000000000000000e+00 2.411000000000000000e+03
6.000000000000000000e+00 1.317500000000000000e+04
7.000000000000000000e+00 2.469500000000000000e+04
8.000000000000000000e+00 3.531500000000000000e+04
9.000000000000000000e+00 5.054200000000000000e+04
1.000000000000000000e+01 7.208600000000000000e+04
1.100000000000000000e+01 9.880600000000000000e+04
1.200000000000000000e+01 1.337850000000000000e+05
1.300000000000000000e+01 1.818320000000000000e+05
1.400000000000000000e+01 2.403310000000000000e+05
1.500000000000000000e+01 3.142440000000000000e+05
1.600000000000000000e+01 3.999860000000000000e+05
1.700000000000000000e+01 5.036010000000000000e+05
1.800000000000000000e+01 6.148650000000000000e+05
1.900000000000000000e+01 7.133890000000000000e+05
2.000000000000000000e+01 7.866960000000000000e+05
2.100000000000000000e+01 8.121320000000000000e+05
2.200000000000000000e+01 7.818320000000000000e+05
2.300000000000000000e+01 6.831440000000000000e+05
2.400000000000000000e+01 5.293710000000000000e+05
2.500000000000000000e+01 3.552610000000000000e+05
2.600000000000000000e+01 2.046620000000000000e+05
2.700000000000000000e+01 1.039070000000000000e+05
2.800000000000000000e+01 4.841200000000000000e+04
2.900000000000000000e+01 2.301800000000000000e+04
3.000000000000000000e+01 1.107600000000000000e+04
3.100000000000000000e+01 5.384000000000000000e+03
3.200000000000000000e+01 2.361000000000000000e+03
3.300000000000000000e+01 9.500000000000000000e+02
3.400000000000000000e+01 3.570000000000000000e+02
3.500000000000000000e+01 1.420000000000000000e+02
3.600000000000000000e+01 6.300000000000000000e+01
3.700000000000000000e+01 3.000000000000000000e+01
3.800000000000000000e+01 2.800000000000000000e+01
3.900000000000000000e+01 5.000000000000000000e+00
4.000000000000000000e+01 1.500000000000000000e+01
4.100000000000000000e+01 1.100000000000000000e+01
4.200000000000000000e+01 6.000000000000000000e+00
4.300000000000000000e+01 1.000000000000000000e+01
4.400000000000000000e+01 8.000000000000000000e+00
4.500000000000000000e+01 4.000000000000000000e+00
4.600000000000000000e+01 1.400000000000000000e+01
4.700000000000000000e+01 6.000000000000000000e+00
4.800000000000000000e+01 4.000000000000000000e+00
4.900000000000000000e+01 1.700000000000000000e+01
5.000000000000000000e+01 3.000000000000000000e+00
5.100000000000000000e+01 7.000000000000000000e+00
5.200000000000000000e+01 2.000000000000000000e+00
5.300000000000000000e+01 2.000000000000000000e+00
5.500000000000000000e+01 4.000000000000000000e+00
5.800000000000000000e+01 1.000000000000000000e+00
6.600000000000000000e+01 1.000000000000000000e+00
6.900000000000000000e+01 1.000000000000000000e+00
7.200000000000000000e+01 1.000000000000000000e+00
7.500000000000000000e+01 1.000000000000000000e+00
7.700000000000000000e+01 1.000000000000000000e+00
8.200000000000000000e+01 2.000000000000000000e+00
8.300000000000000000e+01 1.000000000000000000e+00
9.100000000000000000e+01 1.000000000000000000e+00
9.300000000000000000e+01 2.000000000000000000e+00
9.700000000000000000e+01 1.000000000000000000e+00
1.020000000000000000e+02 1.000000000000000000e+00
1.030000000000000000e+02 1.000000000000000000e+00
1.080000000000000000e+02 2.000000000000000000e+00
1.090000000000000000e+02 1.000000000000000000e+00
1.130000000000000000e+02 1.000000000000000000e+00
1.160000000000000000e+02 1.000000000000000000e+00
1.280000000000000000e+02 1.000000000000000000e+00
1.340000000000000000e+02 1.000000000000000000e+00
1.460000000000000000e+02 1.000000000000000000e+00
1.640000000000000000e+02 1.000000000000000000e+00
1.700000000000000000e+02 1.000000000000000000e+00
1.710000000000000000e+02 1.000000000000000000e+00
1.820000000000000000e+02 1.000000000000000000e+00
2.000000000000000000e+02 1.000000000000000000e+00
2.250000000000000000e+02 1.000000000000000000e+00
3.490000000000000000e+02 1.000000000000000000e+00
3.610000000000000000e+02 1.000000000000000000e+00
8.120000000000000000e+02 1.000000000000000000e+00
8.180000000000000000e+02 1.000000000000000000e+00
9.650000000000000000e+02 1.000000000000000000e+00
1.027000000000000000e+03 1.000000000000000000e+00
2.023000000000000000e+03 1.000000000000000000e+00
