-4.000000000000000000e+00 4.000000000000000000e+00
-3.000000000000000000e+00 7.000000000000000000e+00
-2.000000000000000000e+00 1.000000000000000000e+01
-1.000000000000000000e+00 5.000000000000000000e+01
0.000000000000000000e+00 1.371000000000000000e+03
1.000000000000000000e+00 1.050000000000000000e+02
2.000000000000000000e+00 1.880000000000000000e+02
3.000000000000000000e+00 2.880000000000000000e+02
4.000000000000000000e+00 1.613000000000000000e+03
5.000000000000000000e+00 1.095900000000000000e+04
6.000000000000000000e+00 7.598400000000000000e+04
7.000000000000000000e+00 1.321530000000000000e+05
8.000000000000000000e+00 1.589370000000000000e+05
9.000000000000000000e+00 1.890170000000000000e+05
1.000000000000000000e+01 2.181910000000000000e+05
1.100000000000000000e+01 2.369690000000000000e+05
1.200000000000000000e+01 2.494570000000000000e+05
1.300000000000000000e+01 2.580690000000000000e+05
1.400000000000000000e+01 2.655860000000000000e+05
1.500000000000000000e+01 2.773380000000000000e+05
1.600000000000000000e+01 2.954970000000000000e+05
1.700000000000000000e+01 3.278910000000000000e+05
1.800000000000000000e+01 3.734570000000000000e+05
1.900000000000000000e+01 4.309210000000000000e+05
2.000000000000000000e+01 5.054760000000000000e+05
2.100000000000000000e+01 5.977960000000000000e+05
2.200000000000000000e+01 7.009180000000000000e+05
2.300000000000000000e+01 7.983980000000000000e+05
2.400000000000000000e+01 8.788990000000000000e+05
2.500000000000000000e+01 9.229750000000000000e+05
2.600000000000000000e+01 9.231200000000000000e+05
2.700000000000000000e+01 8.896230000000000000e+05
2.800000000000000000e+01 8.412950000000000000e+05
2.900000000000000000e+01 7.868380000000000000e+05
3.000000000000000000e+01 7.290330000000000000e+05
3.100000000000000000e+01 6.747450000000000000e+05
3.200000000000000000e+01 6.273360000000000000e+05
3.300000000000000000e+01 5.848950000000000000e+05
3.400000000000000000e+01 5.431320000000000000e+05
3.500000000000000000e+01 5.061110000000000000e+05
3.600000000000000000e+01 4.703960000000000000e+05
3.700000000000000000e+01 4.351180000000000000e+05
3.800000000000000000e+01 4.011940000000000000e+05
3.900000000000000000e+01 3.670020000000000000e+05
4.000000000000000000e+01 3.333470000000000000e+05
4.100000000000000000e+01 2.977690000000000000e+05
4.200000000000000000e+01 2.616080000000000000e+05
4.300000000000000000e+01 2.245280000000000000e+05
4.400000000000000000e+01 1.897970000000000000e+05
4.500000000000000000e+01 1.539020000000000000e+05
4.600000000000000000e+01 1.217080000000000000e+05
4.700000000000000000e+01 9.263400000000000000e+04
4.800000000000000000e+01 6.752000000000000000e+04
4.900000000000000000e+01 4.730900000000000000e+04
5.000000000000000000e+01 3.073400000000000000e+04
5.100000000000000000e+01 1.926800000000000000e+04
5.200000000000000000e+01 1.188300000000000000e+04
5.300000000000000000e+01 6.663000000000000000e+03
5.400000000000000000e+01 3.756000000000000000e+03
5.500000000000000000e+01 1.880000000000000000e+03
5.600000000000000000e+01 1.085000000000000000e+03
5.700000000000000000e+01 5.290000000000000000e+02
5.800000000000000000e+01 2.970000000000000000e+02
5.900000000000000000e+01 1.680000000000000000e+02
6.000000000000000000e+01 9.600000000000000000e+01
6.100000000000000000e+01 7.200000000000000000e+01
6.200000000000000000e+01 5.200000000000000000e+01
6.300000000000000000e+01 5.300000000000000000e+01
6.400000000000000000e+01 2.900000000000000000e+01
6.500000000000000000e+01 2.100000000000000000e+01
6.600000000000000000e+01 2.700000000000000000e+01
6.700000000000000000e+01 2.300000000000000000e+01
6.800000000000000000e+01 2.800000000000000000e+01
6.900000000000000000e+01 2.400000000000000000e+01
7.000000000000000000e+01 1.500000000000000000e+01
7.100000000000000000e+01 1.500000000000000000e+01
7.200000000000000000e+01 1.700000000000000000e+01
7.300000000000000000e+01 1.500000000000000000e+01
7.400000000000000000e+01 1.400000000000000000e+01
7.500000000000000000e+01 4.000000000000000000e+00
7.600000000000000000e+01 2.200000000000000000e+01
7.700000000000000000e+01 8.000000000000000000e+00
7.800000000000000000e+01 1.100000000000000000e+01
7.900000000000000000e+01 3.000000000000000000e+00
8.000000000000000000e+01 1.200000000000000000e+01
8.100000000000000000e+01 4.000000000000000000e+00
8.200000000000000000e+01 9.000000000000000000e+00
8.300000000000000000e+01 2.000000000000000000e+00
8.400000000000000000e+01 1.100000000000000000e+01
8.500000000000000000e+01 3.000000000000000000e+00
8.600000000000000000e+01 7.000000000000000000e+00
8.700000000000000000e+01 5.000000000000000000e+00
8.800000000000000000e+01 2.000000000000000000e+00
8.900000000000000000e+01 4.000000000000000000e+00
9.000000000000000000e+01 3.000000000000000000e+00
9.100000000000000000e+01 3.000000000000000000e+00
9.200000000000000000e+01 2.000000000000000000e+00
9.400000000000000000e+01 3.000000000000000000e+00
9.500000000000000000e+01 2.000000000000000000e+00
9.600000000000000000e+01 3.000000000000000000e+00
9.800000000000000000e+01 6.000000000000000000e+00
1.000000000000000000e+02 1.000000000000000000e+00
1.010000000000000000e+02 1.000000000000000000e+00
1.020000000000000000e+02 1.000000000000000000e+00
1.030000000000000000e+02 1.000000000000000000e+00
1.040000000000000000e+02 1.000000000000000000e+00
1.050000000000000000e+02 1.000000000000000000e+00
1.100000000000000000e+02 1.000000000000000000e+00
1.130000000000000000e+02 1.000000000000000000e+00
1.140000000000000000e+02 1.000000000000000000e+00
1.300000000000000000e+02 1.000000000000000000e+00
1.700000000000000000e+02 1.000000000000000000e+00
1.710000000000000000e+02 1.000000000000000000e+00
1.720000000000000000e+02 1.000000000000000000e+00
1.900000000000000000e+02 1.000000000000000000e+00
1.950000000000000000e+02 1.000000000000000000e+00
2.510000000000000000e+02 1.000000000000000000e+00
3.950000000000000000e+02 1.000000000000000000e+00
4.340000000000000000e+02 1.000000000000000000e+00
6.550000000000000000e+02 1.000000000000000000e+00
1.036000000000000000e+03 1.000000000000000000e+00
