-4.000000000000000000e+00 1.000000000000000000e+01
-3.000000000000000000e+00 4.000000000000000000e+00
-2.000000000000000000e+00 2.400000000000000000e+01
-1.000000000000000000e+00 9.400000000000000000e+01
0.000000000000000000e+00 1.401000000000000000e+03
1.000000000000000000e+00 1.880000000000000000e+02
2.000000000000000000e+00 2.770000000000000000e+02
3.000000000000000000e+00 3.960000000000000000e+02
4.000000000000000000e+00 2.025000000000000000e+03
5.000000000000000000e+00 1.561400000000000000e+04
6.000000000000000000e+00 1.100350000000000000e+05
7.000000000000000000e+00 1.912500000000000000e+05
8.000000000000000000e+00 2.300010000000000000e+05
9.000000000000000000e+00 2.738220000000000000e+05
1.000000000000000000e+01 3.147670000000000000e+05
1.100000000000000000e+01 3.432420000000000000e+05
1.200000000000000000e+01 3.625180000000000000e+05
1.300000000000000000e+01 3.788800000000000000e+05
1.400000000000000000e+01 3.963190000000000000e+05
1.500000000000000000e+01 4.205450000000000000e+05
1.600000000000000000e+01 4.576610000000000000e+05
1.700000000000000000e+01 5.192600000000000000e+05
1.800000000000000000e+01 5.989670000000000000e+05
1.900000000000000000e+01 7.003630000000000000e+05
2.000000000000000000e+01 8.284170000000000000e+05
2.100000000000000000e+01 9.756190000000000000e+05
2.200000000000000000e+01 1.140887000000000000e+06
2.300000000000000000e+01 1.283358000000000000e+06
2.400000000000000000e+01 1.404098000000000000e+06
2.500000000000000000e+01 1.453883000000000000e+06
2.600000000000000000e+01 1.435760000000000000e+06
2.700000000000000000e+01 1.368048000000000000e+06
2.800000000000000000e+01 1.278515000000000000e+06
2.900000000000000000e+01 1.183592000000000000e+06
3.000000000000000000e+01 1.081561000000000000e+06
3.100000000000000000e+01 9.874030000000000000e+05
3.200000000000000000e+01 9.043490000000000000e+05
3.300000000000000000e+01 8.327270000000000000e+05
3.400000000000000000e+01 7.694000000000000000e+05
3.500000000000000000e+01 7.103330000000000000e+05
3.600000000000000000e+01 6.522550000000000000e+05
3.700000000000000000e+01 5.988280000000000000e+05
3.800000000000000000e+01 5.490500000000000000e+05
3.900000000000000000e+01 4.997820000000000000e+05
4.000000000000000000e+01 4.490920000000000000e+05
4.100000000000000000e+01 3.969070000000000000e+05
4.200000000000000000e+01 3.479360000000000000e+05
4.300000000000000000e+01 2.965240000000000000e+05
4.400000000000000000e+01 2.472670000000000000e+05
4.500000000000000000e+01 1.997980000000000000e+05
4.600000000000000000e+01 1.564060000000000000e+05
4.700000000000000000e+01 1.184660000000000000e+05
4.800000000000000000e+01 8.572500000000000000e+04
4.900000000000000000e+01 5.901800000000000000e+04
5.000000000000000000e+01 3.825400000000000000e+04
5.100000000000000000e+01 2.430500000000000000e+04
5.200000000000000000e+01 1.422600000000000000e+04
5.300000000000000000e+01 8.140000000000000000e+03
5.400000000000000000e+01 4.502000000000000000e+03
5.500000000000000000e+01 2.383000000000000000e+03
5.600000000000000000e+01 1.242000000000000000e+03
5.700000000000000000e+01 6.360000000000000000e+02
5.800000000000000000e+01 3.240000000000000000e+02
5.900000000000000000e+01 2.020000000000000000e+02
6.000000000000000000e+01 1.150000000000000000e+02
6.100000000000000000e+01 1.230000000000000000e+02
6.200000000000000000e+01 8.100000000000000000e+01
6.300000000000000000e+01 7.000000000000000000e+01
6.400000000000000000e+01 5.800000000000000000e+01
6.500000000000000000e+01 4.200000000000000000e+01
6.600000000000000000e+01 4.900000000000000000e+01
6.700000000000000000e+01 3.600000000000000000e+01
6.800000000000000000e+01 3.900000000000000000e+01
6.900000000000000000e+01 3.300000000000000000e+01
7.000000000000000000e+01 3.000000000000000000e+01
7.100000000000000000e+01 2.700000000000000000e+01
7.200000000000000000e+01 3.000000000000000000e+01
7.300000000000000000e+01 1.900000000000000000e+01
7.400000000000000000e+01 1.900000000000000000e+01
7.500000000000000000e+01 1.400000000000000000e+01
7.600000000000000000e+01 2.300000000000000000e+01
7.700000000000000000e+01 8.000000000000000000e+00
7.800000000000000000e+01 2.500000000000000000e+01
7.900000000000000000e+01 4.000000000000000000e+00
8.000000000000000000e+01 1.900000000000000000e+01
8.100000000000000000e+01 6.000000000000000000e+00
8.200000000000000000e+01 1.600000000000000000e+01
8.300000000000000000e+01 7.000000000000000000e+00
8.400000000000000000e+01 1.300000000000000000e+01
8.500000000000000000e+01 4.000000000000000000e+00
8.600000000000000000e+01 1.700000000000000000e+01
8.700000000000000000e+01 5.000000000000000000e+00
8.800000000000000000e+01 1.100000000000000000e+01
8.900000000000000000e+01 6.000000000000000000e+00
9.000000000000000000e+01 4.000000000000000000e+00
9.100000000000000000e+01 4.000000000000000000e+00
9.200000000000000000e+01 5.000000000000000000e+00
9.300000000000000000e+01 4.000000000000000000e+00
9.400000000000000000e+01 4.000000000000000000e+00
9.600000000000000000e+01 2.000000000000000000e+00
9.700000000000000000e+01 2.000000000000000000e+00
1.000000000000000000e+02 2.000000000000000000e+00
1.010000000000000000e+02 3.000000000000000000e+00
1.020000000000000000e+02 1.000000000000000000e+00
1.030000000000000000e+02 1.000000000000000000e+00
1.050000000000000000e+02 2.000000000000000000e+00
1.060000000000000000e+02 1.000000000000000000e+00
1.070000000000000000e+02 1.000000000000000000e+00
1.370000000000000000e+02 1.000000000000000000e+00
1.650000000000000000e+02 1.000000000000000000e+00
1.770000000000000000e+02 1.000000000000000000e+00
2.190000000000000000e+02 1.000000000000000000e+00
4.910000000000000000e+02 1.000000000000000000e+00
