-4.000000000000000000e+00 4.000000000000000000e+00
-3.000000000000000000e+00 4.000000000000000000e+00
-2.000000000000000000e+00 1.900000000000000000e+01
-1.000000000000000000e+00 4.900000000000000000e+01
0.000000000000000000e+00 1.364000000000000000e+03
1.000000000000000000e+00 1.180000000000000000e+02
2.000000000000000000e+00 1.700000000000000000e+02
3.000000000000000000e+00 2.840000000000000000e+02
4.000000000000000000e+00 1.646000000000000000e+03
5.000000000000000000e+00 1.127300000000000000e+04
6.000000000000000000e+00 7.592900000000000000e+04
7.000000000000000000e+00 1.318170000000000000e+05
8.000000000000000000e+00 1.600510000000000000e+05
9.000000000000000000e+00 1.888630000000000000e+05
1.000000000000000000e+01 2.180260000000000000e+05
1.100000000000000000e+01 2.379530000000000000e+05
1.200000000000000000e+01 2.496850000000000000e+05
1.300000000000000000e+01 2.589230000000000000e+05
1.400000000000000000e+01 2.662820000000000000e+05
1.500000000000000000e+01 2.773180000000000000e+05
1.600000000000000000e+01 2.964040000000000000e+05
1.700000000000000000e+01 3.282670000000000000e+05
1.800000000000000000e+01 3.723440000000000000e+05
1.900000000000000000e+01 4.314000000000000000e+05
2.000000000000000000e+01 5.063050000000000000e+05
2.100000000000000000e+01 5.972720000000000000e+05
2.200000000000000000e+01 7.025990000000000000e+05
2.300000000000000000e+01 7.992430000000000000e+05
2.400000000000000000e+01 8.800340000000000000e+05
2.500000000000000000e+01 9.240380000000000000e+05
2.600000000000000000e+01 9.231050000000000000e+05
2.700000000000000000e+01 8.904020000000000000e+05
2.800000000000000000e+01 8.402570000000000000e+05
2.900000000000000000e+01 7.866070000000000000e+05
3.000000000000000000e+01 7.296180000000000000e+05
3.100000000000000000e+01 6.752660000000000000e+05
3.200000000000000000e+01 6.275230000000000000e+05
3.300000000000000000e+01 5.808850000000000000e+05
3.400000000000000000e+01 5.428170000000000000e+05
3.500000000000000000e+01 5.054610000000000000e+05
3.600000000000000000e+01 4.709470000000000000e+05
3.700000000000000000e+01 4.358330000000000000e+05
3.800000000000000000e+01 4.014070000000000000e+05
3.900000000000000000e+01 3.666390000000000000e+05
4.000000000000000000e+01 3.329860000000000000e+05
4.100000000000000000e+01 2.960290000000000000e+05
4.200000000000000000e+01 2.611660000000000000e+05
4.300000000000000000e+01 2.249400000000000000e+05
4.400000000000000000e+01 1.878290000000000000e+05
4.500000000000000000e+01 1.537990000000000000e+05
4.600000000000000000e+01 1.213690000000000000e+05
4.700000000000000000e+01 9.323500000000000000e+04
4.800000000000000000e+01 6.734600000000000000e+04
4.900000000000000000e+01 4.687400000000000000e+04
5.000000000000000000e+01 3.108600000000000000e+04
5.100000000000000000e+01 1.947600000000000000e+04
5.200000000000000000e+01 1.177600000000000000e+04
5.300000000000000000e+01 6.544000000000000000e+03
5.400000000000000000e+01 3.732000000000000000e+03
5.500000000000000000e+01 1.913000000000000000e+03
5.600000000000000000e+01 1.020000000000000000e+03
5.700000000000000000e+01 5.420000000000000000e+02
5.800000000000000000e+01 2.740000000000000000e+02
5.900000000000000000e+01 1.920000000000000000e+02
6.000000000000000000e+01 9.900000000000000000e+01
6.100000000000000000e+01 7.600000000000000000e+01
6.200000000000000000e+01 5.300000000000000000e+01
6.300000000000000000e+01 5.800000000000000000e+01
6.400000000000000000e+01 3.100000000000000000e+01
6.500000000000000000e+01 3.100000000000000000e+01
6.600000000000000000e+01 4.000000000000000000e+01
6.700000000000000000e+01 2.700000000000000000e+01
6.800000000000000000e+01 1.400000000000000000e+01
6.900000000000000000e+01 1.900000000000000000e+01
7.000000000000000000e+01 2.300000000000000000e+01
7.100000000000000000e+01 1.700000000000000000e+01
7.200000000000000000e+01 1.700000000000000000e+01
7.300000000000000000e+01 1.700000000000000000e+01
7.400000000000000000e+01 1.300000000000000000e+01
7.500000000000000000e+01 5.000000000000000000e+00
7.600000000000000000e+01 1.400000000000000000e+01
7.700000000000000000e+01 7.000000000000000000e+00
7.800000000000000000e+01 1.600000000000000000e+01
7.900000000000000000e+01 1.000000000000000000e+01
8.000000000000000000e+01 1.300000000000000000e+01
8.100000000000000000e+01 4.000000000000000000e+00
8.200000000000000000e+01 1.500000000000000000e+01
8.300000000000000000e+01 5.000000000000000000e+00
8.400000000000000000e+01 7.000000000000000000e+00
8.500000000000000000e+01 4.000000000000000000e+00
8.600000000000000000e+01 8.000000000000000000e+00
8.700000000000000000e+01 1.000000000000000000e+00
8.800000000000000000e+01 3.000000000000000000e+00
8.900000000000000000e+01 2.000000000000000000e+00
9.000000000000000000e+01 4.000000000000000000e+00
9.100000000000000000e+01 2.000000000000000000e+00
9.200000000000000000e+01 3.000000000000000000e+00
9.300000000000000000e+01 1.000000000000000000e+00
9.400000000000000000e+01 4.000000000000000000e+00
9.600000000000000000e+01 2.000000000000000000e+00
9.700000000000000000e+01 3.000000000000000000e+00
9.800000000000000000e+01 1.000000000000000000e+00
1.000000000000000000e+02 1.000000000000000000e+00
1.010000000000000000e+02 1.000000000000000000e+00
1.140000000000000000e+02 1.000000000000000000e+00
1.210000000000000000e+02 1.000000000000000000e+00
1.700000000000000000e+02 1.000000000000000000e+00
1.780000000000000000e+02 1.000000000000000000e+00
8.730000000000000000e+02 1.000000000000000000e+00
1.068000000000000000e+03 1.000000000000000000e+00
1.421000000000000000e+03 1.000000000000000000e+00
