-4.000000000000000000e+00 3.000000000000000000e+00
-3.000000000000000000e+00 5.000000000000000000e+00
-2.000000000000000000e+00 4.000000000000000000e+00
-1.000000000000000000e+00 3.600000000000000000e+01
0.000000000000000000e+00 1.334000000000000000e+03
1.000000000000000000e+00 5.600000000000000000e+01
2.000000000000000000e+00 7.900000000000000000e+01
3.000000000000000000e+00 1.730000000000000000e+02
4.000000000000000000e+00 9.690000000000000000e+02
5.000000000000000000e+00 6.573000000000000000e+03
6.000000000000000000e+00 4.418800000000000000e+04
7.000000000000000000e+00 7.466600000000000000e+04
8.000000000000000000e+00 8.739600000000000000e+04
9.000000000000000000e+00 9.807500000000000000e+04
1.000000000000000000e+01 1.080440000000000000e+05
1.100000000000000000e+01 1.117190000000000000e+05
1.200000000000000000e+01 1.121850000000000000e+05
1.300000000000000000e+01 1.163940000000000000e+05
1.400000000000000000e+01 1.266670000000000000e+05
1.500000000000000000e+01 1.485230000000000000e+05
1.600000000000000000e+01 1.818370000000000000e+05
1.700000000000000000e+01 2.305140000000000000e+05
1.800000000000000000e+01 2.942090000000000000e+05
1.900000000000000000e+01 3.730370000000000000e+05
2.000000000000000000e+01 4.597400000000000000e+05
2.100000000000000000e+01 5.588010000000000000e+05
2.200000000000000000e+01 6.613310000000000000e+05
2.300000000000000000e+01 7.544060000000000000e+05
2.400000000000000000e+01 8.270190000000000000e+05
2.500000000000000000e+01 8.654120000000000000e+05
2.600000000000000000e+01 8.624890000000000000e+05
2.700000000000000000e+01 8.237660000000000000e+05
2.800000000000000000e+01 7.620690000000000000e+05
2.900000000000000000e+01 6.884560000000000000e+05
3.000000000000000000e+01 6.078870000000000000e+05
3.100000000000000000e+01 5.252530000000000000e+05
3.200000000000000000e+01 4.459550000000000000e+05
3.300000000000000000e+01 3.704170000000000000e+05
3.400000000000000000e+01 2.995470000000000000e+05
3.500000000000000000e+01 2.356090000000000000e+05
3.600000000000000000e+01 1.755260000000000000e+05
3.700000000000000000e+01 1.257380000000000000e+05
3.800000000000000000e+01 8.484100000000000000e+04
3.900000000000000000e+01 5.385200000000000000e+04
4.000000000000000000e+01 3.162900000000000000e+04
4.100000000000000000e+01 1.702300000000000000e+04
4.200000000000000000e+01 8.614000000000000000e+03
4.300000000000000000e+01 3.958000000000000000e+03
4.400000000000000000e+01 1.773000000000000000e+03
4.500000000000000000e+01 7.310000000000000000e+02
4.600000000000000000e+01 3.710000000000000000e+02
4.700000000000000000e+01 1.680000000000000000e+02
4.800000000000000000e+01 7.300000000000000000e+01
4.900000000000000000e+01 5.400000000000000000e+01
5.000000000000000000e+01 2.800000000000000000e+01
5.100000000000000000e+01 4.200000000000000000e+01
5.200000000000000000e+01 2.700000000000000000e+01
5.300000000000000000e+01 2.900000000000000000e+01
5.400000000000000000e+01 1.000000000000000000e+01
5.500000000000000000e+01 3.500000000000000000e+01
5.600000000000000000e+01 9.000000000000000000e+00
5.700000000000000000e+01 1.700000000000000000e+01
5.800000000000000000e+01 1.200000000000000000e+01
5.900000000000000000e+01 1.600000000000000000e+01
6.000000000000000000e+01 1.300000000000000000e+01
6.100000000000000000e+01 9.000000000000000000e+00
6.200000000000000000e+01 8.000000000000000000e+00
6.300000000000000000e+01 1.300000000000000000e+01
6.400000000000000000e+01 1.200000000000000000e+01
6.500000000000000000e+01 1.200000000000000000e+01
6.600000000000000000e+01 1.900000000000000000e+01
6.700000000000000000e+01 9.000000000000000000e+00
6.800000000000000000e+01 5.000000000000000000e+00
6.900000000000000000e+01 2.000000000000000000e+00
7.000000000000000000e+01 7.000000000000000000e+00
7.100000000000000000e+01 6.000000000000000000e+00
7.200000000000000000e+01 4.000000000000000000e+00
7.300000000000000000e+01 6.000000000000000000e+00
7.400000000000000000e+01 2.000000000000000000e+00
7.500000000000000000e+01 3.000000000000000000e+00
7.600000000000000000e+01 1.000000000000000000e+00
7.700000000000000000e+01 1.000000000000000000e+00
7.800000000000000000e+01 2.000000000000000000e+00
8.000000000000000000e+01 3.000000000000000000e+00
8.200000000000000000e+01 2.000000000000000000e+00
8.800000000000000000e+01 1.000000000000000000e+00
8.900000000000000000e+01 1.000000000000000000e+00
9.000000000000000000e+01 1.000000000000000000e+00
9.200000000000000000e+01 1.000000000000000000e+00
1.110000000000000000e+02 1.000000000000000000e+00
1.130000000000000000e+02 1.000000000000000000e+00
1.720000000000000000e+02 1.000000000000000000e+00
1.940000000000000000e+02 1.000000000000000000e+00
2.340000000000000000e+02 1.000000000000000000e+00
2.750000000000000000e+02 1.000000000000000000e+00
3.330000000000000000e+02 1.000000000000000000e+00
1.554000000000000000e+03 1.000000000000000000e+00
