-3.000000000000000000e+00 3.000000000000000000e+00
-2.000000000000000000e+00 5.000000000000000000e+00
-1.000000000000000000e+00 1.100000000000000000e+01
0.000000000000000000e+00 1.328000000000000000e+03
1.000000000000000000e+00 2.400000000000000000e+01
2.000000000000000000e+00 4.100000000000000000e+01
3.000000000000000000e+00 7.000000000000000000e+01
4.000000000000000000e+00 4.980000000000000000e+02
5.000000000000000000e+00 2.557000000000000000e+03
6.000000000000000000e+00 1.331200000000000000e+04
7.000000000000000000e+00 2.513900000000000000e+04
8.000000000000000000e+00 3.568800000000000000e+04
9.000000000000000000e+00 5.143000000000000000e+04
1.000000000000000000e+01 7.265200000000000000e+04
1.100000000000000000e+01 1.000420000000000000e+05
1.200000000000000000e+01 1.367430000000000000e+05
1.300000000000000000e+01 1.838750000000000000e+05
1.400000000000000000e+01 2.436380000000000000e+05
1.500000000000000000e+01 3.180460000000000000e+05
1.600000000000000000e+01 4.050180000000000000e+05
1.700000000000000000e+01 5.088280000000000000e+05
1.800000000000000000e+01 6.187060000000000000e+05
1.900000000000000000e+01 7.160690000000000000e+05
2.000000000000000000e+01 7.831250000000000000e+05
2.100000000000000000e+01 8.050930000000000000e+05
2.200000000000000000e+01 7.671880000000000000e+05
2.300000000000000000e+01 6.591730000000000000e+05
2.400000000000000000e+01 5.036610000000000000e+05
2.500000000000000000e+01 3.301580000000000000e+05
2.600000000000000000e+01 1.858560000000000000e+05
2.700000000000000000e+01 9.357300000000000000e+04
2.800000000000000000e+01 4.357300000000000000e+04
2.900000000000000000e+01 2.088800000000000000e+04
3.000000000000000000e+01 9.939000000000000000e+03
3.100000000000000000e+01 4.823000000000000000e+03
3.200000000000000000e+01 2.094000000000000000e+03
3.300000000000000000e+01 8.280000000000000000e+02
3.400000000000000000e+01 2.850000000000000000e+02
3.500000000000000000e+01 1.250000000000000000e+02
3.600000000000000000e+01 5.600000000000000000e+01
3.700000000000000000e+01 2.600000000000000000e+01
3.800000000000000000e+01 2.400000000000000000e+01
3.900000000000000000e+01 1.200000000000000000e+01
4.000000000000000000e+01 1.700000000000000000e+01
4.100000000000000000e+01 1.600000000000000000e+01
4.200000000000000000e+01 1.200000000000000000e+01
4.300000000000000000e+01 3.000000000000000000e+00
4.400000000000000000e+01 1.600000000000000000e+01
4.500000000000000000e+01 6.000000000000000000e+00
4.600000000000000000e+01 9.000000000000000000e+00
4.700000000000000000e+01 8.000000000000000000e+00
4.900000000000000000e+01 7.000000000000000000e+00
5.100000000000000000e+01 2.000000000000000000e+00
5.200000000000000000e+01 2.000000000000000000e+00
5.300000000000000000e+01 2.000000000000000000e+00
5.400000000000000000e+01 2.000000000000000000e+00
5.500000000000000000e+01 2.000000000000000000e+00
5.600000000000000000e+01 1.000000000000000000e+00
5.700000000000000000e+01 3.000000000000000000e+00
5.900000000000000000e+01 1.000000000000000000e+00
6.000000000000000000e+01 1.000000000000000000e+00
6.300000000000000000e+01 1.000000000000000000e+00
6.600000000000000000e+01 1.000000000000000000e+00
6.800000000000000000e+01 1.000000000000000000e+00
7.100000000000000000e+01 1.000000000000000000e+00
7.400000000000000000e+01 2.000000000000000000e+00
7.500000000000000000e+01 1.000000000000000000e+00
7.600000000000000000e+01 1.000000000000000000e+00
8.200000000000000000e+01 1.000000000000000000e+00
8.300000000000000000e+01 1.000000000000000000e+00
8.900000000000000000e+01 1.000000000000000000e+00
9.100000000000000000e+01 1.000000000000000000e+00
9.700000000000000000e+01 3.000000000000000000e+00
1.050000000000000000e+02 1.000000000000000000e+00
1.200000000000000000e+02 1.000000000000000000e+00
1.300000000000000000e+02 1.000000000000000000e+00
1.410000000000000000e+02 3.000000000000000000e+00
1.440000000000000000e+02 1.000000000000000000e+00
1.450000000000000000e+02 1.000000000000000000e+00
1.520000000000000000e+02 1.000000000000000000e+00
1.540000000000000000e+02 1.000000000000000000e+00
1.560000000000000000e+02 1.000000000000000000e+00
1.580000000000000000e+02 1.000000000000000000e+00
1.590000000000000000e+02 1.000000000000000000e+00
1.600000000000000000e+02 1.000000000000000000e+00
1.670000000000000000e+02 1.000000000000000000e+00
1.680000000000000000e+02 1.000000000000000000e+00
1.710000000000000000e+02 1.000000000000000000e+00
2.010000000000000000e+02 1.000000000000000000e+00
2.220000000000000000e+02 1.000000000000000000e+00
2.240000000000000000e+02 1.000000000000000000e+00
2.310000000000000000e+02 1.000000000000000000e+00
2.860000000000000000e+02 1.000000000000000000e+00
3.340000000000000000e+02 1.000000000000000000e+00
3.860000000000000000e+02 1.000000000000000000e+00
4.160000000000000000e+02 1.000000000000000000e+00
4.670000000000000000e+02 1.000000000000000000e+00
5.070000000000000000e+02 1.000000000000000000e+00
5.970000000000000000e+02 1.000000000000000000e+00
5.990000000000000000e+02 1.000000000000000000e+00
6.190000000000000000e+02 1.000000000000000000e+00
6.400000000000000000e+02 1.000000000000000000e+00
7.480000000000000000e+02 1.000000000000000000e+00
9.000000000000000000e+02 1.000000000000000000e+00
9.580000000000000000e+02 1.000000000000000000e+00
1.081000000000000000e+03 1.000000000000000000e+00
1.546000000000000000e+03 1.000000000000000000e+00
2.024000000000000000e+03 1.000000000000000000e+00
2.103000000000000000e+03 1.000000000000000000e+00
2.636000000000000000e+03 1.000000000000000000e+00
