-4.000000000000000000e+00 2.000000000000000000e+00
-2.000000000000000000e+00 2.000000000000000000e+00
-1.000000000000000000e+00 7.000000000000000000e+00
0.000000000000000000e+00 1.334000000000000000e+03
1.000000000000000000e+00 1.400000000000000000e+01
2.000000000000000000e+00 3.400000000000000000e+01
3.000000000000000000e+00 7.400000000000000000e+01
4.000000000000000000e+00 5.120000000000000000e+02
5.000000000000000000e+00 2.368000000000000000e+03
6.000000000000000000e+00 1.298400000000000000e+04
7.000000000000000000e+00 2.442100000000000000e+04
8.000000000000000000e+00 3.483900000000000000e+04
9.000000000000000000e+00 4.994700000000000000e+04
1.000000000000000000e+01 7.099400000000000000e+04
1.100000000000000000e+01 9.797100000000000000e+04
1.200000000000000000e+01 1.328710000000000000e+05
1.300000000000000000e+01 1.806100000000000000e+05
1.400000000000000000e+01 2.393440000000000000e+05
1.500000000000000000e+01 3.103750000000000000e+05
1.600000000000000000e+01 3.953510000000000000e+05
1.700000000000000000e+01 4.998960000000000000e+05
1.800000000000000000e+01 6.116760000000000000e+05
1.900000000000000000e+01 7.110220000000000000e+05
2.000000000000000000e+01 7.862040000000000000e+05
2.100000000000000000e+01 8.186650000000000000e+05
2.200000000000000000e+01 7.899890000000000000e+05
2.300000000000000000e+01 6.928500000000000000e+05
2.400000000000000000e+01 5.432340000000000000e+05
2.500000000000000000e+01 3.679320000000000000e+05
2.600000000000000000e+01 2.147310000000000000e+05
2.700000000000000000e+01 1.103020000000000000e+05
2.800000000000000000e+01 5.177500000000000000e+04
2.900000000000000000e+01 2.453800000000000000e+04
3.000000000000000000e+01 1.188100000000000000e+04
3.100000000000000000e+01 5.925000000000000000e+03
3.200000000000000000e+01 2.580000000000000000e+03
3.300000000000000000e+01 1.016000000000000000e+03
3.400000000000000000e+01 4.120000000000000000e+02
3.500000000000000000e+01 1.600000000000000000e+02
3.600000000000000000e+01 5.300000000000000000e+01
3.700000000000000000e+01 2.200000000000000000e+01
3.800000000000000000e+01 3.000000000000000000e+01
3.900000000000000000e+01 1.200000000000000000e+01
4.000000000000000000e+01 1.400000000000000000e+01
4.100000000000000000e+01 8.000000000000000000e+00
4.200000000000000000e+01 9.000000000000000000e+00
4.300000000000000000e+01 9.000000000000000000e+00
4.400000000000000000e+01 8.000000000000000000e+00
4.500000000000000000e+01 5.000000000000000000e+00
4.600000000000000000e+01 1.000000000000000000e+01
4.700000000000000000e+01 9.000000000000000000e+00
4.800000000000000000e+01 7.000000000000000000e+00
4.900000000000000000e+01 1.400000000000000000e+01
5.100000000000000000e+01 4.000000000000000000e+00
5.200000000000000000e+01 4.000000000000000000e+00
5.300000000000000000e+01 7.000000000000000000e+00
5.400000000000000000e+01 4.000000000000000000e+00
5.500000000000000000e+01 3.000000000000000000e+00
5.600000000000000000e+01 2.000000000000000000e+00
5.700000000000000000e+01 2.000000000000000000e+00
5.800000000000000000e+01 1.000000000000000000e+00
5.900000000000000000e+01 1.000000000000000000e+00
6.000000000000000000e+01 1.000000000000000000e+00
6.100000000000000000e+01 1.000000000000000000e+00
6.600000000000000000e+01 1.000000000000000000e+00
6.700000000000000000e+01 2.000000000000000000e+00
6.800000000000000000e+01 1.000000000000000000e+00
7.000000000000000000e+01 1.000000000000000000e+00
7.400000000000000000e+01 1.000000000000000000e+00
7.600000000000000000e+01 2.000000000000000000e+00
7.800000000000000000e+01 1.000000000000000000e+00
8.300000000000000000e+01 1.000000000000000000e+00
8.500000000000000000e+01 1.000000000000000000e+00
8.800000000000000000e+01 1.000000000000000000e+00
8.900000000000000000e+01 1.000000000000000000e+00
9.200000000000000000e+01 1.000000000000000000e+00
9.400000000000000000e+01 1.000000000000000000e+00
1.080000000000000000e+02 1.000000000000000000e+00
1.210000000000000000e+02 1.000000000000000000e+00
1.220000000000000000e+02 1.000000000000000000e+00
1.480000000000000000e+02 1.000000000000000000e+00
1.720000000000000000e+02 1.000000000000000000e+00
2.000000000000000000e+02 1.000000000000000000e+00
2.020000000000000000e+02 1.000000000000000000e+00
2.080000000000000000e+02 1.000000000000000000e+00
2.130000000000000000e+02 1.000000000000000000e+00
2.140000000000000000e+02 1.000000000000000000e+00
2.200000000000000000e+02 1.000000000000000000e+00
2.220000000000000000e+02 1.000000000000000000e+00
2.290000000000000000e+02 1.000000000000000000e+00
2.420000000000000000e+02 2.000000000000000000e+00
2.720000000000000000e+02 1.000000000000000000e+00
3.560000000000000000e+02 1.000000000000000000e+00
3.930000000000000000e+02 1.000000000000000000e+00
5.050000000000000000e+02 1.000000000000000000e+00
8.620000000000000000e+02 1.000000000000000000e+00
8.820000000000000000e+02 1.000000000000000000e+00
1.386000000000000000e+03 1.000000000000000000e+00
2.256000000000000000e+03 1.000000000000000000e+00
