-4.000000000000000000e+00 2.000000000000000000e+00
-3.000000000000000000e+00 3.000000000000000000e+00
-2.000000000000000000e+00 1.900000000000000000e+01
-1.000000000000000000e+00 6.000000000000000000e+01
0.000000000000000000e+00 1.350000000000000000e+03
1.000000000000000000e+00 1.240000000000000000e+02
2.000000000000000000e+00 1.540000000000000000e+02
3.000000000000000000e+00 2.920000000000000000e+02
4.000000000000000000e+00 1.594000000000000000e+03
5.000000000000000000e+00 1.109100000000000000e+04
6.000000000000000000e+00 7.649200000000000000e+04
7.000000000000000000e+00 1.313980000000000000e+05
8.000000000000000000e+00 1.600340000000000000e+05
9.000000000000000000e+00 1.891520000000000000e+05
1.000000000000000000e+01 2.185080000000000000e+05
1.100000000000000000e+01 2.374770000000000000e+05
1.200000000000000000e+01 2.502870000000000000e+05
1.300000000000000000e+01 2.587550000000000000e+05
1.400000000000000000e+01 2.675420000000000000e+05
1.500000000000000000e+01 2.777820000000000000e+05
1.600000000000000000e+01 2.977370000000000000e+05
1.700000000000000000e+01 3.299060000000000000e+05
1.800000000000000000e+01 3.743990000000000000e+05
1.900000000000000000e+01 4.334150000000000000e+05
2.000000000000000000e+01 5.098930000000000000e+05
2.100000000000000000e+01 6.012670000000000000e+05
2.200000000000000000e+01 7.049700000000000000e+05
2.300000000000000000e+01 8.032900000000000000e+05
2.400000000000000000e+01 8.832460000000000000e+05
2.500000000000000000e+01 9.248230000000000000e+05
2.600000000000000000e+01 9.230110000000000000e+05
2.700000000000000000e+01 8.889420000000000000e+05
2.800000000000000000e+01 8.384710000000000000e+05
2.900000000000000000e+01 7.858430000000000000e+05
3.000000000000000000e+01 7.278570000000000000e+05
3.100000000000000000e+01 6.744920000000000000e+05
3.200000000000000000e+01 6.263670000000000000e+05
3.300000000000000000e+01 5.811890000000000000e+05
3.400000000000000000e+01 5.414550000000000000e+05
3.500000000000000000e+01 5.029360000000000000e+05
3.600000000000000000e+01 4.685800000000000000e+05
3.700000000000000000e+01 4.334820000000000000e+05
3.800000000000000000e+01 3.994270000000000000e+05
3.900000000000000000e+01 3.657030000000000000e+05
4.000000000000000000e+01 3.316140000000000000e+05
4.100000000000000000e+01 2.962670000000000000e+05
4.200000000000000000e+01 2.581810000000000000e+05
4.300000000000000000e+01 2.230910000000000000e+05
4.400000000000000000e+01 1.866470000000000000e+05
4.500000000000000000e+01 1.517980000000000000e+05
4.600000000000000000e+01 1.207230000000000000e+05
4.700000000000000000e+01 9.106400000000000000e+04
4.800000000000000000e+01 6.662900000000000000e+04
4.900000000000000000e+01 4.600900000000000000e+04
5.000000000000000000e+01 2.997800000000000000e+04
5.100000000000000000e+01 1.891300000000000000e+04
5.200000000000000000e+01 1.138100000000000000e+04
5.300000000000000000e+01 6.370000000000000000e+03
5.400000000000000000e+01 3.543000000000000000e+03
5.500000000000000000e+01 1.890000000000000000e+03
5.600000000000000000e+01 9.870000000000000000e+02
5.700000000000000000e+01 5.410000000000000000e+02
5.800000000000000000e+01 2.830000000000000000e+02
5.900000000000000000e+01 1.420000000000000000e+02
6.000000000000000000e+01 8.900000000000000000e+01
6.100000000000000000e+01 6.800000000000000000e+01
6.200000000000000000e+01 3.700000000000000000e+01
6.300000000000000000e+01 5.500000000000000000e+01
6.400000000000000000e+01 2.900000000000000000e+01
6.500000000000000000e+01 3.000000000000000000e+01
6.600000000000000000e+01 3.400000000000000000e+01
6.700000000000000000e+01 2.400000000000000000e+01
6.800000000000000000e+01 2.300000000000000000e+01
6.900000000000000000e+01 1.700000000000000000e+01
7.000000000000000000e+01 1.600000000000000000e+01
7.100000000000000000e+01 2.500000000000000000e+01
7.200000000000000000e+01 1.500000000000000000e+01
7.300000000000000000e+01 1.700000000000000000e+01
7.400000000000000000e+01 1.100000000000000000e+01
7.500000000000000000e+01 5.000000000000000000e+00
7.600000000000000000e+01 2.300000000000000000e+01
7.700000000000000000e+01 5.000000000000000000e+00
7.800000000000000000e+01 1.500000000000000000e+01
7.900000000000000000e+01 9.000000000000000000e+00
8.000000000000000000e+01 9.000000000000000000e+00
8.100000000000000000e+01 4.000000000000000000e+00
8.200000000000000000e+01 1.500000000000000000e+01
8.300000000000000000e+01 3.000000000000000000e+00
8.400000000000000000e+01 7.000000000000000000e+00
8.500000000000000000e+01 2.000000000000000000e+00
8.600000000000000000e+01 7.000000000000000000e+00
8.700000000000000000e+01 1.000000000000000000e+00
8.800000000000000000e+01 5.000000000000000000e+00
8.900000000000000000e+01 5.000000000000000000e+00
9.000000000000000000e+01 3.000000000000000000e+00
9.100000000000000000e+01 7.000000000000000000e+00
9.200000000000000000e+01 6.000000000000000000e+00
9.300000000000000000e+01 1.000000000000000000e+00
9.400000000000000000e+01 6.000000000000000000e+00
9.500000000000000000e+01 2.000000000000000000e+00
9.600000000000000000e+01 2.000000000000000000e+00
9.700000000000000000e+01 2.000000000000000000e+00
9.800000000000000000e+01 1.000000000000000000e+00
9.900000000000000000e+01 2.000000000000000000e+00
1.010000000000000000e+02 2.000000000000000000e+00
1.030000000000000000e+02 1.000000000000000000e+00
1.040000000000000000e+02 1.000000000000000000e+00
1.100000000000000000e+02 1.000000000000000000e+00
1.120000000000000000e+02 1.000000000000000000e+00
1.180000000000000000e+02 1.000000000000000000e+00
1.290000000000000000e+02 1.000000000000000000e+00
1.580000000000000000e+02 1.000000000000000000e+00
1.640000000000000000e+02 1.000000000000000000e+00
1.770000000000000000e+02 1.000000000000000000e+00
1.830000000000000000e+02 1.000000000000000000e+00
2.780000000000000000e+02 1.000000000000000000e+00
2.830000000000000000e+02 1.000000000000000000e+00
4.770000000000000000e+02 1.000000000000000000e+00
