-4.000000000000000000e+00 1.300000000000000000e+01
-3.000000000000000000e+00 6.000000000000000000e+00
-2.000000000000000000e+00 2.800000000000000000e+01
-1.000000000000000000e+00 9.300000000000000000e+01
0.000000000000000000e+00 1.417000000000000000e+03
1.000000000000000000e+00 1.820000000000000000e+02
2.000000000000000000e+00 2.740000000000000000e+02
3.000000000000000000e+00 4.290000000000000000e+02
4.000000000000000000e+00 2.084000000000000000e+03
5.000000000000000000e+00 1.581200000000000000e+04
6.000000000000000000e+00 1.115110000000000000e+05
7.000000000000000000e+00 1.927340000000000000e+05
8.000000000000000000e+00 2.312770000000000000e+05
9.000000000000000000e+00 2.740390000000000000e+05
1.000000000000000000e+01 3.163010000000000000e+05
1.100000000000000000e+01 3.457180000000000000e+05
1.200000000000000000e+01 3.648510000000000000e+05
1.300000000000000000e+01 3.825050000000000000e+05
1.400000000000000000e+01 4.014150000000000000e+05
1.500000000000000000e+01 4.266550000000000000e+05
1.600000000000000000e+01 4.666500000000000000e+05
1.700000000000000000e+01 5.307990000000000000e+05
1.800000000000000000e+01 6.142110000000000000e+05
1.900000000000000000e+01 7.207790000000000000e+05
2.000000000000000000e+01 8.498010000000000000e+05
2.100000000000000000e+01 1.003329000000000000e+06
2.200000000000000000e+01 1.169137000000000000e+06
2.300000000000000000e+01 1.310781000000000000e+06
2.400000000000000000e+01 1.419749000000000000e+06
2.500000000000000000e+01 1.458638000000000000e+06
2.600000000000000000e+01 1.429843000000000000e+06
2.700000000000000000e+01 1.354063000000000000e+06
2.800000000000000000e+01 1.260265000000000000e+06
2.900000000000000000e+01 1.165335000000000000e+06
3.000000000000000000e+01 1.064053000000000000e+06
3.100000000000000000e+01 9.739440000000000000e+05
3.200000000000000000e+01 8.937470000000000000e+05
3.300000000000000000e+01 8.208880000000000000e+05
3.400000000000000000e+01 7.587770000000000000e+05
3.500000000000000000e+01 7.015440000000000000e+05
3.600000000000000000e+01 6.458850000000000000e+05
3.700000000000000000e+01 5.914840000000000000e+05
3.800000000000000000e+01 5.400670000000000000e+05
3.900000000000000000e+01 4.902670000000000000e+05
4.000000000000000000e+01 4.388230000000000000e+05
4.100000000000000000e+01 3.879010000000000000e+05
4.200000000000000000e+01 3.390720000000000000e+05
4.300000000000000000e+01 2.872050000000000000e+05
4.400000000000000000e+01 2.385270000000000000e+05
4.500000000000000000e+01 1.925500000000000000e+05
4.600000000000000000e+01 1.500910000000000000e+05
4.700000000000000000e+01 1.121950000000000000e+05
4.800000000000000000e+01 8.072500000000000000e+04
4.900000000000000000e+01 5.575900000000000000e+04
5.000000000000000000e+01 3.561700000000000000e+04
5.100000000000000000e+01 2.200900000000000000e+04
5.200000000000000000e+01 1.303100000000000000e+04
5.300000000000000000e+01 7.406000000000000000e+03
5.400000000000000000e+01 3.962000000000000000e+03
5.500000000000000000e+01 2.221000000000000000e+03
5.600000000000000000e+01 1.120000000000000000e+03
5.700000000000000000e+01 6.300000000000000000e+02
5.800000000000000000e+01 3.010000000000000000e+02
5.900000000000000000e+01 2.010000000000000000e+02
6.000000000000000000e+01 9.100000000000000000e+01
6.100000000000000000e+01 1.160000000000000000e+02
6.200000000000000000e+01 7.000000000000000000e+01
6.300000000000000000e+01 8.400000000000000000e+01
6.400000000000000000e+01 4.900000000000000000e+01
6.500000000000000000e+01 3.500000000000000000e+01
6.600000000000000000e+01 4.300000000000000000e+01
6.700000000000000000e+01 3.900000000000000000e+01
6.800000000000000000e+01 3.500000000000000000e+01
6.900000000000000000e+01 1.800000000000000000e+01
7.000000000000000000e+01 3.700000000000000000e+01
7.100000000000000000e+01 2.900000000000000000e+01
7.200000000000000000e+01 2.200000000000000000e+01
7.300000000000000000e+01 1.700000000000000000e+01
7.400000000000000000e+01 1.600000000000000000e+01
7.500000000000000000e+01 1.300000000000000000e+01
7.600000000000000000e+01 1.600000000000000000e+01
7.700000000000000000e+01 8.000000000000000000e+00
7.800000000000000000e+01 2.500000000000000000e+01
7.900000000000000000e+01 8.000000000000000000e+00
8.000000000000000000e+01 1.500000000000000000e+01
8.100000000000000000e+01 2.000000000000000000e+00
8.200000000000000000e+01 1.600000000000000000e+01
8.300000000000000000e+01 2.000000000000000000e+00
8.400000000000000000e+01 8.000000000000000000e+00
8.500000000000000000e+01 1.000000000000000000e+00
8.600000000000000000e+01 1.200000000000000000e+01
8.700000000000000000e+01 6.000000000000000000e+00
8.800000000000000000e+01 5.000000000000000000e+00
8.900000000000000000e+01 7.000000000000000000e+00
9.000000000000000000e+01 8.000000000000000000e+00
9.100000000000000000e+01 2.000000000000000000e+00
9.200000000000000000e+01 3.000000000000000000e+00
9.300000000000000000e+01 5.000000000000000000e+00
9.500000000000000000e+01 4.000000000000000000e+00
9.600000000000000000e+01 4.000000000000000000e+00
9.800000000000000000e+01 1.000000000000000000e+00
9.900000000000000000e+01 1.000000000000000000e+00
1.010000000000000000e+02 2.000000000000000000e+00
1.030000000000000000e+02 2.000000000000000000e+00
1.050000000000000000e+02 1.000000000000000000e+00
1.110000000000000000e+02 1.000000000000000000e+00
1.310000000000000000e+02 1.000000000000000000e+00
5.480000000000000000e+02 1.000000000000000000e+00
8.120000000000000000e+02 1.000000000000000000e+00
2.270000000000000000e+03 1.000000000000000000e+00
