-4.000000000000000000e+00 9.000000000000000000e+00
-3.000000000000000000e+00 6.000000000000000000e+00
-2.000000000000000000e+00 1.700000000000000000e+01
-1.000000000000000000e+00 6.300000000000000000e+01
0.000000000000000000e+00 1.371000000000000000e+03
1.000000000000000000e+00 9.800000000000000000e+01
2.000000000000000000e+00 1.300000000000000000e+02
3.000000000000000000e+00 2.390000000000000000e+02
4.000000000000000000e+00 1.120000000000000000e+03
5.000000000000000000e+00 8.641000000000000000e+03
6.000000000000000000e+00 5.966100000000000000e+04
7.000000000000000000e+00 1.020280000000000000e+05
8.000000000000000000e+00 1.190730000000000000e+05
9.000000000000000000e+00 1.347310000000000000e+05
1.000000000000000000e+01 1.487300000000000000e+05
1.100000000000000000e+01 1.567290000000000000e+05
1.200000000000000000e+01 1.612020000000000000e+05
1.300000000000000000e+01 1.711260000000000000e+05
1.400000000000000000e+01 1.927090000000000000e+05
1.500000000000000000e+01 2.287900000000000000e+05
1.600000000000000000e+01 2.860810000000000000e+05
1.700000000000000000e+01 3.649010000000000000e+05
1.800000000000000000e+01 4.657040000000000000e+05
1.900000000000000000e+01 5.851980000000000000e+05
2.000000000000000000e+01 7.164940000000000000e+05
2.100000000000000000e+01 8.634250000000000000e+05
2.200000000000000000e+01 1.013824000000000000e+06
2.300000000000000000e+01 1.141852000000000000e+06
2.400000000000000000e+01 1.241178000000000000e+06
2.500000000000000000e+01 1.282837000000000000e+06
2.600000000000000000e+01 1.265467000000000000e+06
2.700000000000000000e+01 1.197235000000000000e+06
2.800000000000000000e+01 1.096601000000000000e+06
2.900000000000000000e+01 9.776630000000000000e+05
3.000000000000000000e+01 8.486950000000000000e+05
3.100000000000000000e+01 7.248560000000000000e+05
3.200000000000000000e+01 6.061230000000000000e+05
3.300000000000000000e+01 4.972800000000000000e+05
3.400000000000000000e+01 3.972540000000000000e+05
3.500000000000000000e+01 3.069860000000000000e+05
3.600000000000000000e+01 2.281980000000000000e+05
3.700000000000000000e+01 1.601670000000000000e+05
3.800000000000000000e+01 1.074210000000000000e+05
3.900000000000000000e+01 6.692100000000000000e+04
4.000000000000000000e+01 3.893200000000000000e+04
4.100000000000000000e+01 2.125200000000000000e+04
4.200000000000000000e+01 1.035100000000000000e+04
4.300000000000000000e+01 4.787000000000000000e+03
4.400000000000000000e+01 2.107000000000000000e+03
4.500000000000000000e+01 9.280000000000000000e+02
4.600000000000000000e+01 4.540000000000000000e+02
4.700000000000000000e+01 2.160000000000000000e+02
4.800000000000000000e+01 1.000000000000000000e+02
4.900000000000000000e+01 1.180000000000000000e+02
5.000000000000000000e+01 6.200000000000000000e+01
5.100000000000000000e+01 8.300000000000000000e+01
5.200000000000000000e+01 2.700000000000000000e+01
5.300000000000000000e+01 6.800000000000000000e+01
5.400000000000000000e+01 2.400000000000000000e+01
5.500000000000000000e+01 5.600000000000000000e+01
5.600000000000000000e+01 1.900000000000000000e+01
5.700000000000000000e+01 3.900000000000000000e+01
5.800000000000000000e+01 1.200000000000000000e+01
5.900000000000000000e+01 4.600000000000000000e+01
6.000000000000000000e+01 1.700000000000000000e+01
6.100000000000000000e+01 4.100000000000000000e+01
6.200000000000000000e+01 9.000000000000000000e+00
6.300000000000000000e+01 3.200000000000000000e+01
6.400000000000000000e+01 1.500000000000000000e+01
6.500000000000000000e+01 1.600000000000000000e+01
6.600000000000000000e+01 1.800000000000000000e+01
6.700000000000000000e+01 1.400000000000000000e+01
6.800000000000000000e+01 1.000000000000000000e+01
6.900000000000000000e+01 3.000000000000000000e+00
7.000000000000000000e+01 7.000000000000000000e+00
7.100000000000000000e+01 3.000000000000000000e+00
7.200000000000000000e+01 4.000000000000000000e+00
7.300000000000000000e+01 6.000000000000000000e+00
7.400000000000000000e+01 3.000000000000000000e+00
7.500000000000000000e+01 4.000000000000000000e+00
7.600000000000000000e+01 9.000000000000000000e+00
7.700000000000000000e+01 4.000000000000000000e+00
7.900000000000000000e+01 1.000000000000000000e+00
8.200000000000000000e+01 3.000000000000000000e+00
8.300000000000000000e+01 1.000000000000000000e+00
8.400000000000000000e+01 1.000000000000000000e+00
8.500000000000000000e+01 1.000000000000000000e+00
8.700000000000000000e+01 1.000000000000000000e+00
1.000000000000000000e+02 1.000000000000000000e+00
1.040000000000000000e+02 1.000000000000000000e+00
1.120000000000000000e+02 1.000000000000000000e+00
1.220000000000000000e+02 1.000000000000000000e+00
1.240000000000000000e+02 1.000000000000000000e+00
1.270000000000000000e+02 1.000000000000000000e+00
1.380000000000000000e+02 1.000000000000000000e+00
1.430000000000000000e+02 2.000000000000000000e+00
4.510000000000000000e+02 1.000000000000000000e+00
5.480000000000000000e+02 1.000000000000000000e+00
