-4.000000000000000000e+00 9.000000000000000000e+00
-3.000000000000000000e+00 9.000000000000000000e+00
-2.000000000000000000e+00 2.700000000000000000e+01
-1.000000000000000000e+00 7.900000000000000000e+01
0.000000000000000000e+00 1.385000000000000000e+03
1.000000000000000000e+00 1.450000000000000000e+02
2.000000000000000000e+00 2.060000000000000000e+02
3.000000000000000000e+00 3.190000000000000000e+02
4.000000000000000000e+00 1.525000000000000000e+03
5.000000000000000000e+00 1.128000000000000000e+04
6.000000000000000000e+00 8.041600000000000000e+04
7.000000000000000000e+00 1.402600000000000000e+05
8.000000000000000000e+00 1.691370000000000000e+05
9.000000000000000000e+00 2.009800000000000000e+05
1.000000000000000000e+01 2.313440000000000000e+05
1.100000000000000000e+01 2.528280000000000000e+05
1.200000000000000000e+01 2.672360000000000000e+05
1.300000000000000000e+01 2.776920000000000000e+05
1.400000000000000000e+01 2.906090000000000000e+05
1.500000000000000000e+01 3.070200000000000000e+05
1.600000000000000000e+01 3.357930000000000000e+05
1.700000000000000000e+01 3.784280000000000000e+05
1.800000000000000000e+01 4.400260000000000000e+05
1.900000000000000000e+01 5.131250000000000000e+05
2.000000000000000000e+01 6.073770000000000000e+05
2.100000000000000000e+01 7.139220000000000000e+05
2.200000000000000000e+01 8.352310000000000000e+05
2.300000000000000000e+01 9.435240000000000000e+05
2.400000000000000000e+01 1.029817000000000000e+06
2.500000000000000000e+01 1.069358000000000000e+06
2.600000000000000000e+01 1.057951000000000000e+06
2.700000000000000000e+01 1.007375000000000000e+06
2.800000000000000000e+01 9.443640000000000000e+05
2.900000000000000000e+01 8.724570000000000000e+05
3.000000000000000000e+01 7.995480000000000000e+05
3.100000000000000000e+01 7.308440000000000000e+05
3.200000000000000000e+01 6.684400000000000000e+05
3.300000000000000000e+01 6.142110000000000000e+05
3.400000000000000000e+01 5.681350000000000000e+05
3.500000000000000000e+01 5.230420000000000000e+05
3.600000000000000000e+01 4.828270000000000000e+05
3.700000000000000000e+01 4.428760000000000000e+05
3.800000000000000000e+01 4.043980000000000000e+05
3.900000000000000000e+01 3.677450000000000000e+05
4.000000000000000000e+01 3.309740000000000000e+05
4.100000000000000000e+01 2.936410000000000000e+05
4.200000000000000000e+01 2.564220000000000000e+05
4.300000000000000000e+01 2.191060000000000000e+05
4.400000000000000000e+01 1.837340000000000000e+05
4.500000000000000000e+01 1.481710000000000000e+05
4.600000000000000000e+01 1.162480000000000000e+05
4.700000000000000000e+01 8.787200000000000000e+04
4.800000000000000000e+01 6.387200000000000000e+04
4.900000000000000000e+01 4.367200000000000000e+04
5.000000000000000000e+01 2.906600000000000000e+04
5.100000000000000000e+01 1.802300000000000000e+04
5.200000000000000000e+01 1.069300000000000000e+04
5.300000000000000000e+01 6.081000000000000000e+03
5.400000000000000000e+01 3.318000000000000000e+03
5.500000000000000000e+01 1.786000000000000000e+03
5.600000000000000000e+01 8.590000000000000000e+02
5.700000000000000000e+01 4.660000000000000000e+02
5.800000000000000000e+01 2.530000000000000000e+02
5.900000000000000000e+01 1.570000000000000000e+02
6.000000000000000000e+01 7.600000000000000000e+01
6.100000000000000000e+01 8.600000000000000000e+01
6.200000000000000000e+01 3.700000000000000000e+01
6.300000000000000000e+01 6.900000000000000000e+01
6.400000000000000000e+01 3.200000000000000000e+01
6.500000000000000000e+01 3.900000000000000000e+01
6.600000000000000000e+01 3.400000000000000000e+01
6.700000000000000000e+01 3.200000000000000000e+01
6.800000000000000000e+01 3.400000000000000000e+01
6.900000000000000000e+01 2.600000000000000000e+01
7.000000000000000000e+01 2.100000000000000000e+01
7.100000000000000000e+01 1.300000000000000000e+01
7.200000000000000000e+01 1.800000000000000000e+01
7.300000000000000000e+01 1.800000000000000000e+01
7.400000000000000000e+01 9.000000000000000000e+00
7.500000000000000000e+01 3.000000000000000000e+00
7.600000000000000000e+01 2.700000000000000000e+01
7.700000000000000000e+01 8.000000000000000000e+00
7.800000000000000000e+01 1.300000000000000000e+01
7.900000000000000000e+01 5.000000000000000000e+00
8.000000000000000000e+01 1.900000000000000000e+01
8.100000000000000000e+01 3.000000000000000000e+00
8.200000000000000000e+01 1.200000000000000000e+01
8.300000000000000000e+01 2.000000000000000000e+00
8.400000000000000000e+01 1.000000000000000000e+01
8.500000000000000000e+01 8.000000000000000000e+00
8.600000000000000000e+01 7.000000000000000000e+00
8.700000000000000000e+01 3.000000000000000000e+00
8.800000000000000000e+01 5.000000000000000000e+00
8.900000000000000000e+01 7.000000000000000000e+00
9.000000000000000000e+01 4.000000000000000000e+00
9.100000000000000000e+01 3.000000000000000000e+00
9.200000000000000000e+01 4.000000000000000000e+00
9.300000000000000000e+01 2.000000000000000000e+00
9.400000000000000000e+01 1.000000000000000000e+00
9.500000000000000000e+01 3.000000000000000000e+00
9.600000000000000000e+01 7.000000000000000000e+00
9.700000000000000000e+01 2.000000000000000000e+00
9.800000000000000000e+01 4.000000000000000000e+00
1.000000000000000000e+02 1.000000000000000000e+00
1.010000000000000000e+02 3.000000000000000000e+00
1.050000000000000000e+02 1.000000000000000000e+00
1.090000000000000000e+02 1.000000000000000000e+00
1.140000000000000000e+02 1.000000000000000000e+00
1.280000000000000000e+02 1.000000000000000000e+00
1.560000000000000000e+02 1.000000000000000000e+00
1.840000000000000000e+02 1.000000000000000000e+00
4.270000000000000000e+02 1.000000000000000000e+00
1.539000000000000000e+03 1.000000000000000000e+00
