-4.000000000000000000e+00 2.000000000000000000e+00
-3.000000000000000000e+00 2.000000000000000000e+00
-2.000000000000000000e+00 7.000000000000000000e+00
-1.000000000000000000e+00 3.000000000000000000e+01
0.000000000000000000e+00 1.347000000000000000e+03
1.000000000000000000e+00 4.700000000000000000e+01
2.000000000000000000e+00 8.100000000000000000e+01
3.000000000000000000e+00 1.530000000000000000e+02
4.000000000000000000e+00 7.290000000000000000e+02
5.000000000000000000e+00 4.150000000000000000e+03
6.000000000000000000e+00 2.445400000000000000e+04
7.000000000000000000e+00 4.673000000000000000e+04
8.000000000000000000e+00 6.629200000000000000e+04
9.000000000000000000e+00 9.595500000000000000e+04
1.000000000000000000e+01 1.359450000000000000e+05
1.100000000000000000e+01 1.875470000000000000e+05
1.200000000000000000e+01 2.567220000000000000e+05
1.300000000000000000e+01 3.477090000000000000e+05
1.400000000000000000e+01 4.628410000000000000e+05
1.500000000000000000e+01 6.005140000000000000e+05
1.600000000000000000e+01 7.736610000000000000e+05
1.700000000000000000e+01 9.764410000000000000e+05
1.800000000000000000e+01 1.196913000000000000e+06
1.900000000000000000e+01 1.405716000000000000e+06
2.000000000000000000e+01 1.561135000000000000e+06
2.100000000000000000e+01 1.637356000000000000e+06
2.200000000000000000e+01 1.602681000000000000e+06
2.300000000000000000e+01 1.427419000000000000e+06
2.400000000000000000e+01 1.139655000000000000e+06
2.500000000000000000e+01 7.878580000000000000e+05
2.600000000000000000e+01 4.715970000000000000e+05
2.700000000000000000e+01 2.460260000000000000e+05
2.800000000000000000e+01 1.175060000000000000e+05
2.900000000000000000e+01 5.470700000000000000e+04
3.000000000000000000e+01 2.616800000000000000e+04
3.100000000000000000e+01 1.250500000000000000e+04
3.200000000000000000e+01 5.586000000000000000e+03
3.300000000000000000e+01 2.304000000000000000e+03
3.400000000000000000e+01 9.500000000000000000e+02
3.500000000000000000e+01 3.370000000000000000e+02
3.600000000000000000e+01 1.620000000000000000e+02
3.700000000000000000e+01 6.900000000000000000e+01
3.800000000000000000e+01 7.900000000000000000e+01
3.900000000000000000e+01 2.700000000000000000e+01
4.000000000000000000e+01 7.700000000000000000e+01
4.100000000000000000e+01 5.100000000000000000e+01
4.200000000000000000e+01 5.700000000000000000e+01
4.300000000000000000e+01 4.400000000000000000e+01
4.400000000000000000e+01 3.400000000000000000e+01
4.500000000000000000e+01 3.500000000000000000e+01
4.600000000000000000e+01 3.200000000000000000e+01
4.700000000000000000e+01 2.200000000000000000e+01
4.800000000000000000e+01 2.300000000000000000e+01
4.900000000000000000e+01 4.500000000000000000e+01
5.000000000000000000e+01 1.200000000000000000e+01
5.100000000000000000e+01 1.900000000000000000e+01
5.200000000000000000e+01 5.000000000000000000e+00
5.300000000000000000e+01 1.500000000000000000e+01
5.400000000000000000e+01 1.000000000000000000e+01
5.500000000000000000e+01 9.000000000000000000e+00
5.600000000000000000e+01 7.000000000000000000e+00
5.700000000000000000e+01 5.000000000000000000e+00
5.800000000000000000e+01 1.000000000000000000e+00
6.000000000000000000e+01 5.000000000000000000e+00
6.100000000000000000e+01 3.000000000000000000e+00
6.200000000000000000e+01 3.000000000000000000e+00
6.300000000000000000e+01 3.000000000000000000e+00
6.800000000000000000e+01 2.000000000000000000e+00
6.900000000000000000e+01 1.000000000000000000e+00
7.500000000000000000e+01 1.000000000000000000e+00
7.700000000000000000e+01 1.000000000000000000e+00
8.300000000000000000e+01 1.000000000000000000e+00
8.600000000000000000e+01 1.000000000000000000e+00
8.700000000000000000e+01 2.000000000000000000e+00
9.100000000000000000e+01 2.000000000000000000e+00
9.200000000000000000e+01 1.000000000000000000e+00
9.700000000000000000e+01 1.000000000000000000e+00
1.000000000000000000e+02 1.000000000000000000e+00
1.020000000000000000e+02 1.000000000000000000e+00
1.090000000000000000e+02 1.000000000000000000e+00
1.120000000000000000e+02 1.000000000000000000e+00
1.180000000000000000e+02 1.000000000000000000e+00
1.280000000000000000e+02 1.000000000000000000e+00
1.330000000000000000e+02 1.000000000000000000e+00
1.380000000000000000e+02 1.000000000000000000e+00
1.450000000000000000e+02 1.000000000000000000e+00
1.510000000000000000e+02 1.000000000000000000e+00
1.550000000000000000e+02 1.000000000000000000e+00
1.700000000000000000e+02 1.000000000000000000e+00
1.750000000000000000e+02 1.000000000000000000e+00
1.760000000000000000e+02 1.000000000000000000e+00
1.920000000000000000e+02 1.000000000000000000e+00
2.200000000000000000e+02 1.000000000000000000e+00
2.450000000000000000e+02 1.000000000000000000e+00
2.460000000000000000e+02 1.000000000000000000e+00
2.590000000000000000e+02 1.000000000000000000e+00
3.950000000000000000e+02 1.000000000000000000e+00
7.890000000000000000e+02 1.000000000000000000e+00
1.068000000000000000e+03 1.000000000000000000e+00
1.175000000000000000e+03 1.000000000000000000e+00
2.512000000000000000e+03 1.000000000000000000e+00
