-4.000000000000000000e+00 6.000000000000000000e+00
-3.000000000000000000e+00 4.000000000000000000e+00
-2.000000000000000000e+00 1.600000000000000000e+01
-1.000000000000000000e+00 7.200000000000000000e+01
0.000000000000000000e+00 1.378000000000000000e+03
1.000000000000000000e+00 1.000000000000000000e+02
2.000000000000000000e+00 1.450000000000000000e+02
3.000000000000000000e+00 2.080000000000000000e+02
4.000000000000000000e+00 1.191000000000000000e+03
5.000000000000000000e+00 8.919000000000000000e+03
6.000000000000000000e+00 6.117500000000000000e+04
7.000000000000000000e+00 1.039060000000000000e+05
8.000000000000000000e+00 1.205010000000000000e+05
9.000000000000000000e+00 1.370390000000000000e+05
1.000000000000000000e+01 1.522840000000000000e+05
1.100000000000000000e+01 1.595150000000000000e+05
1.200000000000000000e+01 1.638520000000000000e+05
1.300000000000000000e+01 1.746010000000000000e+05
1.400000000000000000e+01 1.958830000000000000e+05
1.500000000000000000e+01 2.324540000000000000e+05
1.600000000000000000e+01 2.902360000000000000e+05
1.700000000000000000e+01 3.715850000000000000e+05
1.800000000000000000e+01 4.747420000000000000e+05
1.900000000000000000e+01 5.958860000000000000e+05
2.000000000000000000e+01 7.315030000000000000e+05
2.100000000000000000e+01 8.785230000000000000e+05
2.200000000000000000e+01 1.030684000000000000e+06
2.300000000000000000e+01 1.164496000000000000e+06
2.400000000000000000e+01 1.265785000000000000e+06
2.500000000000000000e+01 1.305350000000000000e+06
2.600000000000000000e+01 1.290806000000000000e+06
2.700000000000000000e+01 1.219117000000000000e+06
2.800000000000000000e+01 1.113732000000000000e+06
2.900000000000000000e+01 9.950780000000000000e+05
3.000000000000000000e+01 8.647070000000000000e+05
3.100000000000000000e+01 7.355760000000000000e+05
3.200000000000000000e+01 6.174620000000000000e+05
3.300000000000000000e+01 5.072000000000000000e+05
3.400000000000000000e+01 4.048310000000000000e+05
3.500000000000000000e+01 3.147060000000000000e+05
3.600000000000000000e+01 2.316680000000000000e+05
3.700000000000000000e+01 1.638840000000000000e+05
3.800000000000000000e+01 1.098390000000000000e+05
3.900000000000000000e+01 6.835900000000000000e+04
4.000000000000000000e+01 3.958100000000000000e+04
4.100000000000000000e+01 2.144500000000000000e+04
4.200000000000000000e+01 1.043900000000000000e+04
4.300000000000000000e+01 4.881000000000000000e+03
4.400000000000000000e+01 2.117000000000000000e+03
4.500000000000000000e+01 9.060000000000000000e+02
4.600000000000000000e+01 4.620000000000000000e+02
4.700000000000000000e+01 2.140000000000000000e+02
4.800000000000000000e+01 9.100000000000000000e+01
4.900000000000000000e+01 1.220000000000000000e+02
5.000000000000000000e+01 6.000000000000000000e+01
5.100000000000000000e+01 1.020000000000000000e+02
5.200000000000000000e+01 4.400000000000000000e+01
5.300000000000000000e+01 7.000000000000000000e+01
5.400000000000000000e+01 2.900000000000000000e+01
5.500000000000000000e+01 4.600000000000000000e+01
5.600000000000000000e+01 2.400000000000000000e+01
5.700000000000000000e+01 5.100000000000000000e+01
5.800000000000000000e+01 2.100000000000000000e+01
5.900000000000000000e+01 4.400000000000000000e+01
6.000000000000000000e+01 1.000000000000000000e+01
6.100000000000000000e+01 3.500000000000000000e+01
6.200000000000000000e+01 1.400000000000000000e+01
6.300000000000000000e+01 2.200000000000000000e+01
6.400000000000000000e+01 1.800000000000000000e+01
6.500000000000000000e+01 1.800000000000000000e+01
6.600000000000000000e+01 1.200000000000000000e+01
6.700000000000000000e+01 1.400000000000000000e+01
6.800000000000000000e+01 1.400000000000000000e+01
6.900000000000000000e+01 8.000000000000000000e+00
7.000000000000000000e+01 8.000000000000000000e+00
7.100000000000000000e+01 5.000000000000000000e+00
7.200000000000000000e+01 3.000000000000000000e+00
7.300000000000000000e+01 8.000000000000000000e+00
7.500000000000000000e+01 1.000000000000000000e+00
7.600000000000000000e+01 6.000000000000000000e+00
7.700000000000000000e+01 2.000000000000000000e+00
7.800000000000000000e+01 2.000000000000000000e+00
7.900000000000000000e+01 3.000000000000000000e+00
8.000000000000000000e+01 4.000000000000000000e+00
8.200000000000000000e+01 3.000000000000000000e+00
8.400000000000000000e+01 1.000000000000000000e+00
8.600000000000000000e+01 1.000000000000000000e+00
9.500000000000000000e+01 1.000000000000000000e+00
1.120000000000000000e+02 1.000000000000000000e+00
1.180000000000000000e+02 2.000000000000000000e+00
1.230000000000000000e+02 1.000000000000000000e+00
1.270000000000000000e+02 1.000000000000000000e+00
1.420000000000000000e+02 1.000000000000000000e+00
1.580000000000000000e+02 1.000000000000000000e+00
1.650000000000000000e+02 1.000000000000000000e+00
1.920000000000000000e+02 1.000000000000000000e+00
