-4.000000000000000000e+00 5.000000000000000000e+00
-3.000000000000000000e+00 3.000000000000000000e+00
-2.000000000000000000e+00 9.000000000000000000e+00
-1.000000000000000000e+00 3.300000000000000000e+01
0.000000000000000000e+00 1.331000000000000000e+03
1.000000000000000000e+00 6.500000000000000000e+01
2.000000000000000000e+00 9.900000000000000000e+01
3.000000000000000000e+00 1.700000000000000000e+02
4.000000000000000000e+00 9.720000000000000000e+02
5.000000000000000000e+00 6.639000000000000000e+03
6.000000000000000000e+00 4.405400000000000000e+04
7.000000000000000000e+00 7.471900000000000000e+04
8.000000000000000000e+00 8.671600000000000000e+04
9.000000000000000000e+00 9.864900000000000000e+04
1.000000000000000000e+01 1.079510000000000000e+05
1.100000000000000000e+01 1.111460000000000000e+05
1.200000000000000000e+01 1.119930000000000000e+05
1.300000000000000000e+01 1.164790000000000000e+05
1.400000000000000000e+01 1.269290000000000000e+05
1.500000000000000000e+01 1.477740000000000000e+05
1.600000000000000000e+01 1.810590000000000000e+05
1.700000000000000000e+01 2.299820000000000000e+05
1.800000000000000000e+01 2.954070000000000000e+05
1.900000000000000000e+01 3.715380000000000000e+05
2.000000000000000000e+01 4.604500000000000000e+05
2.100000000000000000e+01 5.584400000000000000e+05
2.200000000000000000e+01 6.626570000000000000e+05
2.300000000000000000e+01 7.520960000000000000e+05
2.400000000000000000e+01 8.273490000000000000e+05
2.500000000000000000e+01 8.645300000000000000e+05
2.600000000000000000e+01 8.586920000000000000e+05
2.700000000000000000e+01 8.211040000000000000e+05
2.800000000000000000e+01 7.592150000000000000e+05
2.900000000000000000e+01 6.846550000000000000e+05
3.000000000000000000e+01 6.051830000000000000e+05
3.100000000000000000e+01 5.219850000000000000e+05
3.200000000000000000e+01 4.445960000000000000e+05
3.300000000000000000e+01 3.691090000000000000e+05
3.400000000000000000e+01 2.989060000000000000e+05
3.500000000000000000e+01 2.336070000000000000e+05
3.600000000000000000e+01 1.749380000000000000e+05
3.700000000000000000e+01 1.246510000000000000e+05
3.800000000000000000e+01 8.434600000000000000e+04
3.900000000000000000e+01 5.311900000000000000e+04
4.000000000000000000e+01 3.120200000000000000e+04
4.100000000000000000e+01 1.692200000000000000e+04
4.200000000000000000e+01 8.433000000000000000e+03
4.300000000000000000e+01 3.937000000000000000e+03
4.400000000000000000e+01 1.720000000000000000e+03
4.500000000000000000e+01 7.530000000000000000e+02
4.600000000000000000e+01 3.190000000000000000e+02
4.700000000000000000e+01 1.210000000000000000e+02
4.800000000000000000e+01 6.700000000000000000e+01
4.900000000000000000e+01 6.900000000000000000e+01
5.000000000000000000e+01 3.800000000000000000e+01
5.100000000000000000e+01 3.400000000000000000e+01
5.200000000000000000e+01 3.000000000000000000e+01
5.300000000000000000e+01 4.500000000000000000e+01
5.400000000000000000e+01 1.600000000000000000e+01
5.500000000000000000e+01 2.500000000000000000e+01
5.600000000000000000e+01 8.000000000000000000e+00
5.700000000000000000e+01 2.300000000000000000e+01
5.800000000000000000e+01 8.000000000000000000e+00
5.900000000000000000e+01 1.600000000000000000e+01
6.000000000000000000e+01 9.000000000000000000e+00
6.100000000000000000e+01 2.200000000000000000e+01
6.200000000000000000e+01 5.000000000000000000e+00
6.300000000000000000e+01 1.500000000000000000e+01
6.400000000000000000e+01 1.200000000000000000e+01
6.500000000000000000e+01 1.700000000000000000e+01
6.600000000000000000e+01 8.000000000000000000e+00
6.700000000000000000e+01 6.000000000000000000e+00
6.800000000000000000e+01 5.000000000000000000e+00
6.900000000000000000e+01 7.000000000000000000e+00
7.000000000000000000e+01 3.000000000000000000e+00
7.100000000000000000e+01 9.000000000000000000e+00
7.200000000000000000e+01 2.000000000000000000e+00
7.300000000000000000e+01 3.000000000000000000e+00
7.400000000000000000e+01 1.000000000000000000e+00
7.500000000000000000e+01 2.000000000000000000e+00
7.600000000000000000e+01 3.000000000000000000e+00
7.700000000000000000e+01 3.000000000000000000e+00
7.800000000000000000e+01 1.000000000000000000e+00
7.900000000000000000e+01 1.000000000000000000e+00
8.000000000000000000e+01 2.000000000000000000e+00
8.200000000000000000e+01 2.000000000000000000e+00
8.700000000000000000e+01 1.000000000000000000e+00
9.100000000000000000e+01 3.000000000000000000e+00
1.010000000000000000e+02 1.000000000000000000e+00
1.090000000000000000e+02 1.000000000000000000e+00
1.160000000000000000e+02 1.000000000000000000e+00
1.330000000000000000e+02 1.000000000000000000e+00
1.420000000000000000e+02 1.000000000000000000e+00
1.840000000000000000e+02 1.000000000000000000e+00
2.060000000000000000e+02 1.000000000000000000e+00
2.920000000000000000e+02 1.000000000000000000e+00
3.610000000000000000e+02 1.000000000000000000e+00
6.190000000000000000e+02 1.000000000000000000e+00
1.157000000000000000e+03 1.000000000000000000e+00
1.214000000000000000e+03 1.000000000000000000e+00
