-4.000000000000000000e+00 4.000000000000000000e+00
-3.000000000000000000e+00 2.000000000000000000e+00
-2.000000000000000000e+00 1.500000000000000000e+01
-1.000000000000000000e+00 6.600000000000000000e+01
0.000000000000000000e+00 1.364000000000000000e+03
1.000000000000000000e+00 9.400000000000000000e+01
2.000000000000000000e+00 1.350000000000000000e+02
3.000000000000000000e+00 2.090000000000000000e+02
4.000000000000000000e+00 1.126000000000000000e+03
5.000000000000000000e+00 8.736000000000000000e+03
6.000000000000000000e+00 6.095600000000000000e+04
7.000000000000000000e+00 1.034810000000000000e+05
8.000000000000000000e+00 1.198400000000000000e+05
9.000000000000000000e+00 1.370710000000000000e+05
1.000000000000000000e+01 1.512420000000000000e+05
1.100000000000000000e+01 1.588450000000000000e+05
1.200000000000000000e+01 1.635230000000000000e+05
1.300000000000000000e+01 1.721460000000000000e+05
1.400000000000000000e+01 1.938470000000000000e+05
1.500000000000000000e+01 2.299990000000000000e+05
1.600000000000000000e+01 2.861810000000000000e+05
1.700000000000000000e+01 3.667400000000000000e+05
1.800000000000000000e+01 4.683170000000000000e+05
1.900000000000000000e+01 5.881130000000000000e+05
2.000000000000000000e+01 7.236040000000000000e+05
2.100000000000000000e+01 8.726270000000000000e+05
2.200000000000000000e+01 1.022571000000000000e+06
2.300000000000000000e+01 1.153160000000000000e+06
2.400000000000000000e+01 1.256741000000000000e+06
2.500000000000000000e+01 1.299506000000000000e+06
2.600000000000000000e+01 1.284272000000000000e+06
2.700000000000000000e+01 1.216035000000000000e+06
2.800000000000000000e+01 1.113900000000000000e+06
2.900000000000000000e+01 9.928270000000000000e+05
3.000000000000000000e+01 8.642780000000000000e+05
3.100000000000000000e+01 7.387190000000000000e+05
3.200000000000000000e+01 6.200430000000000000e+05
3.300000000000000000e+01 5.067900000000000000e+05
3.400000000000000000e+01 4.058470000000000000e+05
3.500000000000000000e+01 3.151160000000000000e+05
3.600000000000000000e+01 2.347120000000000000e+05
3.700000000000000000e+01 1.655800000000000000e+05
3.800000000000000000e+01 1.106550000000000000e+05
3.900000000000000000e+01 6.943300000000000000e+04
4.000000000000000000e+01 4.057000000000000000e+04
4.100000000000000000e+01 2.166600000000000000e+04
4.200000000000000000e+01 1.089500000000000000e+04
4.300000000000000000e+01 5.118000000000000000e+03
4.400000000000000000e+01 2.178000000000000000e+03
4.500000000000000000e+01 9.310000000000000000e+02
4.600000000000000000e+01 4.360000000000000000e+02
4.700000000000000000e+01 1.890000000000000000e+02
4.800000000000000000e+01 1.060000000000000000e+02
4.900000000000000000e+01 1.060000000000000000e+02
5.000000000000000000e+01 4.500000000000000000e+01
5.100000000000000000e+01 8.000000000000000000e+01
5.200000000000000000e+01 3.300000000000000000e+01
5.300000000000000000e+01 6.500000000000000000e+01
5.400000000000000000e+01 2.700000000000000000e+01
5.500000000000000000e+01 6.000000000000000000e+01
5.600000000000000000e+01 2.900000000000000000e+01
5.700000000000000000e+01 5.000000000000000000e+01
5.800000000000000000e+01 1.400000000000000000e+01
5.900000000000000000e+01 4.700000000000000000e+01
6.000000000000000000e+01 2.000000000000000000e+01
6.100000000000000000e+01 3.100000000000000000e+01
6.200000000000000000e+01 1.400000000000000000e+01
6.300000000000000000e+01 2.800000000000000000e+01
6.400000000000000000e+01 2.100000000000000000e+01
6.500000000000000000e+01 1.700000000000000000e+01
6.600000000000000000e+01 1.500000000000000000e+01
6.700000000000000000e+01 1.100000000000000000e+01
6.800000000000000000e+01 1.400000000000000000e+01
6.900000000000000000e+01 7.000000000000000000e+00
7.000000000000000000e+01 1.000000000000000000e+01
7.100000000000000000e+01 3.000000000000000000e+00
7.200000000000000000e+01 7.000000000000000000e+00
7.300000000000000000e+01 8.000000000000000000e+00
7.400000000000000000e+01 2.000000000000000000e+00
7.500000000000000000e+01 2.000000000000000000e+00
7.600000000000000000e+01 4.000000000000000000e+00
7.800000000000000000e+01 5.000000000000000000e+00
8.000000000000000000e+01 1.000000000000000000e+00
8.100000000000000000e+01 4.000000000000000000e+00
8.200000000000000000e+01 3.000000000000000000e+00
8.600000000000000000e+01 3.000000000000000000e+00
8.900000000000000000e+01 2.000000000000000000e+00
9.000000000000000000e+01 1.000000000000000000e+00
1.080000000000000000e+02 1.000000000000000000e+00
1.220000000000000000e+02 1.000000000000000000e+00
1.310000000000000000e+02 1.000000000000000000e+00
6.020000000000000000e+02 1.000000000000000000e+00
