-4.000000000000000000e+00 1.000000000000000000e+00
-3.000000000000000000e+00 1.000000000000000000e+00
-1.000000000000000000e+00 1.000000000000000000e+01
0.000000000000000000e+00 1.321000000000000000e+03
1.000000000000000000e+00 3.100000000000000000e+01
2.000000000000000000e+00 3.000000000000000000e+01
3.000000000000000000e+00 7.800000000000000000e+01
4.000000000000000000e+00 6.750000000000000000e+02
5.000000000000000000e+00 2.992000000000000000e+03
6.000000000000000000e+00 1.426000000000000000e+04
7.000000000000000000e+00 2.633600000000000000e+04
8.000000000000000000e+00 3.699400000000000000e+04
9.000000000000000000e+00 5.355200000000000000e+04
1.000000000000000000e+01 7.419000000000000000e+04
1.100000000000000000e+01 1.028720000000000000e+05
1.200000000000000000e+01 1.409340000000000000e+05
1.300000000000000000e+01 1.926520000000000000e+05
1.400000000000000000e+01 2.589730000000000000e+05
1.500000000000000000e+01 3.427380000000000000e+05
1.600000000000000000e+01 4.481500000000000000e+05
1.700000000000000000e+01 5.764060000000000000e+05
1.800000000000000000e+01 7.210830000000000000e+05
1.900000000000000000e+01 8.664500000000000000e+05
2.000000000000000000e+01 1.001372000000000000e+06
2.100000000000000000e+01 1.114181000000000000e+06
2.200000000000000000e+01 1.196709000000000000e+06
2.300000000000000000e+01 1.227242000000000000e+06
2.400000000000000000e+01 1.196906000000000000e+06
2.500000000000000000e+01 1.100212000000000000e+06
2.600000000000000000e+01 9.474910000000000000e+05
2.700000000000000000e+01 7.574390000000000000e+05
2.800000000000000000e+01 5.556590000000000000e+05
2.900000000000000000e+01 3.692550000000000000e+05
3.000000000000000000e+01 2.183760000000000000e+05
3.100000000000000000e+01 1.144260000000000000e+05
3.200000000000000000e+01 5.352000000000000000e+04
3.300000000000000000e+01 2.238200000000000000e+04
3.400000000000000000e+01 8.690000000000000000e+03
3.500000000000000000e+01 3.358000000000000000e+03
3.600000000000000000e+01 1.203000000000000000e+03
3.700000000000000000e+01 4.260000000000000000e+02
3.800000000000000000e+01 1.650000000000000000e+02
3.900000000000000000e+01 8.700000000000000000e+01
4.000000000000000000e+01 6.000000000000000000e+01
4.100000000000000000e+01 4.000000000000000000e+01
4.200000000000000000e+01 2.600000000000000000e+01
4.300000000000000000e+01 2.200000000000000000e+01
4.400000000000000000e+01 2.300000000000000000e+01
4.500000000000000000e+01 2.600000000000000000e+01
4.600000000000000000e+01 2.000000000000000000e+01
4.700000000000000000e+01 1.500000000000000000e+01
4.800000000000000000e+01 7.000000000000000000e+00
4.900000000000000000e+01 3.500000000000000000e+01
5.000000000000000000e+01 9.000000000000000000e+00
5.100000000000000000e+01 1.900000000000000000e+01
5.200000000000000000e+01 1.000000000000000000e+01
5.300000000000000000e+01 2.100000000000000000e+01
5.400000000000000000e+01 4.000000000000000000e+00
5.500000000000000000e+01 1.200000000000000000e+01
5.600000000000000000e+01 3.000000000000000000e+00
5.700000000000000000e+01 1.100000000000000000e+01
5.800000000000000000e+01 2.000000000000000000e+00
5.900000000000000000e+01 9.000000000000000000e+00
6.000000000000000000e+01 2.000000000000000000e+00
6.100000000000000000e+01 2.000000000000000000e+00
6.200000000000000000e+01 2.000000000000000000e+00
6.400000000000000000e+01 1.000000000000000000e+00
6.500000000000000000e+01 1.000000000000000000e+00
6.600000000000000000e+01 1.000000000000000000e+00
6.800000000000000000e+01 2.000000000000000000e+00
6.900000000000000000e+01 3.000000000000000000e+00
7.300000000000000000e+01 1.000000000000000000e+00
7.500000000000000000e+01 1.000000000000000000e+00
7.600000000000000000e+01 2.000000000000000000e+00
7.700000000000000000e+01 1.000000000000000000e+00
8.000000000000000000e+01 1.000000000000000000e+00
8.100000000000000000e+01 1.000000000000000000e+00
1.040000000000000000e+02 1.000000000000000000e+00
1.090000000000000000e+02 1.000000000000000000e+00
1.260000000000000000e+02 1.000000000000000000e+00
1.300000000000000000e+02 1.000000000000000000e+00
1.360000000000000000e+02 1.000000000000000000e+00
1.390000000000000000e+02 1.000000000000000000e+00
1.690000000000000000e+02 1.000000000000000000e+00
1.860000000000000000e+02 1.000000000000000000e+00
2.080000000000000000e+02 1.000000000000000000e+00
2.260000000000000000e+02 1.000000000000000000e+00
3.540000000000000000e+02 1.000000000000000000e+00
3.640000000000000000e+02 1.000000000000000000e+00
3.700000000000000000e+02 1.000000000000000000e+00
4.200000000000000000e+02 1.000000000000000000e+00
6.040000000000000000e+02 1.000000000000000000e+00
9.490000000000000000e+02 1.000000000000000000e+00
1.835000000000000000e+03 1.000000000000000000e+00
