-4.000000000000000000e+00 8.000000000000000000e+00
-3.000000000000000000e+00 5.000000000000000000e+00
-2.000000000000000000e+00 1.300000000000000000e+01
-1.000000000000000000e+00 3.900000000000000000e+01
0.000000000000000000e+00 1.349000000000000000e+03
1.000000000000000000e+00 9.800000000000000000e+01
2.000000000000000000e+00 1.210000000000000000e+02
3.000000000000000000e+00 1.730000000000000000e+02
4.000000000000000000e+00 9.360000000000000000e+02
5.000000000000000000e+00 4.746000000000000000e+03
6.000000000000000000e+00 2.607100000000000000e+04
7.000000000000000000e+00 4.835400000000000000e+04
8.000000000000000000e+00 6.828400000000000000e+04
9.000000000000000000e+00 9.736300000000000000e+04
1.000000000000000000e+01 1.370560000000000000e+05
1.100000000000000000e+01 1.897240000000000000e+05
1.200000000000000000e+01 2.612640000000000000e+05
1.300000000000000000e+01 3.548720000000000000e+05
1.400000000000000000e+01 4.815590000000000000e+05
1.500000000000000000e+01 6.367280000000000000e+05
1.600000000000000000e+01 8.335730000000000000e+05
1.700000000000000000e+01 1.073964000000000000e+06
1.800000000000000000e+01 1.340148000000000000e+06
1.900000000000000000e+01 1.611601000000000000e+06
2.000000000000000000e+01 1.856759000000000000e+06
2.100000000000000000e+01 2.064044000000000000e+06
2.200000000000000000e+01 2.204618000000000000e+06
2.300000000000000000e+01 2.248848000000000000e+06
2.400000000000000000e+01 2.183834000000000000e+06
2.500000000000000000e+01 1.989039000000000000e+06
2.600000000000000000e+01 1.705890000000000000e+06
2.700000000000000000e+01 1.362326000000000000e+06
2.800000000000000000e+01 9.970820000000000000e+05
2.900000000000000000e+01 6.637210000000000000e+05
3.000000000000000000e+01 3.911700000000000000e+05
3.100000000000000000e+01 2.069310000000000000e+05
3.200000000000000000e+01 9.672800000000000000e+04
3.300000000000000000e+01 4.104300000000000000e+04
3.400000000000000000e+01 1.595600000000000000e+04
3.500000000000000000e+01 5.942000000000000000e+03
3.600000000000000000e+01 2.161000000000000000e+03
3.700000000000000000e+01 8.390000000000000000e+02
3.800000000000000000e+01 3.300000000000000000e+02
3.900000000000000000e+01 1.530000000000000000e+02
4.000000000000000000e+01 1.500000000000000000e+02
4.100000000000000000e+01 1.340000000000000000e+02
4.200000000000000000e+01 9.000000000000000000e+01
4.300000000000000000e+01 8.200000000000000000e+01
4.400000000000000000e+01 7.200000000000000000e+01
4.500000000000000000e+01 7.800000000000000000e+01
4.600000000000000000e+01 9.500000000000000000e+01
4.700000000000000000e+01 6.400000000000000000e+01
4.800000000000000000e+01 4.100000000000000000e+01
4.900000000000000000e+01 1.120000000000000000e+02
5.000000000000000000e+01 2.800000000000000000e+01
5.100000000000000000e+01 8.400000000000000000e+01
5.200000000000000000e+01 2.200000000000000000e+01
5.300000000000000000e+01 7.100000000000000000e+01
5.400000000000000000e+01 1.800000000000000000e+01
5.500000000000000000e+01 4.100000000000000000e+01
5.600000000000000000e+01 1.300000000000000000e+01
5.700000000000000000e+01 4.200000000000000000e+01
5.800000000000000000e+01 1.300000000000000000e+01
5.900000000000000000e+01 2.400000000000000000e+01
6.000000000000000000e+01 9.000000000000000000e+00
6.100000000000000000e+01 1.800000000000000000e+01
6.200000000000000000e+01 4.000000000000000000e+00
6.300000000000000000e+01 1.200000000000000000e+01
6.400000000000000000e+01 9.000000000000000000e+00
6.500000000000000000e+01 4.000000000000000000e+00
6.600000000000000000e+01 2.000000000000000000e+00
6.700000000000000000e+01 3.000000000000000000e+00
6.800000000000000000e+01 3.000000000000000000e+00
6.900000000000000000e+01 1.000000000000000000e+00
7.000000000000000000e+01 2.000000000000000000e+00
7.100000000000000000e+01 2.000000000000000000e+00
7.300000000000000000e+01 1.000000000000000000e+00
7.600000000000000000e+01 1.000000000000000000e+00
7.700000000000000000e+01 1.000000000000000000e+00
7.900000000000000000e+01 1.000000000000000000e+00
8.000000000000000000e+01 1.000000000000000000e+00
8.100000000000000000e+01 1.000000000000000000e+00
8.300000000000000000e+01 2.000000000000000000e+00
8.700000000000000000e+01 1.000000000000000000e+00
8.800000000000000000e+01 1.000000000000000000e+00
1.040000000000000000e+02 1.000000000000000000e+00
1.120000000000000000e+02 1.000000000000000000e+00
1.260000000000000000e+02 1.000000000000000000e+00
1.370000000000000000e+02 1.000000000000000000e+00
1.480000000000000000e+02 1.000000000000000000e+00
1.560000000000000000e+02 1.000000000000000000e+00
2.300000000000000000e+02 1.000000000000000000e+00
2.660000000000000000e+02 1.000000000000000000e+00
1.099000000000000000e+03 1.000000000000000000e+00
1.975000000000000000e+03 1.000000000000000000e+00
2.741000000000000000e+03 1.000000000000000000e+00
