-4.000000000000000000e+00 5.000000000000000000e+00
-3.000000000000000000e+00 6.000000000000000000e+00
-2.000000000000000000e+00 1.600000000000000000e+01
-1.000000000000000000e+00 4.800000000000000000e+01
0.000000000000000000e+00 1.359000000000000000e+03
1.000000000000000000e+00 1.240000000000000000e+02
2.000000000000000000e+00 1.710000000000000000e+02
3.000000000000000000e+00 2.790000000000000000e+02
4.000000000000000000e+00 1.618000000000000000e+03
5.000000000000000000e+00 1.120300000000000000e+04
6.000000000000000000e+00 7.590300000000000000e+04
7.000000000000000000e+00 1.310360000000000000e+05
8.000000000000000000e+00 1.594390000000000000e+05
9.000000000000000000e+00 1.885710000000000000e+05
1.000000000000000000e+01 2.182710000000000000e+05
1.100000000000000000e+01 2.395250000000000000e+05
1.200000000000000000e+01 2.498990000000000000e+05
1.300000000000000000e+01 2.577690000000000000e+05
1.400000000000000000e+01 2.670470000000000000e+05
1.500000000000000000e+01 2.776660000000000000e+05
1.600000000000000000e+01 2.966620000000000000e+05
1.700000000000000000e+01 3.285360000000000000e+05
1.800000000000000000e+01 3.751540000000000000e+05
1.900000000000000000e+01 4.331450000000000000e+05
2.000000000000000000e+01 5.090220000000000000e+05
2.100000000000000000e+01 6.010300000000000000e+05
2.200000000000000000e+01 7.038480000000000000e+05
2.300000000000000000e+01 8.011250000000000000e+05
2.400000000000000000e+01 8.824480000000000000e+05
2.500000000000000000e+01 9.246110000000000000e+05
2.600000000000000000e+01 9.263890000000000000e+05
2.700000000000000000e+01 8.891580000000000000e+05
2.800000000000000000e+01 8.396750000000000000e+05
2.900000000000000000e+01 7.864290000000000000e+05
3.000000000000000000e+01 7.296440000000000000e+05
3.100000000000000000e+01 6.752850000000000000e+05
3.200000000000000000e+01 6.274890000000000000e+05
3.300000000000000000e+01 5.825440000000000000e+05
3.400000000000000000e+01 5.433930000000000000e+05
3.500000000000000000e+01 5.067360000000000000e+05
3.600000000000000000e+01 4.700150000000000000e+05
3.700000000000000000e+01 4.346630000000000000e+05
3.800000000000000000e+01 4.005950000000000000e+05
3.900000000000000000e+01 3.661730000000000000e+05
4.000000000000000000e+01 3.320890000000000000e+05
4.100000000000000000e+01 2.968930000000000000e+05
4.200000000000000000e+01 2.604980000000000000e+05
4.300000000000000000e+01 2.234950000000000000e+05
4.400000000000000000e+01 1.873980000000000000e+05
4.500000000000000000e+01 1.529510000000000000e+05
4.600000000000000000e+01 1.208470000000000000e+05
4.700000000000000000e+01 9.206300000000000000e+04
4.800000000000000000e+01 6.604700000000000000e+04
4.900000000000000000e+01 4.623300000000000000e+04
5.000000000000000000e+01 3.078100000000000000e+04
5.100000000000000000e+01 1.930300000000000000e+04
5.200000000000000000e+01 1.143800000000000000e+04
5.300000000000000000e+01 6.585000000000000000e+03
5.400000000000000000e+01 3.644000000000000000e+03
5.500000000000000000e+01 1.923000000000000000e+03
5.600000000000000000e+01 9.920000000000000000e+02
5.700000000000000000e+01 5.360000000000000000e+02
5.800000000000000000e+01 2.680000000000000000e+02
5.900000000000000000e+01 1.840000000000000000e+02
6.000000000000000000e+01 1.030000000000000000e+02
6.100000000000000000e+01 6.600000000000000000e+01
6.200000000000000000e+01 4.800000000000000000e+01
6.300000000000000000e+01 4.600000000000000000e+01
6.400000000000000000e+01 2.500000000000000000e+01
6.500000000000000000e+01 3.400000000000000000e+01
6.600000000000000000e+01 2.500000000000000000e+01
6.700000000000000000e+01 2.700000000000000000e+01
6.800000000000000000e+01 2.200000000000000000e+01
6.900000000000000000e+01 1.800000000000000000e+01
7.000000000000000000e+01 1.300000000000000000e+01
7.100000000000000000e+01 1.700000000000000000e+01
7.200000000000000000e+01 1.400000000000000000e+01
7.300000000000000000e+01 1.300000000000000000e+01
7.400000000000000000e+01 1.500000000000000000e+01
7.500000000000000000e+01 7.000000000000000000e+00
7.600000000000000000e+01 1.600000000000000000e+01
7.700000000000000000e+01 1.200000000000000000e+01
7.800000000000000000e+01 9.000000000000000000e+00
7.900000000000000000e+01 5.000000000000000000e+00
8.000000000000000000e+01 1.300000000000000000e+01
8.100000000000000000e+01 2.000000000000000000e+00
8.200000000000000000e+01 8.000000000000000000e+00
8.300000000000000000e+01 7.000000000000000000e+00
8.400000000000000000e+01 1.000000000000000000e+01
8.500000000000000000e+01 2.000000000000000000e+00
8.600000000000000000e+01 5.000000000000000000e+00
8.700000000000000000e+01 4.000000000000000000e+00
8.800000000000000000e+01 9.000000000000000000e+00
8.900000000000000000e+01 9.000000000000000000e+00
9.000000000000000000e+01 5.000000000000000000e+00
9.100000000000000000e+01 4.000000000000000000e+00
9.200000000000000000e+01 4.000000000000000000e+00
9.300000000000000000e+01 5.000000000000000000e+00
9.400000000000000000e+01 1.000000000000000000e+00
9.500000000000000000e+01 1.000000000000000000e+00
9.600000000000000000e+01 2.000000000000000000e+00
9.700000000000000000e+01 2.000000000000000000e+00
9.800000000000000000e+01 1.000000000000000000e+00
1.010000000000000000e+02 2.000000000000000000e+00
1.030000000000000000e+02 3.000000000000000000e+00
1.050000000000000000e+02 1.000000000000000000e+00
1.070000000000000000e+02 1.000000000000000000e+00
1.090000000000000000e+02 1.000000000000000000e+00
1.520000000000000000e+02 1.000000000000000000e+00
1.590000000000000000e+02 1.000000000000000000e+00
1.610000000000000000e+02 1.000000000000000000e+00
1.920000000000000000e+02 1.000000000000000000e+00
5.380000000000000000e+02 1.000000000000000000e+00
5.800000000000000000e+02 1.000000000000000000e+00
6.120000000000000000e+02 1.000000000000000000e+00
9.600000000000000000e+02 1.000000000000000000e+00
