-4.000000000000000000e+00 3.000000000000000000e+00
-3.000000000000000000e+00 7.000000000000000000e+00
-2.000000000000000000e+00 1.100000000000000000e+01
-1.000000000000000000e+00 5.700000000000000000e+01
0.000000000000000000e+00 1.364000000000000000e+03
1.000000000000000000e+00 1.060000000000000000e+02
2.000000000000000000e+00 1.500000000000000000e+02
3.000000000000000000e+00 2.300000000000000000e+02
4.000000000000000000e+00 1.173000000000000000e+03
5.000000000000000000e+00 8.516000000000000000e+03
6.000000000000000000e+00 5.909200000000000000e+04
7.000000000000000000e+00 1.005150000000000000e+05
8.000000000000000000e+00 1.176500000000000000e+05
9.000000000000000000e+00 1.331450000000000000e+05
1.000000000000000000e+01 1.483420000000000000e+05
1.100000000000000000e+01 1.549490000000000000e+05
1.200000000000000000e+01 1.601120000000000000e+05
1.300000000000000000e+01 1.704790000000000000e+05
1.400000000000000000e+01 1.913840000000000000e+05
1.500000000000000000e+01 2.273740000000000000e+05
1.600000000000000000e+01 2.833470000000000000e+05
1.700000000000000000e+01 3.627750000000000000e+05
1.800000000000000000e+01 4.623130000000000000e+05
1.900000000000000000e+01 5.808950000000000000e+05
2.000000000000000000e+01 7.146760000000000000e+05
2.100000000000000000e+01 8.577090000000000000e+05
2.200000000000000000e+01 1.007499000000000000e+06
2.300000000000000000e+01 1.131958000000000000e+06
2.400000000000000000e+01 1.229524000000000000e+06
2.500000000000000000e+01 1.268434000000000000e+06
2.600000000000000000e+01 1.250821000000000000e+06
2.700000000000000000e+01 1.179546000000000000e+06
2.800000000000000000e+01 1.077202000000000000e+06
2.900000000000000000e+01 9.593690000000000000e+05
3.000000000000000000e+01 8.358480000000000000e+05
3.100000000000000000e+01 7.112860000000000000e+05
3.200000000000000000e+01 5.938040000000000000e+05
3.300000000000000000e+01 4.871350000000000000e+05
3.400000000000000000e+01 3.891910000000000000e+05
3.500000000000000000e+01 3.017150000000000000e+05
3.600000000000000000e+01 2.229750000000000000e+05
3.700000000000000000e+01 1.562720000000000000e+05
3.800000000000000000e+01 1.043350000000000000e+05
3.900000000000000000e+01 6.532200000000000000e+04
4.000000000000000000e+01 3.781000000000000000e+04
4.100000000000000000e+01 2.026300000000000000e+04
4.200000000000000000e+01 9.982000000000000000e+03
4.300000000000000000e+01 4.677000000000000000e+03
4.400000000000000000e+01 2.128000000000000000e+03
4.500000000000000000e+01 8.990000000000000000e+02
4.600000000000000000e+01 3.970000000000000000e+02
4.700000000000000000e+01 2.010000000000000000e+02
4.800000000000000000e+01 1.030000000000000000e+02
4.900000000000000000e+01 1.220000000000000000e+02
5.000000000000000000e+01 5.000000000000000000e+01
5.100000000000000000e+01 7.700000000000000000e+01
5.200000000000000000e+01 4.600000000000000000e+01
5.300000000000000000e+01 8.300000000000000000e+01
5.400000000000000000e+01 2.600000000000000000e+01
5.500000000000000000e+01 6.300000000000000000e+01
5.600000000000000000e+01 2.700000000000000000e+01
5.700000000000000000e+01 5.300000000000000000e+01
5.800000000000000000e+01 1.900000000000000000e+01
5.900000000000000000e+01 4.000000000000000000e+01
6.000000000000000000e+01 1.000000000000000000e+01
6.100000000000000000e+01 2.500000000000000000e+01
6.200000000000000000e+01 9.000000000000000000e+00
6.300000000000000000e+01 2.100000000000000000e+01
6.400000000000000000e+01 1.600000000000000000e+01
6.500000000000000000e+01 1.200000000000000000e+01
6.600000000000000000e+01 1.800000000000000000e+01
6.700000000000000000e+01 1.900000000000000000e+01
6.800000000000000000e+01 1.300000000000000000e+01
6.900000000000000000e+01 1.100000000000000000e+01
7.000000000000000000e+01 9.000000000000000000e+00
7.100000000000000000e+01 1.000000000000000000e+01
7.200000000000000000e+01 7.000000000000000000e+00
7.300000000000000000e+01 4.000000000000000000e+00
7.400000000000000000e+01 8.000000000000000000e+00
7.500000000000000000e+01 3.000000000000000000e+00
7.600000000000000000e+01 5.000000000000000000e+00
7.700000000000000000e+01 3.000000000000000000e+00
8.000000000000000000e+01 1.000000000000000000e+00
8.100000000000000000e+01 1.000000000000000000e+00
8.200000000000000000e+01 1.000000000000000000e+00
8.400000000000000000e+01 2.000000000000000000e+00
8.500000000000000000e+01 1.000000000000000000e+00
1.030000000000000000e+02 1.000000000000000000e+00
1.110000000000000000e+02 1.000000000000000000e+00
1.160000000000000000e+02 1.000000000000000000e+00
1.170000000000000000e+02 1.000000000000000000e+00
1.210000000000000000e+02 1.000000000000000000e+00
1.670000000000000000e+02 1.000000000000000000e+00
2.260000000000000000e+02 1.000000000000000000e+00
2.620000000000000000e+02 1.000000000000000000e+00
2.870000000000000000e+02 1.000000000000000000e+00
5.860000000000000000e+02 1.000000000000000000e+00
6.410000000000000000e+02 1.000000000000000000e+00
