5.000000000000000000e+00 7.711300000000000000e+04
6.000000000000000000e+00 4.217720000000000000e+05
7.000000000000000000e+00 7.802410000000000000e+05
8.000000000000000000e+00 1.097454000000000000e+06
9.000000000000000000e+00 1.567970000000000000e+06
1.000000000000000000e+01 2.205452000000000000e+06
1.100000000000000000e+01 3.054349000000000000e+06
1.200000000000000000e+01 4.188318000000000000e+06
1.300000000000000000e+01 5.721444000000000000e+06
1.400000000000000000e+01 7.722455000000000000e+06
1.500000000000000000e+01 1.022139600000000000e+07
1.600000000000000000e+01 1.333885200000000000e+07
1.700000000000000000e+01 1.719623500000000000e+07
1.800000000000000000e+01 2.145135000000000000e+07
1.900000000000000000e+01 2.573241000000000000e+07
2.000000000000000000e+01 2.959938900000000000e+07
2.100000000000000000e+01 3.286196700000000000e+07
2.200000000000000000e+01 3.513216400000000000e+07
2.300000000000000000e+01 3.571076600000000000e+07
2.400000000000000000e+01 3.461973300000000000e+07
2.500000000000000000e+01 3.151741100000000000e+07
2.600000000000000000e+01 2.698001100000000000e+07
2.700000000000000000e+01 2.148671800000000000e+07
2.800000000000000000e+01 1.568840700000000000e+07
2.900000000000000000e+01 1.039712100000000000e+07
3.000000000000000000e+01 6.134297000000000000e+06
3.100000000000000000e+01 3.221359000000000000e+06
3.200000000000000000e+01 1.494561000000000000e+06
3.300000000000000000e+01 6.256310000000000000e+05
3.400000000000000000e+01 2.450820000000000000e+05
