-4.000000000000000000e+00 4.000000000000000000e+00
-3.000000000000000000e+00 4.000000000000000000e+00
-2.000000000000000000e+00 1.600000000000000000e+01
-1.000000000000000000e+00 6.100000000000000000e+01
0.000000000000000000e+00 1.374000000000000000e+03
1.000000000000000000e+00 1.170000000000000000e+02
2.000000000000000000e+00 1.430000000000000000e+02
3.000000000000000000e+00 2.830000000000000000e+02
4.000000000000000000e+00 1.598000000000000000e+03
5.000000000000000000e+00 1.118200000000000000e+04
6.000000000000000000e+00 7.601200000000000000e+04
7.000000000000000000e+00 1.323810000000000000e+05
8.000000000000000000e+00 1.593620000000000000e+05
9.000000000000000000e+00 1.893370000000000000e+05
1.000000000000000000e+01 2.188480000000000000e+05
1.100000000000000000e+01 2.382680000000000000e+05
1.200000000000000000e+01 2.499820000000000000e+05
1.300000000000000000e+01 2.583330000000000000e+05
1.400000000000000000e+01 2.661400000000000000e+05
1.500000000000000000e+01 2.774830000000000000e+05
1.600000000000000000e+01 2.958910000000000000e+05
1.700000000000000000e+01 3.286030000000000000e+05
1.800000000000000000e+01 3.722430000000000000e+05
1.900000000000000000e+01 4.299690000000000000e+05
2.000000000000000000e+01 5.072690000000000000e+05
2.100000000000000000e+01 5.995130000000000000e+05
2.200000000000000000e+01 7.017590000000000000e+05
2.300000000000000000e+01 8.000220000000000000e+05
2.400000000000000000e+01 8.822680000000000000e+05
2.500000000000000000e+01 9.235760000000000000e+05
2.600000000000000000e+01 9.242330000000000000e+05
2.700000000000000000e+01 8.915480000000000000e+05
2.800000000000000000e+01 8.421980000000000000e+05
2.900000000000000000e+01 7.857320000000000000e+05
3.000000000000000000e+01 7.301950000000000000e+05
3.100000000000000000e+01 6.774690000000000000e+05
3.200000000000000000e+01 6.288810000000000000e+05
3.300000000000000000e+01 5.840910000000000000e+05
3.400000000000000000e+01 5.438910000000000000e+05
3.500000000000000000e+01 5.073780000000000000e+05
3.600000000000000000e+01 4.717630000000000000e+05
3.700000000000000000e+01 4.369130000000000000e+05
3.800000000000000000e+01 4.021480000000000000e+05
3.900000000000000000e+01 3.666680000000000000e+05
4.000000000000000000e+01 3.332890000000000000e+05
4.100000000000000000e+01 2.956250000000000000e+05
4.200000000000000000e+01 2.612060000000000000e+05
4.300000000000000000e+01 2.247310000000000000e+05
4.400000000000000000e+01 1.884400000000000000e+05
4.500000000000000000e+01 1.542750000000000000e+05
4.600000000000000000e+01 1.220200000000000000e+05
4.700000000000000000e+01 9.227900000000000000e+04
4.800000000000000000e+01 6.788800000000000000e+04
4.900000000000000000e+01 4.691100000000000000e+04
5.000000000000000000e+01 3.090900000000000000e+04
5.100000000000000000e+01 1.953900000000000000e+04
5.200000000000000000e+01 1.185800000000000000e+04
5.300000000000000000e+01 6.682000000000000000e+03
5.400000000000000000e+01 3.634000000000000000e+03
5.500000000000000000e+01 2.008000000000000000e+03
5.600000000000000000e+01 1.053000000000000000e+03
5.700000000000000000e+01 5.520000000000000000e+02
5.800000000000000000e+01 2.780000000000000000e+02
5.900000000000000000e+01 1.810000000000000000e+02
6.000000000000000000e+01 9.400000000000000000e+01
6.100000000000000000e+01 7.400000000000000000e+01
6.200000000000000000e+01 4.500000000000000000e+01
6.300000000000000000e+01 4.300000000000000000e+01
6.400000000000000000e+01 4.100000000000000000e+01
6.500000000000000000e+01 2.800000000000000000e+01
6.600000000000000000e+01 2.200000000000000000e+01
6.700000000000000000e+01 2.100000000000000000e+01
6.800000000000000000e+01 2.200000000000000000e+01
6.900000000000000000e+01 1.300000000000000000e+01
7.000000000000000000e+01 1.700000000000000000e+01
7.100000000000000000e+01 1.200000000000000000e+01
7.200000000000000000e+01 1.100000000000000000e+01
7.300000000000000000e+01 2.000000000000000000e+01
7.400000000000000000e+01 1.800000000000000000e+01
7.500000000000000000e+01 1.100000000000000000e+01
7.600000000000000000e+01 1.700000000000000000e+01
7.700000000000000000e+01 5.000000000000000000e+00
7.800000000000000000e+01 1.500000000000000000e+01
7.900000000000000000e+01 3.000000000000000000e+00
8.000000000000000000e+01 1.200000000000000000e+01
8.100000000000000000e+01 6.000000000000000000e+00
8.200000000000000000e+01 7.000000000000000000e+00
8.300000000000000000e+01 6.000000000000000000e+00
8.400000000000000000e+01 1.100000000000000000e+01
8.500000000000000000e+01 3.000000000000000000e+00
8.600000000000000000e+01 3.000000000000000000e+00
8.700000000000000000e+01 1.000000000000000000e+00
8.800000000000000000e+01 3.000000000000000000e+00
9.000000000000000000e+01 5.000000000000000000e+00
9.100000000000000000e+01 4.000000000000000000e+00
9.200000000000000000e+01 3.000000000000000000e+00
9.300000000000000000e+01 3.000000000000000000e+00
9.400000000000000000e+01 4.000000000000000000e+00
9.500000000000000000e+01 1.000000000000000000e+00
9.600000000000000000e+01 3.000000000000000000e+00
9.700000000000000000e+01 1.000000000000000000e+00
9.800000000000000000e+01 1.000000000000000000e+00
9.900000000000000000e+01 1.000000000000000000e+00
1.000000000000000000e+02 1.000000000000000000e+00
1.020000000000000000e+02 1.000000000000000000e+00
1.130000000000000000e+02 1.000000000000000000e+00
1.180000000000000000e+02 1.000000000000000000e+00
1.390000000000000000e+02 1.000000000000000000e+00
1.650000000000000000e+02 1.000000000000000000e+00
1.680000000000000000e+02 1.000000000000000000e+00
1.920000000000000000e+02 1.000000000000000000e+00
3.500000000000000000e+02 1.000000000000000000e+00
4.740000000000000000e+02 1.000000000000000000e+00
4.890000000000000000e+02 1.000000000000000000e+00
8.450000000000000000e+02 1.000000000000000000e+00
2.179000000000000000e+03 1.000000000000000000e+00
