-4.000000000000000000e+00 7.000000000000000000e+00
-3.000000000000000000e+00 8.000000000000000000e+00
-2.000000000000000000e+00 2.000000000000000000e+01
-1.000000000000000000e+00 5.400000000000000000e+01
0.000000000000000000e+00 1.358000000000000000e+03
1.000000000000000000e+00 1.060000000000000000e+02
2.000000000000000000e+00 1.410000000000000000e+02
3.000000000000000000e+00 2.940000000000000000e+02
4.000000000000000000e+00 1.563000000000000000e+03
5.000000000000000000e+00 1.114900000000000000e+04
6.000000000000000000e+00 7.557800000000000000e+04
7.000000000000000000e+00 1.312290000000000000e+05
8.000000000000000000e+00 1.595690000000000000e+05
9.000000000000000000e+00 1.899720000000000000e+05
1.000000000000000000e+01 2.180390000000000000e+05
1.100000000000000000e+01 2.379980000000000000e+05
1.200000000000000000e+01 2.493080000000000000e+05
1.300000000000000000e+01 2.581940000000000000e+05
1.400000000000000000e+01 2.670210000000000000e+05
1.500000000000000000e+01 2.783300000000000000e+05
1.600000000000000000e+01 2.963380000000000000e+05
1.700000000000000000e+01 3.296150000000000000e+05
1.800000000000000000e+01 3.731890000000000000e+05
1.900000000000000000e+01 4.337030000000000000e+05
2.000000000000000000e+01 5.083220000000000000e+05
2.100000000000000000e+01 6.012810000000000000e+05
2.200000000000000000e+01 7.049120000000000000e+05
2.300000000000000000e+01 8.008030000000000000e+05
2.400000000000000000e+01 8.810330000000000000e+05
2.500000000000000000e+01 9.250250000000000000e+05
2.600000000000000000e+01 9.231870000000000000e+05
2.700000000000000000e+01 8.912320000000000000e+05
2.800000000000000000e+01 8.415580000000000000e+05
2.900000000000000000e+01 7.875740000000000000e+05
3.000000000000000000e+01 7.274460000000000000e+05
3.100000000000000000e+01 6.752010000000000000e+05
3.200000000000000000e+01 6.263060000000000000e+05
3.300000000000000000e+01 5.820950000000000000e+05
3.400000000000000000e+01 5.421160000000000000e+05
3.500000000000000000e+01 5.061300000000000000e+05
3.600000000000000000e+01 4.698540000000000000e+05
3.700000000000000000e+01 4.351980000000000000e+05
3.800000000000000000e+01 3.998390000000000000e+05
3.900000000000000000e+01 3.660920000000000000e+05
4.000000000000000000e+01 3.321750000000000000e+05
4.100000000000000000e+01 2.960660000000000000e+05
4.200000000000000000e+01 2.604650000000000000e+05
4.300000000000000000e+01 2.223250000000000000e+05
4.400000000000000000e+01 1.872670000000000000e+05
4.500000000000000000e+01 1.524720000000000000e+05
4.600000000000000000e+01 1.211500000000000000e+05
4.700000000000000000e+01 9.191300000000000000e+04
4.800000000000000000e+01 6.654400000000000000e+04
4.900000000000000000e+01 4.625200000000000000e+04
5.000000000000000000e+01 3.033700000000000000e+04
5.100000000000000000e+01 1.906600000000000000e+04
5.200000000000000000e+01 1.127200000000000000e+04
5.300000000000000000e+01 6.588000000000000000e+03
5.400000000000000000e+01 3.518000000000000000e+03
5.500000000000000000e+01 2.027000000000000000e+03
5.600000000000000000e+01 9.870000000000000000e+02
5.700000000000000000e+01 4.840000000000000000e+02
5.800000000000000000e+01 2.570000000000000000e+02
5.900000000000000000e+01 1.750000000000000000e+02
6.000000000000000000e+01 9.100000000000000000e+01
6.100000000000000000e+01 6.700000000000000000e+01
6.200000000000000000e+01 4.600000000000000000e+01
6.300000000000000000e+01 5.300000000000000000e+01
6.400000000000000000e+01 4.200000000000000000e+01
6.500000000000000000e+01 2.800000000000000000e+01
6.600000000000000000e+01 1.900000000000000000e+01
6.700000000000000000e+01 2.300000000000000000e+01
6.800000000000000000e+01 2.700000000000000000e+01
6.900000000000000000e+01 1.900000000000000000e+01
7.000000000000000000e+01 1.000000000000000000e+01
7.100000000000000000e+01 1.600000000000000000e+01
7.200000000000000000e+01 1.500000000000000000e+01
7.300000000000000000e+01 1.500000000000000000e+01
7.400000000000000000e+01 1.200000000000000000e+01
7.500000000000000000e+01 9.000000000000000000e+00
7.600000000000000000e+01 1.900000000000000000e+01
7.700000000000000000e+01 6.000000000000000000e+00
7.800000000000000000e+01 2.200000000000000000e+01
7.900000000000000000e+01 8.000000000000000000e+00
8.000000000000000000e+01 1.100000000000000000e+01
8.100000000000000000e+01 5.000000000000000000e+00
8.200000000000000000e+01 8.000000000000000000e+00
8.300000000000000000e+01 1.000000000000000000e+00
8.400000000000000000e+01 1.300000000000000000e+01
8.500000000000000000e+01 3.000000000000000000e+00
8.600000000000000000e+01 6.000000000000000000e+00
8.700000000000000000e+01 6.000000000000000000e+00
8.800000000000000000e+01 6.000000000000000000e+00
8.900000000000000000e+01 5.000000000000000000e+00
9.000000000000000000e+01 3.000000000000000000e+00
9.100000000000000000e+01 8.000000000000000000e+00
9.200000000000000000e+01 4.000000000000000000e+00
9.300000000000000000e+01 4.000000000000000000e+00
9.400000000000000000e+01 3.000000000000000000e+00
9.500000000000000000e+01 3.000000000000000000e+00
9.600000000000000000e+01 1.000000000000000000e+00
9.800000000000000000e+01 2.000000000000000000e+00
1.010000000000000000e+02 3.000000000000000000e+00
1.030000000000000000e+02 1.000000000000000000e+00
1.050000000000000000e+02 1.000000000000000000e+00
1.070000000000000000e+02 2.000000000000000000e+00
1.410000000000000000e+02 1.000000000000000000e+00
2.070000000000000000e+02 1.000000000000000000e+00
4.210000000000000000e+02 1.000000000000000000e+00
4.900000000000000000e+02 1.000000000000000000e+00
5.320000000000000000e+02 1.000000000000000000e+00
9.190000000000000000e+02 1.000000000000000000e+00
