-4.000000000000000000e+00 7.000000000000000000e+00
-3.000000000000000000e+00 2.000000000000000000e+00
-2.000000000000000000e+00 1.600000000000000000e+01
-1.000000000000000000e+00 5.100000000000000000e+01
0.000000000000000000e+00 1.382000000000000000e+03
1.000000000000000000e+00 1.090000000000000000e+02
2.000000000000000000e+00 1.450000000000000000e+02
3.000000000000000000e+00 2.120000000000000000e+02
4.000000000000000000e+00 1.140000000000000000e+03
5.000000000000000000e+00 8.362000000000000000e+03
6.000000000000000000e+00 5.863500000000000000e+04
7.000000000000000000e+00 9.918700000000000000e+04
8.000000000000000000e+00 1.158870000000000000e+05
9.000000000000000000e+00 1.313240000000000000e+05
1.000000000000000000e+01 1.457940000000000000e+05
1.100000000000000000e+01 1.534540000000000000e+05
1.200000000000000000e+01 1.587840000000000000e+05
1.300000000000000000e+01 1.676510000000000000e+05
1.400000000000000000e+01 1.887760000000000000e+05
1.500000000000000000e+01 2.236010000000000000e+05
1.600000000000000000e+01 2.794060000000000000e+05
1.700000000000000000e+01 3.568350000000000000e+05
1.800000000000000000e+01 4.554270000000000000e+05
1.900000000000000000e+01 5.717890000000000000e+05
2.000000000000000000e+01 7.049870000000000000e+05
2.100000000000000000e+01 8.474460000000000000e+05
2.200000000000000000e+01 9.909970000000000000e+05
2.300000000000000000e+01 1.117671000000000000e+06
2.400000000000000000e+01 1.213286000000000000e+06
2.500000000000000000e+01 1.255329000000000000e+06
2.600000000000000000e+01 1.234606000000000000e+06
2.700000000000000000e+01 1.167556000000000000e+06
2.800000000000000000e+01 1.067778000000000000e+06
2.900000000000000000e+01 9.499360000000000000e+05
3.000000000000000000e+01 8.260270000000000000e+05
3.100000000000000000e+01 7.045940000000000000e+05
3.200000000000000000e+01 5.889180000000000000e+05
3.300000000000000000e+01 4.842350000000000000e+05
3.400000000000000000e+01 3.855580000000000000e+05
3.500000000000000000e+01 2.995250000000000000e+05
3.600000000000000000e+01 2.223450000000000000e+05
3.700000000000000000e+01 1.559180000000000000e+05
3.800000000000000000e+01 1.042260000000000000e+05
3.900000000000000000e+01 6.476300000000000000e+04
4.000000000000000000e+01 3.769800000000000000e+04
4.100000000000000000e+01 2.039200000000000000e+04
4.200000000000000000e+01 1.022800000000000000e+04
4.300000000000000000e+01 4.593000000000000000e+03
4.400000000000000000e+01 2.026000000000000000e+03
4.500000000000000000e+01 9.240000000000000000e+02
4.600000000000000000e+01 3.950000000000000000e+02
4.700000000000000000e+01 1.980000000000000000e+02
4.800000000000000000e+01 8.900000000000000000e+01
4.900000000000000000e+01 1.230000000000000000e+02
5.000000000000000000e+01 4.000000000000000000e+01
5.100000000000000000e+01 7.400000000000000000e+01
5.200000000000000000e+01 4.800000000000000000e+01
5.300000000000000000e+01 5.900000000000000000e+01
5.400000000000000000e+01 3.500000000000000000e+01
5.500000000000000000e+01 5.900000000000000000e+01
5.600000000000000000e+01 2.500000000000000000e+01
5.700000000000000000e+01 4.500000000000000000e+01
5.800000000000000000e+01 1.500000000000000000e+01
5.900000000000000000e+01 4.400000000000000000e+01
6.000000000000000000e+01 1.100000000000000000e+01
6.100000000000000000e+01 3.000000000000000000e+01
6.200000000000000000e+01 8.000000000000000000e+00
6.300000000000000000e+01 3.100000000000000000e+01
6.400000000000000000e+01 1.600000000000000000e+01
6.500000000000000000e+01 1.800000000000000000e+01
6.600000000000000000e+01 9.000000000000000000e+00
6.700000000000000000e+01 1.600000000000000000e+01
6.800000000000000000e+01 1.200000000000000000e+01
6.900000000000000000e+01 9.000000000000000000e+00
7.000000000000000000e+01 5.000000000000000000e+00
7.100000000000000000e+01 5.000000000000000000e+00
7.200000000000000000e+01 5.000000000000000000e+00
7.300000000000000000e+01 6.000000000000000000e+00
7.400000000000000000e+01 2.000000000000000000e+00
7.500000000000000000e+01 2.000000000000000000e+00
7.600000000000000000e+01 4.000000000000000000e+00
7.700000000000000000e+01 1.000000000000000000e+00
7.800000000000000000e+01 5.000000000000000000e+00
7.900000000000000000e+01 1.000000000000000000e+00
8.000000000000000000e+01 2.000000000000000000e+00
8.100000000000000000e+01 3.000000000000000000e+00
8.200000000000000000e+01 2.000000000000000000e+00
8.400000000000000000e+01 1.000000000000000000e+00
9.400000000000000000e+01 1.000000000000000000e+00
1.340000000000000000e+02 1.000000000000000000e+00
1.470000000000000000e+02 1.000000000000000000e+00
1.790000000000000000e+02 1.000000000000000000e+00
2.100000000000000000e+02 1.000000000000000000e+00
9.530000000000000000e+02 1.000000000000000000e+00
1.098000000000000000e+03 1.000000000000000000e+00
