-4.000000000000000000e+00 3.000000000000000000e+00
-3.000000000000000000e+00 3.000000000000000000e+00
-2.000000000000000000e+00 4.000000000000000000e+00
-1.000000000000000000e+00 2.700000000000000000e+01
0.000000000000000000e+00 1.339000000000000000e+03
1.000000000000000000e+00 5.500000000000000000e+01
2.000000000000000000e+00 9.600000000000000000e+01
3.000000000000000000e+00 1.410000000000000000e+02
4.000000000000000000e+00 9.650000000000000000e+02
5.000000000000000000e+00 6.666000000000000000e+03
6.000000000000000000e+00 4.598100000000000000e+04
7.000000000000000000e+00 7.928400000000000000e+04
8.000000000000000000e+00 9.580600000000000000e+04
9.000000000000000000e+00 1.135600000000000000e+05
1.000000000000000000e+01 1.313530000000000000e+05
1.100000000000000000e+01 1.433270000000000000e+05
1.200000000000000000e+01 1.503310000000000000e+05
1.300000000000000000e+01 1.551980000000000000e+05
1.400000000000000000e+01 1.607160000000000000e+05
1.500000000000000000e+01 1.669150000000000000e+05
1.600000000000000000e+01 1.779470000000000000e+05
1.700000000000000000e+01 1.973390000000000000e+05
1.800000000000000000e+01 2.256390000000000000e+05
1.900000000000000000e+01 2.611100000000000000e+05
2.000000000000000000e+01 3.043420000000000000e+05
2.100000000000000000e+01 3.610620000000000000e+05
2.200000000000000000e+01 4.245070000000000000e+05
2.300000000000000000e+01 4.812440000000000000e+05
2.400000000000000000e+01 5.311140000000000000e+05
2.500000000000000000e+01 5.552540000000000000e+05
2.600000000000000000e+01 5.563220000000000000e+05
2.700000000000000000e+01 5.351810000000000000e+05
2.800000000000000000e+01 5.053780000000000000e+05
2.900000000000000000e+01 4.739090000000000000e+05
3.000000000000000000e+01 4.374000000000000000e+05
3.100000000000000000e+01 4.062830000000000000e+05
3.200000000000000000e+01 3.761270000000000000e+05
3.300000000000000000e+01 3.504960000000000000e+05
3.400000000000000000e+01 3.260030000000000000e+05
3.500000000000000000e+01 3.039620000000000000e+05
3.600000000000000000e+01 2.816780000000000000e+05
3.700000000000000000e+01 2.616900000000000000e+05
3.800000000000000000e+01 2.403200000000000000e+05
3.900000000000000000e+01 2.204780000000000000e+05
4.000000000000000000e+01 1.991630000000000000e+05
4.100000000000000000e+01 1.776980000000000000e+05
4.200000000000000000e+01 1.560650000000000000e+05
4.300000000000000000e+01 1.336230000000000000e+05
4.400000000000000000e+01 1.121550000000000000e+05
4.500000000000000000e+01 9.127500000000000000e+04
4.600000000000000000e+01 7.248700000000000000e+04
4.700000000000000000e+01 5.489100000000000000e+04
4.800000000000000000e+01 4.039400000000000000e+04
4.900000000000000000e+01 2.799800000000000000e+04
5.000000000000000000e+01 1.850200000000000000e+04
5.100000000000000000e+01 1.152800000000000000e+04
5.200000000000000000e+01 6.880000000000000000e+03
5.300000000000000000e+01 3.801000000000000000e+03
5.400000000000000000e+01 2.202000000000000000e+03
5.500000000000000000e+01 1.182000000000000000e+03
5.600000000000000000e+01 5.920000000000000000e+02
5.700000000000000000e+01 3.470000000000000000e+02
5.800000000000000000e+01 1.580000000000000000e+02
5.900000000000000000e+01 8.800000000000000000e+01
6.000000000000000000e+01 6.000000000000000000e+01
6.100000000000000000e+01 5.000000000000000000e+01
6.200000000000000000e+01 1.600000000000000000e+01
6.300000000000000000e+01 4.000000000000000000e+01
6.400000000000000000e+01 1.700000000000000000e+01
6.500000000000000000e+01 1.500000000000000000e+01
6.600000000000000000e+01 1.800000000000000000e+01
6.700000000000000000e+01 9.000000000000000000e+00
6.800000000000000000e+01 1.300000000000000000e+01
6.900000000000000000e+01 1.400000000000000000e+01
7.000000000000000000e+01 2.200000000000000000e+01
7.100000000000000000e+01 1.000000000000000000e+01
7.200000000000000000e+01 8.000000000000000000e+00
7.300000000000000000e+01 1.100000000000000000e+01
7.400000000000000000e+01 1.200000000000000000e+01
7.500000000000000000e+01 1.000000000000000000e+00
7.600000000000000000e+01 9.000000000000000000e+00
7.700000000000000000e+01 6.000000000000000000e+00
7.800000000000000000e+01 7.000000000000000000e+00
7.900000000000000000e+01 3.000000000000000000e+00
8.000000000000000000e+01 4.000000000000000000e+00
8.100000000000000000e+01 5.000000000000000000e+00
8.200000000000000000e+01 6.000000000000000000e+00
8.300000000000000000e+01 2.000000000000000000e+00
8.400000000000000000e+01 7.000000000000000000e+00
8.500000000000000000e+01 5.000000000000000000e+00
8.600000000000000000e+01 4.000000000000000000e+00
8.700000000000000000e+01 4.000000000000000000e+00
8.800000000000000000e+01 3.000000000000000000e+00
8.900000000000000000e+01 3.000000000000000000e+00
9.000000000000000000e+01 5.000000000000000000e+00
9.100000000000000000e+01 5.000000000000000000e+00
9.200000000000000000e+01 3.000000000000000000e+00
9.400000000000000000e+01 4.000000000000000000e+00
9.500000000000000000e+01 1.000000000000000000e+00
9.700000000000000000e+01 1.000000000000000000e+00
9.800000000000000000e+01 1.000000000000000000e+00
1.010000000000000000e+02 1.000000000000000000e+00
1.030000000000000000e+02 1.000000000000000000e+00
1.050000000000000000e+02 2.000000000000000000e+00
1.060000000000000000e+02 1.000000000000000000e+00
1.090000000000000000e+02 1.000000000000000000e+00
1.170000000000000000e+02 1.000000000000000000e+00
3.100000000000000000e+02 1.000000000000000000e+00
5.950000000000000000e+02 1.000000000000000000e+00
1.663000000000000000e+03 1.000000000000000000e+00
