-4.000000000000000000e+00 4.000000000000000000e+00
-3.000000000000000000e+00 3.000000000000000000e+00
-2.000000000000000000e+00 1.500000000000000000e+01
-1.000000000000000000e+00 6.300000000000000000e+01
0.000000000000000000e+00 1.371000000000000000e+03
1.000000000000000000e+00 1.360000000000000000e+02
2.000000000000000000e+00 1.830000000000000000e+02
3.000000000000000000e+00 3.150000000000000000e+02
4.000000000000000000e+00 1.452000000000000000e+03
5.000000000000000000e+00 1.111800000000000000e+04
6.000000000000000000e+00 7.853600000000000000e+04
7.000000000000000000e+00 1.364000000000000000e+05
8.000000000000000000e+00 1.640500000000000000e+05
9.000000000000000000e+00 1.938710000000000000e+05
1.000000000000000000e+01 2.242600000000000000e+05
1.100000000000000000e+01 2.454130000000000000e+05
1.200000000000000000e+01 2.578180000000000000e+05
1.300000000000000000e+01 2.680940000000000000e+05
1.400000000000000000e+01 2.806940000000000000e+05
1.500000000000000000e+01 2.988100000000000000e+05
1.600000000000000000e+01 3.254780000000000000e+05
1.700000000000000000e+01 3.689630000000000000e+05
1.800000000000000000e+01 4.248860000000000000e+05
1.900000000000000000e+01 4.980690000000000000e+05
2.000000000000000000e+01 5.881270000000000000e+05
2.100000000000000000e+01 6.940060000000000000e+05
2.200000000000000000e+01 8.089130000000000000e+05
2.300000000000000000e+01 9.157880000000000000e+05
2.400000000000000000e+01 9.970230000000000000e+05
2.500000000000000000e+01 1.034431000000000000e+06
2.600000000000000000e+01 1.023375000000000000e+06
2.700000000000000000e+01 9.775680000000000000e+05
2.800000000000000000e+01 9.136720000000000000e+05
2.900000000000000000e+01 8.418500000000000000e+05
3.000000000000000000e+01 7.714340000000000000e+05
3.100000000000000000e+01 7.062460000000000000e+05
3.200000000000000000e+01 6.468050000000000000e+05
3.300000000000000000e+01 5.949010000000000000e+05
3.400000000000000000e+01 5.497020000000000000e+05
3.500000000000000000e+01 5.070530000000000000e+05
3.600000000000000000e+01 4.670910000000000000e+05
3.700000000000000000e+01 4.265240000000000000e+05
3.800000000000000000e+01 3.918180000000000000e+05
3.900000000000000000e+01 3.556280000000000000e+05
4.000000000000000000e+01 3.196350000000000000e+05
4.100000000000000000e+01 2.838390000000000000e+05
4.200000000000000000e+01 2.471420000000000000e+05
4.300000000000000000e+01 2.113440000000000000e+05
4.400000000000000000e+01 1.752260000000000000e+05
4.500000000000000000e+01 1.433610000000000000e+05
4.600000000000000000e+01 1.124170000000000000e+05
4.700000000000000000e+01 8.526700000000000000e+04
4.800000000000000000e+01 6.116300000000000000e+04
4.900000000000000000e+01 4.241600000000000000e+04
5.000000000000000000e+01 2.796900000000000000e+04
5.100000000000000000e+01 1.728600000000000000e+04
5.200000000000000000e+01 1.035700000000000000e+04
5.300000000000000000e+01 5.944000000000000000e+03
5.400000000000000000e+01 3.232000000000000000e+03
5.500000000000000000e+01 1.746000000000000000e+03
5.600000000000000000e+01 9.000000000000000000e+02
5.700000000000000000e+01 4.830000000000000000e+02
5.800000000000000000e+01 2.590000000000000000e+02
5.900000000000000000e+01 1.780000000000000000e+02
6.000000000000000000e+01 8.500000000000000000e+01
6.100000000000000000e+01 8.300000000000000000e+01
6.200000000000000000e+01 5.300000000000000000e+01
6.300000000000000000e+01 5.600000000000000000e+01
6.400000000000000000e+01 4.500000000000000000e+01
6.500000000000000000e+01 3.100000000000000000e+01
6.600000000000000000e+01 2.500000000000000000e+01
6.700000000000000000e+01 3.300000000000000000e+01
6.800000000000000000e+01 2.900000000000000000e+01
6.900000000000000000e+01 2.000000000000000000e+01
7.000000000000000000e+01 1.700000000000000000e+01
7.100000000000000000e+01 2.300000000000000000e+01
7.200000000000000000e+01 2.100000000000000000e+01
7.300000000000000000e+01 2.000000000000000000e+01
7.400000000000000000e+01 2.500000000000000000e+01
7.500000000000000000e+01 4.000000000000000000e+00
7.600000000000000000e+01 1.800000000000000000e+01
7.700000000000000000e+01 7.000000000000000000e+00
7.800000000000000000e+01 1.900000000000000000e+01
7.900000000000000000e+01 8.000000000000000000e+00
8.000000000000000000e+01 1.200000000000000000e+01
8.100000000000000000e+01 3.000000000000000000e+00
8.200000000000000000e+01 2.000000000000000000e+01
8.300000000000000000e+01 3.000000000000000000e+00
8.400000000000000000e+01 1.000000000000000000e+01
8.500000000000000000e+01 5.000000000000000000e+00
8.600000000000000000e+01 7.000000000000000000e+00
8.700000000000000000e+01 4.000000000000000000e+00
8.800000000000000000e+01 6.000000000000000000e+00
8.900000000000000000e+01 7.000000000000000000e+00
9.000000000000000000e+01 1.000000000000000000e+00
9.100000000000000000e+01 1.000000000000000000e+00
9.200000000000000000e+01 9.000000000000000000e+00
9.300000000000000000e+01 1.000000000000000000e+00
9.400000000000000000e+01 2.000000000000000000e+00
9.500000000000000000e+01 1.000000000000000000e+00
9.600000000000000000e+01 1.000000000000000000e+00
9.700000000000000000e+01 2.000000000000000000e+00
9.800000000000000000e+01 1.000000000000000000e+00
9.900000000000000000e+01 2.000000000000000000e+00
1.010000000000000000e+02 1.000000000000000000e+00
1.040000000000000000e+02 1.000000000000000000e+00
1.070000000000000000e+02 1.000000000000000000e+00
1.090000000000000000e+02 1.000000000000000000e+00
1.990000000000000000e+02 1.000000000000000000e+00
2.020000000000000000e+02 1.000000000000000000e+00
2.430000000000000000e+02 1.000000000000000000e+00
2.510000000000000000e+02 1.000000000000000000e+00
4.090000000000000000e+02 1.000000000000000000e+00
9.300000000000000000e+02 1.000000000000000000e+00
