-4.000000000000000000e+00 4.000000000000000000e+00
-3.000000000000000000e+00 3.000000000000000000e+00
-2.000000000000000000e+00 1.400000000000000000e+01
-1.000000000000000000e+00 6.400000000000000000e+01
0.000000000000000000e+00 1.345000000000000000e+03
1.000000000000000000e+00 1.030000000000000000e+02
2.000000000000000000e+00 1.620000000000000000e+02
3.000000000000000000e+00 2.920000000000000000e+02
4.000000000000000000e+00 1.531000000000000000e+03
5.000000000000000000e+00 1.112100000000000000e+04
6.000000000000000000e+00 7.624500000000000000e+04
7.000000000000000000e+00 1.318570000000000000e+05
8.000000000000000000e+00 1.599330000000000000e+05
9.000000000000000000e+00 1.891680000000000000e+05
1.000000000000000000e+01 2.189720000000000000e+05
1.100000000000000000e+01 2.383760000000000000e+05
1.200000000000000000e+01 2.513140000000000000e+05
1.300000000000000000e+01 2.599070000000000000e+05
1.400000000000000000e+01 2.688340000000000000e+05
1.500000000000000000e+01 2.790020000000000000e+05
1.600000000000000000e+01 2.988020000000000000e+05
1.700000000000000000e+01 3.319390000000000000e+05
1.800000000000000000e+01 3.773670000000000000e+05
1.900000000000000000e+01 4.363690000000000000e+05
2.000000000000000000e+01 5.138900000000000000e+05
2.100000000000000000e+01 6.056700000000000000e+05
2.200000000000000000e+01 7.113010000000000000e+05
2.300000000000000000e+01 8.066280000000000000e+05
2.400000000000000000e+01 8.859230000000000000e+05
2.500000000000000000e+01 9.267000000000000000e+05
2.600000000000000000e+01 9.242370000000000000e+05
2.700000000000000000e+01 8.900490000000000000e+05
2.800000000000000000e+01 8.407460000000000000e+05
2.900000000000000000e+01 7.831740000000000000e+05
3.000000000000000000e+01 7.275200000000000000e+05
3.100000000000000000e+01 6.736930000000000000e+05
3.200000000000000000e+01 6.270360000000000000e+05
3.300000000000000000e+01 5.806560000000000000e+05
3.400000000000000000e+01 5.414500000000000000e+05
3.500000000000000000e+01 5.027780000000000000e+05
3.600000000000000000e+01 4.690820000000000000e+05
3.700000000000000000e+01 4.337830000000000000e+05
3.800000000000000000e+01 3.987700000000000000e+05
3.900000000000000000e+01 3.654310000000000000e+05
4.000000000000000000e+01 3.292890000000000000e+05
4.100000000000000000e+01 2.941220000000000000e+05
4.200000000000000000e+01 2.580820000000000000e+05
4.300000000000000000e+01 2.208320000000000000e+05
4.400000000000000000e+01 1.861860000000000000e+05
4.500000000000000000e+01 1.508760000000000000e+05
4.600000000000000000e+01 1.185270000000000000e+05
4.700000000000000000e+01 9.004000000000000000e+04
4.800000000000000000e+01 6.515800000000000000e+04
4.900000000000000000e+01 4.504400000000000000e+04
5.000000000000000000e+01 2.929500000000000000e+04
5.100000000000000000e+01 1.874100000000000000e+04
5.200000000000000000e+01 1.107300000000000000e+04
5.300000000000000000e+01 6.314000000000000000e+03
5.400000000000000000e+01 3.374000000000000000e+03
5.500000000000000000e+01 1.829000000000000000e+03
5.600000000000000000e+01 9.290000000000000000e+02
5.700000000000000000e+01 4.770000000000000000e+02
5.800000000000000000e+01 2.680000000000000000e+02
5.900000000000000000e+01 1.490000000000000000e+02
6.000000000000000000e+01 1.090000000000000000e+02
6.100000000000000000e+01 7.600000000000000000e+01
6.200000000000000000e+01 4.500000000000000000e+01
6.300000000000000000e+01 3.700000000000000000e+01
6.400000000000000000e+01 3.900000000000000000e+01
6.500000000000000000e+01 2.200000000000000000e+01
6.600000000000000000e+01 3.500000000000000000e+01
6.700000000000000000e+01 2.500000000000000000e+01
6.800000000000000000e+01 2.400000000000000000e+01
6.900000000000000000e+01 1.800000000000000000e+01
7.000000000000000000e+01 1.200000000000000000e+01
7.100000000000000000e+01 1.300000000000000000e+01
7.200000000000000000e+01 1.600000000000000000e+01
7.300000000000000000e+01 2.100000000000000000e+01
7.400000000000000000e+01 1.000000000000000000e+01
7.500000000000000000e+01 6.000000000000000000e+00
7.600000000000000000e+01 1.800000000000000000e+01
7.700000000000000000e+01 1.300000000000000000e+01
7.800000000000000000e+01 1.100000000000000000e+01
7.900000000000000000e+01 6.000000000000000000e+00
8.000000000000000000e+01 1.400000000000000000e+01
8.100000000000000000e+01 2.000000000000000000e+00
8.200000000000000000e+01 8.000000000000000000e+00
8.300000000000000000e+01 3.000000000000000000e+00
8.400000000000000000e+01 6.000000000000000000e+00
8.600000000000000000e+01 5.000000000000000000e+00
8.700000000000000000e+01 6.000000000000000000e+00
8.800000000000000000e+01 3.000000000000000000e+00
8.900000000000000000e+01 6.000000000000000000e+00
9.000000000000000000e+01 4.000000000000000000e+00
9.100000000000000000e+01 5.000000000000000000e+00
9.300000000000000000e+01 2.000000000000000000e+00
9.400000000000000000e+01 2.000000000000000000e+00
9.500000000000000000e+01 1.000000000000000000e+00
9.600000000000000000e+01 3.000000000000000000e+00
9.700000000000000000e+01 1.000000000000000000e+00
9.800000000000000000e+01 2.000000000000000000e+00
9.900000000000000000e+01 1.000000000000000000e+00
1.000000000000000000e+02 1.000000000000000000e+00
1.030000000000000000e+02 3.000000000000000000e+00
1.040000000000000000e+02 1.000000000000000000e+00
1.070000000000000000e+02 1.000000000000000000e+00
1.820000000000000000e+02 1.000000000000000000e+00
1.890000000000000000e+02 1.000000000000000000e+00
2.000000000000000000e+02 1.000000000000000000e+00
2.310000000000000000e+02 1.000000000000000000e+00
3.160000000000000000e+02 1.000000000000000000e+00
5.730000000000000000e+02 1.000000000000000000e+00
1.272000000000000000e+03 1.000000000000000000e+00
