-4.000000000000000000e+00 4.000000000000000000e+00
-3.000000000000000000e+00 7.000000000000000000e+00
-2.000000000000000000e+00 1.600000000000000000e+01
-1.000000000000000000e+00 5.200000000000000000e+01
0.000000000000000000e+00 1.369000000000000000e+03
1.000000000000000000e+00 1.010000000000000000e+02
2.000000000000000000e+00 1.690000000000000000e+02
3.000000000000000000e+00 2.660000000000000000e+02
4.000000000000000000e+00 1.630000000000000000e+03
5.000000000000000000e+00 1.100600000000000000e+04
6.000000000000000000e+00 7.603500000000000000e+04
7.000000000000000000e+00 1.320840000000000000e+05
8.000000000000000000e+00 1.593520000000000000e+05
9.000000000000000000e+00 1.887370000000000000e+05
1.000000000000000000e+01 2.177680000000000000e+05
1.100000000000000000e+01 2.388210000000000000e+05
1.200000000000000000e+01 2.504830000000000000e+05
1.300000000000000000e+01 2.596050000000000000e+05
1.400000000000000000e+01 2.673920000000000000e+05
1.500000000000000000e+01 2.791020000000000000e+05
1.600000000000000000e+01 2.975910000000000000e+05
1.700000000000000000e+01 3.297400000000000000e+05
1.800000000000000000e+01 3.743220000000000000e+05
1.900000000000000000e+01 4.332990000000000000e+05
2.000000000000000000e+01 5.099830000000000000e+05
2.100000000000000000e+01 6.026490000000000000e+05
2.200000000000000000e+01 7.052810000000000000e+05
2.300000000000000000e+01 8.011110000000000000e+05
2.400000000000000000e+01 8.829690000000000000e+05
2.500000000000000000e+01 9.253470000000000000e+05
2.600000000000000000e+01 9.229680000000000000e+05
2.700000000000000000e+01 8.912820000000000000e+05
2.800000000000000000e+01 8.413600000000000000e+05
2.900000000000000000e+01 7.878670000000000000e+05
3.000000000000000000e+01 7.291420000000000000e+05
3.100000000000000000e+01 6.757750000000000000e+05
3.200000000000000000e+01 6.293220000000000000e+05
3.300000000000000000e+01 5.832440000000000000e+05
3.400000000000000000e+01 5.439410000000000000e+05
3.500000000000000000e+01 5.066280000000000000e+05
3.600000000000000000e+01 4.694300000000000000e+05
3.700000000000000000e+01 4.354970000000000000e+05
3.800000000000000000e+01 4.009060000000000000e+05
3.900000000000000000e+01 3.667080000000000000e+05
4.000000000000000000e+01 3.326470000000000000e+05
4.100000000000000000e+01 2.956050000000000000e+05
4.200000000000000000e+01 2.608650000000000000e+05
4.300000000000000000e+01 2.224160000000000000e+05
4.400000000000000000e+01 1.877040000000000000e+05
4.500000000000000000e+01 1.530890000000000000e+05
4.600000000000000000e+01 1.201310000000000000e+05
4.700000000000000000e+01 9.206500000000000000e+04
4.800000000000000000e+01 6.665100000000000000e+04
4.900000000000000000e+01 4.657700000000000000e+04
5.000000000000000000e+01 3.056900000000000000e+04
5.100000000000000000e+01 1.891000000000000000e+04
5.200000000000000000e+01 1.134400000000000000e+04
5.300000000000000000e+01 6.649000000000000000e+03
5.400000000000000000e+01 3.582000000000000000e+03
5.500000000000000000e+01 1.869000000000000000e+03
5.600000000000000000e+01 1.020000000000000000e+03
5.700000000000000000e+01 5.460000000000000000e+02
5.800000000000000000e+01 2.700000000000000000e+02
5.900000000000000000e+01 1.430000000000000000e+02
6.000000000000000000e+01 7.700000000000000000e+01
6.100000000000000000e+01 9.600000000000000000e+01
6.200000000000000000e+01 3.600000000000000000e+01
6.300000000000000000e+01 4.800000000000000000e+01
6.400000000000000000e+01 2.400000000000000000e+01
6.500000000000000000e+01 2.800000000000000000e+01
6.600000000000000000e+01 3.100000000000000000e+01
6.700000000000000000e+01 2.600000000000000000e+01
6.800000000000000000e+01 2.100000000000000000e+01
6.900000000000000000e+01 1.900000000000000000e+01
7.000000000000000000e+01 1.000000000000000000e+01
7.100000000000000000e+01 1.400000000000000000e+01
7.200000000000000000e+01 1.700000000000000000e+01
7.300000000000000000e+01 2.500000000000000000e+01
7.400000000000000000e+01 1.600000000000000000e+01
7.500000000000000000e+01 8.000000000000000000e+00
7.600000000000000000e+01 1.700000000000000000e+01
7.700000000000000000e+01 8.000000000000000000e+00
7.800000000000000000e+01 1.500000000000000000e+01
7.900000000000000000e+01 7.000000000000000000e+00
8.000000000000000000e+01 1.500000000000000000e+01
8.100000000000000000e+01 3.000000000000000000e+00
8.200000000000000000e+01 1.500000000000000000e+01
8.300000000000000000e+01 1.000000000000000000e+00
8.400000000000000000e+01 1.300000000000000000e+01
8.500000000000000000e+01 1.000000000000000000e+00
8.600000000000000000e+01 7.000000000000000000e+00
8.700000000000000000e+01 4.000000000000000000e+00
8.800000000000000000e+01 8.000000000000000000e+00
8.900000000000000000e+01 3.000000000000000000e+00
9.000000000000000000e+01 6.000000000000000000e+00
9.100000000000000000e+01 4.000000000000000000e+00
9.200000000000000000e+01 2.000000000000000000e+00
9.300000000000000000e+01 4.000000000000000000e+00
9.400000000000000000e+01 6.000000000000000000e+00
9.500000000000000000e+01 3.000000000000000000e+00
9.600000000000000000e+01 3.000000000000000000e+00
9.700000000000000000e+01 2.000000000000000000e+00
9.800000000000000000e+01 1.000000000000000000e+00
1.010000000000000000e+02 3.000000000000000000e+00
1.030000000000000000e+02 1.000000000000000000e+00
1.050000000000000000e+02 1.000000000000000000e+00
1.140000000000000000e+02 1.000000000000000000e+00
1.170000000000000000e+02 2.000000000000000000e+00
1.270000000000000000e+02 1.000000000000000000e+00
1.570000000000000000e+02 1.000000000000000000e+00
1.670000000000000000e+02 1.000000000000000000e+00
1.680000000000000000e+02 1.000000000000000000e+00
5.620000000000000000e+02 1.000000000000000000e+00
1.883000000000000000e+03 1.000000000000000000e+00
