-4.000000000000000000e+00 5.000000000000000000e+00
-3.000000000000000000e+00 9.000000000000000000e+00
-2.000000000000000000e+00 1.200000000000000000e+01
-1.000000000000000000e+00 4.900000000000000000e+01
0.000000000000000000e+00 1.350000000000000000e+03
1.000000000000000000e+00 1.100000000000000000e+02
2.000000000000000000e+00 1.550000000000000000e+02
3.000000000000000000e+00 3.070000000000000000e+02
4.000000000000000000e+00 1.648000000000000000e+03
5.000000000000000000e+00 1.109400000000000000e+04
6.000000000000000000e+00 7.539800000000000000e+04
7.000000000000000000e+00 1.322130000000000000e+05
8.000000000000000000e+00 1.593640000000000000e+05
9.000000000000000000e+00 1.895990000000000000e+05
1.000000000000000000e+01 2.186100000000000000e+05
1.100000000000000000e+01 2.388570000000000000e+05
1.200000000000000000e+01 2.501840000000000000e+05
1.300000000000000000e+01 2.579860000000000000e+05
1.400000000000000000e+01 2.662940000000000000e+05
1.500000000000000000e+01 2.781040000000000000e+05
1.600000000000000000e+01 2.976000000000000000e+05
1.700000000000000000e+01 3.285830000000000000e+05
1.800000000000000000e+01 3.735870000000000000e+05
1.900000000000000000e+01 4.327610000000000000e+05
2.000000000000000000e+01 5.081290000000000000e+05
2.100000000000000000e+01 5.995660000000000000e+05
2.200000000000000000e+01 7.052240000000000000e+05
2.300000000000000000e+01 8.029150000000000000e+05
2.400000000000000000e+01 8.814340000000000000e+05
2.500000000000000000e+01 9.248820000000000000e+05
2.600000000000000000e+01 9.242180000000000000e+05
2.700000000000000000e+01 8.920090000000000000e+05
2.800000000000000000e+01 8.428380000000000000e+05
2.900000000000000000e+01 7.879440000000000000e+05
3.000000000000000000e+01 7.314510000000000000e+05
3.100000000000000000e+01 6.778310000000000000e+05
3.200000000000000000e+01 6.284270000000000000e+05
3.300000000000000000e+01 5.835260000000000000e+05
3.400000000000000000e+01 5.439750000000000000e+05
3.500000000000000000e+01 5.070150000000000000e+05
3.600000000000000000e+01 4.703600000000000000e+05
3.700000000000000000e+01 4.368070000000000000e+05
3.800000000000000000e+01 4.017420000000000000e+05
3.900000000000000000e+01 3.683260000000000000e+05
4.000000000000000000e+01 3.328600000000000000e+05
4.100000000000000000e+01 2.969880000000000000e+05
4.200000000000000000e+01 2.609770000000000000e+05
4.300000000000000000e+01 2.244500000000000000e+05
4.400000000000000000e+01 1.887040000000000000e+05
4.500000000000000000e+01 1.536820000000000000e+05
4.600000000000000000e+01 1.208050000000000000e+05
4.700000000000000000e+01 9.248500000000000000e+04
4.800000000000000000e+01 6.711800000000000000e+04
4.900000000000000000e+01 4.664400000000000000e+04
5.000000000000000000e+01 3.067500000000000000e+04
5.100000000000000000e+01 1.913500000000000000e+04
5.200000000000000000e+01 1.176300000000000000e+04
5.300000000000000000e+01 6.794000000000000000e+03
5.400000000000000000e+01 3.563000000000000000e+03
5.500000000000000000e+01 1.956000000000000000e+03
5.600000000000000000e+01 1.020000000000000000e+03
5.700000000000000000e+01 5.740000000000000000e+02
5.800000000000000000e+01 2.590000000000000000e+02
5.900000000000000000e+01 1.850000000000000000e+02
6.000000000000000000e+01 1.040000000000000000e+02
6.100000000000000000e+01 5.600000000000000000e+01
6.200000000000000000e+01 4.600000000000000000e+01
6.300000000000000000e+01 4.000000000000000000e+01
6.400000000000000000e+01 2.700000000000000000e+01
6.500000000000000000e+01 3.300000000000000000e+01
6.600000000000000000e+01 3.700000000000000000e+01
6.700000000000000000e+01 2.500000000000000000e+01
6.800000000000000000e+01 2.200000000000000000e+01
6.900000000000000000e+01 1.900000000000000000e+01
7.000000000000000000e+01 1.300000000000000000e+01
7.100000000000000000e+01 9.000000000000000000e+00
7.200000000000000000e+01 1.600000000000000000e+01
7.300000000000000000e+01 1.600000000000000000e+01
7.400000000000000000e+01 1.600000000000000000e+01
7.500000000000000000e+01 9.000000000000000000e+00
7.600000000000000000e+01 1.600000000000000000e+01
7.700000000000000000e+01 7.000000000000000000e+00
7.800000000000000000e+01 1.300000000000000000e+01
7.900000000000000000e+01 4.000000000000000000e+00
8.000000000000000000e+01 1.100000000000000000e+01
8.100000000000000000e+01 4.000000000000000000e+00
8.200000000000000000e+01 1.100000000000000000e+01
8.300000000000000000e+01 5.000000000000000000e+00
8.400000000000000000e+01 8.000000000000000000e+00
8.600000000000000000e+01 8.000000000000000000e+00
8.700000000000000000e+01 3.000000000000000000e+00
8.800000000000000000e+01 7.000000000000000000e+00
8.900000000000000000e+01 1.000000000000000000e+00
9.000000000000000000e+01 5.000000000000000000e+00
9.100000000000000000e+01 3.000000000000000000e+00
9.200000000000000000e+01 3.000000000000000000e+00
9.300000000000000000e+01 3.000000000000000000e+00
9.500000000000000000e+01 1.000000000000000000e+00
9.600000000000000000e+01 2.000000000000000000e+00
9.700000000000000000e+01 2.000000000000000000e+00
9.800000000000000000e+01 2.000000000000000000e+00
1.010000000000000000e+02 1.000000000000000000e+00
1.090000000000000000e+02 1.000000000000000000e+00
1.110000000000000000e+02 1.000000000000000000e+00
1.300000000000000000e+02 1.000000000000000000e+00
1.500000000000000000e+02 1.000000000000000000e+00
1.510000000000000000e+02 1.000000000000000000e+00
1.570000000000000000e+02 1.000000000000000000e+00
1.720000000000000000e+02 1.000000000000000000e+00
1.750000000000000000e+02 1.000000000000000000e+00
2.660000000000000000e+02 1.000000000000000000e+00
3.360000000000000000e+02 1.000000000000000000e+00
1.105000000000000000e+03 1.000000000000000000e+00
