-3.000000000000000000e+00 3.000000000000000000e+00
-2.000000000000000000e+00 5.000000000000000000e+00
-1.000000000000000000e+00 2.500000000000000000e+01
0.000000000000000000e+00 1.328000000000000000e+03
1.000000000000000000e+00 6.900000000000000000e+01
2.000000000000000000e+00 8.700000000000000000e+01
3.000000000000000000e+00 1.750000000000000000e+02
4.000000000000000000e+00 9.770000000000000000e+02
5.000000000000000000e+00 6.634000000000000000e+03
6.000000000000000000e+00 4.393700000000000000e+04
7.000000000000000000e+00 7.437200000000000000e+04
8.000000000000000000e+00 8.651400000000000000e+04
9.000000000000000000e+00 9.859900000000000000e+04
1.000000000000000000e+01 1.083480000000000000e+05
1.100000000000000000e+01 1.118330000000000000e+05
1.200000000000000000e+01 1.124870000000000000e+05
1.300000000000000000e+01 1.153190000000000000e+05
1.400000000000000000e+01 1.270300000000000000e+05
1.500000000000000000e+01 1.480140000000000000e+05
1.600000000000000000e+01 1.806890000000000000e+05
1.700000000000000000e+01 2.299570000000000000e+05
1.800000000000000000e+01 2.942070000000000000e+05
1.900000000000000000e+01 3.718150000000000000e+05
2.000000000000000000e+01 4.592270000000000000e+05
2.100000000000000000e+01 5.576530000000000000e+05
2.200000000000000000e+01 6.614160000000000000e+05
2.300000000000000000e+01 7.521620000000000000e+05
2.400000000000000000e+01 8.272860000000000000e+05
2.500000000000000000e+01 8.654910000000000000e+05
2.600000000000000000e+01 8.616690000000000000e+05
2.700000000000000000e+01 8.249100000000000000e+05
2.800000000000000000e+01 7.633610000000000000e+05
2.900000000000000000e+01 6.903690000000000000e+05
3.000000000000000000e+01 6.089570000000000000e+05
3.100000000000000000e+01 5.249520000000000000e+05
3.200000000000000000e+01 4.478910000000000000e+05
3.300000000000000000e+01 3.702750000000000000e+05
3.400000000000000000e+01 3.002670000000000000e+05
3.500000000000000000e+01 2.346640000000000000e+05
3.600000000000000000e+01 1.762250000000000000e+05
3.700000000000000000e+01 1.250200000000000000e+05
3.800000000000000000e+01 8.481400000000000000e+04
3.900000000000000000e+01 5.364800000000000000e+04
4.000000000000000000e+01 3.134300000000000000e+04
4.100000000000000000e+01 1.718200000000000000e+04
4.200000000000000000e+01 8.627000000000000000e+03
4.300000000000000000e+01 3.960000000000000000e+03
4.400000000000000000e+01 1.764000000000000000e+03
4.500000000000000000e+01 7.600000000000000000e+02
4.600000000000000000e+01 3.260000000000000000e+02
4.700000000000000000e+01 1.450000000000000000e+02
4.800000000000000000e+01 8.400000000000000000e+01
4.900000000000000000e+01 8.100000000000000000e+01
5.000000000000000000e+01 4.000000000000000000e+01
5.100000000000000000e+01 4.800000000000000000e+01
5.200000000000000000e+01 1.800000000000000000e+01
5.300000000000000000e+01 3.600000000000000000e+01
5.400000000000000000e+01 1.700000000000000000e+01
5.500000000000000000e+01 3.600000000000000000e+01
5.600000000000000000e+01 1.200000000000000000e+01
5.700000000000000000e+01 3.000000000000000000e+01
5.800000000000000000e+01 1.000000000000000000e+01
5.900000000000000000e+01 1.800000000000000000e+01
6.000000000000000000e+01 9.000000000000000000e+00
6.100000000000000000e+01 1.400000000000000000e+01
6.200000000000000000e+01 5.000000000000000000e+00
6.300000000000000000e+01 1.400000000000000000e+01
6.400000000000000000e+01 1.200000000000000000e+01
6.500000000000000000e+01 1.200000000000000000e+01
6.600000000000000000e+01 8.000000000000000000e+00
6.700000000000000000e+01 7.000000000000000000e+00
6.800000000000000000e+01 9.000000000000000000e+00
6.900000000000000000e+01 4.000000000000000000e+00
7.000000000000000000e+01 3.000000000000000000e+00
7.100000000000000000e+01 2.000000000000000000e+00
7.200000000000000000e+01 4.000000000000000000e+00
7.300000000000000000e+01 2.000000000000000000e+00
7.400000000000000000e+01 3.000000000000000000e+00
7.500000000000000000e+01 2.000000000000000000e+00
7.600000000000000000e+01 3.000000000000000000e+00
7.800000000000000000e+01 2.000000000000000000e+00
7.900000000000000000e+01 1.000000000000000000e+00
8.000000000000000000e+01 3.000000000000000000e+00
8.400000000000000000e+01 1.000000000000000000e+00
8.600000000000000000e+01 1.000000000000000000e+00
8.700000000000000000e+01 1.000000000000000000e+00
9.200000000000000000e+01 1.000000000000000000e+00
1.060000000000000000e+02 1.000000000000000000e+00
1.170000000000000000e+02 1.000000000000000000e+00
1.340000000000000000e+02 1.000000000000000000e+00
1.400000000000000000e+02 1.000000000000000000e+00
1.980000000000000000e+02 1.000000000000000000e+00
2.270000000000000000e+02 1.000000000000000000e+00
2.410000000000000000e+02 1.000000000000000000e+00
2.670000000000000000e+02 1.000000000000000000e+00
5.960000000000000000e+02 1.000000000000000000e+00
1.075000000000000000e+03 1.000000000000000000e+00
