-4.000000000000000000e+00 5.000000000000000000e+00
-3.000000000000000000e+00 3.000000000000000000e+00
-2.000000000000000000e+00 1.000000000000000000e+01
-1.000000000000000000e+00 5.100000000000000000e+01
0.000000000000000000e+00 1.372000000000000000e+03
1.000000000000000000e+00 9.200000000000000000e+01
2.000000000000000000e+00 1.410000000000000000e+02
3.000000000000000000e+00 1.940000000000000000e+02
4.000000000000000000e+00 1.148000000000000000e+03
5.000000000000000000e+00 8.635000000000000000e+03
6.000000000000000000e+00 6.033800000000000000e+04
7.000000000000000000e+00 1.019110000000000000e+05
8.000000000000000000e+00 1.190670000000000000e+05
9.000000000000000000e+00 1.350500000000000000e+05
1.000000000000000000e+01 1.490140000000000000e+05
1.100000000000000000e+01 1.566250000000000000e+05
1.200000000000000000e+01 1.619920000000000000e+05
1.300000000000000000e+01 1.710950000000000000e+05
1.400000000000000000e+01 1.927400000000000000e+05
1.500000000000000000e+01 2.289340000000000000e+05
1.600000000000000000e+01 2.859240000000000000e+05
1.700000000000000000e+01 3.640310000000000000e+05
1.800000000000000000e+01 4.672630000000000000e+05
1.900000000000000000e+01 5.839670000000000000e+05
2.000000000000000000e+01 7.159700000000000000e+05
2.100000000000000000e+01 8.630750000000000000e+05
2.200000000000000000e+01 1.014246000000000000e+06
2.300000000000000000e+01 1.142718000000000000e+06
2.400000000000000000e+01 1.243772000000000000e+06
2.500000000000000000e+01 1.290288000000000000e+06
2.600000000000000000e+01 1.271039000000000000e+06
2.700000000000000000e+01 1.202218000000000000e+06
2.800000000000000000e+01 1.101639000000000000e+06
2.900000000000000000e+01 9.814200000000000000e+05
3.000000000000000000e+01 8.540540000000000000e+05
3.100000000000000000e+01 7.281410000000000000e+05
3.200000000000000000e+01 6.104460000000000000e+05
3.300000000000000000e+01 5.000210000000000000e+05
3.400000000000000000e+01 3.997100000000000000e+05
3.500000000000000000e+01 3.108160000000000000e+05
3.600000000000000000e+01 2.289780000000000000e+05
3.700000000000000000e+01 1.623160000000000000e+05
3.800000000000000000e+01 1.075440000000000000e+05
3.900000000000000000e+01 6.785700000000000000e+04
4.000000000000000000e+01 3.942600000000000000e+04
4.100000000000000000e+01 2.120500000000000000e+04
4.200000000000000000e+01 1.044700000000000000e+04
4.300000000000000000e+01 4.759000000000000000e+03
4.400000000000000000e+01 2.103000000000000000e+03
4.500000000000000000e+01 9.450000000000000000e+02
4.600000000000000000e+01 4.590000000000000000e+02
4.700000000000000000e+01 2.200000000000000000e+02
4.800000000000000000e+01 1.030000000000000000e+02
4.900000000000000000e+01 1.020000000000000000e+02
5.000000000000000000e+01 5.100000000000000000e+01
5.100000000000000000e+01 8.600000000000000000e+01
5.200000000000000000e+01 4.100000000000000000e+01
5.300000000000000000e+01 8.100000000000000000e+01
5.400000000000000000e+01 3.800000000000000000e+01
5.500000000000000000e+01 5.900000000000000000e+01
5.600000000000000000e+01 1.900000000000000000e+01
5.700000000000000000e+01 5.700000000000000000e+01
5.800000000000000000e+01 1.900000000000000000e+01
5.900000000000000000e+01 4.300000000000000000e+01
6.000000000000000000e+01 1.300000000000000000e+01
6.100000000000000000e+01 3.300000000000000000e+01
6.200000000000000000e+01 1.200000000000000000e+01
6.300000000000000000e+01 3.100000000000000000e+01
6.400000000000000000e+01 1.600000000000000000e+01
6.500000000000000000e+01 1.600000000000000000e+01
6.600000000000000000e+01 1.000000000000000000e+01
6.700000000000000000e+01 8.000000000000000000e+00
6.800000000000000000e+01 1.200000000000000000e+01
6.900000000000000000e+01 8.000000000000000000e+00
7.000000000000000000e+01 1.000000000000000000e+01
7.100000000000000000e+01 8.000000000000000000e+00
7.200000000000000000e+01 5.000000000000000000e+00
7.300000000000000000e+01 8.000000000000000000e+00
7.400000000000000000e+01 9.000000000000000000e+00
7.500000000000000000e+01 2.000000000000000000e+00
7.600000000000000000e+01 1.000000000000000000e+00
7.800000000000000000e+01 7.000000000000000000e+00
8.000000000000000000e+01 5.000000000000000000e+00
8.200000000000000000e+01 1.000000000000000000e+00
8.400000000000000000e+01 1.000000000000000000e+00
8.600000000000000000e+01 2.000000000000000000e+00
9.800000000000000000e+01 1.000000000000000000e+00
1.050000000000000000e+02 1.000000000000000000e+00
1.870000000000000000e+02 1.000000000000000000e+00
7.820000000000000000e+02 1.000000000000000000e+00
8.560000000000000000e+02 1.000000000000000000e+00
