-4.000000000000000000e+00 5.000000000000000000e+00
-3.000000000000000000e+00 6.000000000000000000e+00
-2.000000000000000000e+00 5.000000000000000000e+00
-1.000000000000000000e+00 2.700000000000000000e+01
0.000000000000000000e+00 1.337000000000000000e+03
1.000000000000000000e+00 6.300000000000000000e+01
2.000000000000000000e+00 8.200000000000000000e+01
3.000000000000000000e+00 1.440000000000000000e+02
4.000000000000000000e+00 9.560000000000000000e+02
5.000000000000000000e+00 6.533000000000000000e+03
6.000000000000000000e+00 4.380000000000000000e+04
7.000000000000000000e+00 7.485800000000000000e+04
8.000000000000000000e+00 8.694900000000000000e+04
9.000000000000000000e+00 9.857300000000000000e+04
1.000000000000000000e+01 1.079920000000000000e+05
1.100000000000000000e+01 1.116470000000000000e+05
1.200000000000000000e+01 1.121790000000000000e+05
1.300000000000000000e+01 1.165720000000000000e+05
1.400000000000000000e+01 1.270860000000000000e+05
1.500000000000000000e+01 1.484000000000000000e+05
1.600000000000000000e+01 1.822060000000000000e+05
1.700000000000000000e+01 2.316130000000000000e+05
1.800000000000000000e+01 2.961500000000000000e+05
1.900000000000000000e+01 3.728840000000000000e+05
2.000000000000000000e+01 4.620090000000000000e+05
2.100000000000000000e+01 5.592720000000000000e+05
2.200000000000000000e+01 6.617050000000000000e+05
2.300000000000000000e+01 7.536510000000000000e+05
2.400000000000000000e+01 8.285540000000000000e+05
2.500000000000000000e+01 8.625640000000000000e+05
2.600000000000000000e+01 8.594790000000000000e+05
2.700000000000000000e+01 8.191670000000000000e+05
2.800000000000000000e+01 7.581000000000000000e+05
2.900000000000000000e+01 6.840730000000000000e+05
3.000000000000000000e+01 6.030930000000000000e+05
3.100000000000000000e+01 5.209290000000000000e+05
3.200000000000000000e+01 4.414330000000000000e+05
3.300000000000000000e+01 3.654900000000000000e+05
3.400000000000000000e+01 2.971340000000000000e+05
3.500000000000000000e+01 2.316160000000000000e+05
3.600000000000000000e+01 1.730960000000000000e+05
3.700000000000000000e+01 1.230320000000000000e+05
3.800000000000000000e+01 8.311300000000000000e+04
3.900000000000000000e+01 5.228400000000000000e+04
4.000000000000000000e+01 3.078500000000000000e+04
4.100000000000000000e+01 1.651400000000000000e+04
4.200000000000000000e+01 8.416000000000000000e+03
4.300000000000000000e+01 3.835000000000000000e+03
4.400000000000000000e+01 1.643000000000000000e+03
4.500000000000000000e+01 6.680000000000000000e+02
4.600000000000000000e+01 3.220000000000000000e+02
4.700000000000000000e+01 1.440000000000000000e+02
4.800000000000000000e+01 5.800000000000000000e+01
4.900000000000000000e+01 6.200000000000000000e+01
5.000000000000000000e+01 3.100000000000000000e+01
5.100000000000000000e+01 3.700000000000000000e+01
5.200000000000000000e+01 1.800000000000000000e+01
5.300000000000000000e+01 3.200000000000000000e+01
5.400000000000000000e+01 1.200000000000000000e+01
5.500000000000000000e+01 3.500000000000000000e+01
5.600000000000000000e+01 1.600000000000000000e+01
5.700000000000000000e+01 2.200000000000000000e+01
5.800000000000000000e+01 9.000000000000000000e+00
5.900000000000000000e+01 1.900000000000000000e+01
6.000000000000000000e+01 1.000000000000000000e+01
6.100000000000000000e+01 1.900000000000000000e+01
6.200000000000000000e+01 7.000000000000000000e+00
6.300000000000000000e+01 1.100000000000000000e+01
6.400000000000000000e+01 1.300000000000000000e+01
6.500000000000000000e+01 1.000000000000000000e+01
6.600000000000000000e+01 1.000000000000000000e+01
6.700000000000000000e+01 1.600000000000000000e+01
6.800000000000000000e+01 3.000000000000000000e+00
6.900000000000000000e+01 3.000000000000000000e+00
7.000000000000000000e+01 8.000000000000000000e+00
7.100000000000000000e+01 3.000000000000000000e+00
7.200000000000000000e+01 4.000000000000000000e+00
7.300000000000000000e+01 6.000000000000000000e+00
7.400000000000000000e+01 6.000000000000000000e+00
7.500000000000000000e+01 4.000000000000000000e+00
7.600000000000000000e+01 3.000000000000000000e+00
7.700000000000000000e+01 3.000000000000000000e+00
7.800000000000000000e+01 1.000000000000000000e+00
8.000000000000000000e+01 2.000000000000000000e+00
8.200000000000000000e+01 3.000000000000000000e+00
8.300000000000000000e+01 1.000000000000000000e+00
9.400000000000000000e+01 1.000000000000000000e+00
1.080000000000000000e+02 1.000000000000000000e+00
1.300000000000000000e+02 1.000000000000000000e+00
1.920000000000000000e+02 1.000000000000000000e+00
1.950000000000000000e+02 1.000000000000000000e+00
2.080000000000000000e+02 1.000000000000000000e+00
2.310000000000000000e+02 1.000000000000000000e+00
3.030000000000000000e+02 1.000000000000000000e+00
3.190000000000000000e+02 1.000000000000000000e+00
9.080000000000000000e+02 1.000000000000000000e+00
1.157000000000000000e+03 1.000000000000000000e+00
