-4.000000000000000000e+00 1.000000000000000000e+00
-2.000000000000000000e+00 1.100000000000000000e+01
-1.000000000000000000e+00 3.700000000000000000e+01
0.000000000000000000e+00 1.361000000000000000e+03
1.000000000000000000e+00 6.300000000000000000e+01
2.000000000000000000e+00 8.700000000000000000e+01
3.000000000000000000e+00 1.580000000000000000e+02
4.000000000000000000e+00 6.900000000000000000e+02
5.000000000000000000e+00 4.084000000000000000e+03
6.000000000000000000e+00 2.392600000000000000e+04
7.000000000000000000e+00 4.570800000000000000e+04
8.000000000000000000e+00 6.544300000000000000e+04
9.000000000000000000e+00 9.411200000000000000e+04
1.000000000000000000e+01 1.325010000000000000e+05
1.100000000000000000e+01 1.835420000000000000e+05
1.200000000000000000e+01 2.519480000000000000e+05
1.300000000000000000e+01 3.422440000000000000e+05
1.400000000000000000e+01 4.570290000000000000e+05
1.500000000000000000e+01 5.955350000000000000e+05
1.600000000000000000e+01 7.642820000000000000e+05
1.700000000000000000e+01 9.691540000000000000e+05
1.800000000000000000e+01 1.191293000000000000e+06
1.900000000000000000e+01 1.399029000000000000e+06
2.000000000000000000e+01 1.556882000000000000e+06
2.100000000000000000e+01 1.641243000000000000e+06
2.200000000000000000e+01 1.613575000000000000e+06
2.300000000000000000e+01 1.442077000000000000e+06
2.400000000000000000e+01 1.156538000000000000e+06
2.500000000000000000e+01 8.072710000000000000e+05
2.600000000000000000e+01 4.848510000000000000e+05
2.700000000000000000e+01 2.550980000000000000e+05
2.800000000000000000e+01 1.222390000000000000e+05
2.900000000000000000e+01 5.678000000000000000e+04
3.000000000000000000e+01 2.721000000000000000e+04
3.100000000000000000e+01 1.293600000000000000e+04
3.200000000000000000e+01 5.819000000000000000e+03
3.300000000000000000e+01 2.440000000000000000e+03
3.400000000000000000e+01 9.700000000000000000e+02
3.500000000000000000e+01 3.590000000000000000e+02
3.600000000000000000e+01 1.880000000000000000e+02
3.700000000000000000e+01 8.900000000000000000e+01
3.800000000000000000e+01 9.100000000000000000e+01
3.900000000000000000e+01 2.700000000000000000e+01
4.000000000000000000e+01 6.800000000000000000e+01
4.100000000000000000e+01 4.800000000000000000e+01
4.200000000000000000e+01 4.400000000000000000e+01
4.300000000000000000e+01 5.600000000000000000e+01
4.400000000000000000e+01 5.200000000000000000e+01
4.500000000000000000e+01 3.300000000000000000e+01
4.600000000000000000e+01 3.900000000000000000e+01
4.700000000000000000e+01 2.600000000000000000e+01
4.800000000000000000e+01 1.900000000000000000e+01
4.900000000000000000e+01 3.300000000000000000e+01
5.000000000000000000e+01 6.000000000000000000e+00
5.100000000000000000e+01 2.600000000000000000e+01
5.200000000000000000e+01 8.000000000000000000e+00
5.300000000000000000e+01 1.600000000000000000e+01
5.400000000000000000e+01 6.000000000000000000e+00
5.500000000000000000e+01 1.400000000000000000e+01
5.600000000000000000e+01 8.000000000000000000e+00
5.700000000000000000e+01 1.000000000000000000e+00
5.800000000000000000e+01 3.000000000000000000e+00
5.900000000000000000e+01 3.000000000000000000e+00
6.000000000000000000e+01 2.000000000000000000e+00
6.100000000000000000e+01 2.000000000000000000e+00
6.200000000000000000e+01 2.000000000000000000e+00
6.300000000000000000e+01 2.000000000000000000e+00
6.400000000000000000e+01 2.000000000000000000e+00
6.600000000000000000e+01 1.000000000000000000e+00
7.000000000000000000e+01 3.000000000000000000e+00
8.000000000000000000e+01 2.000000000000000000e+00
8.600000000000000000e+01 1.000000000000000000e+00
9.200000000000000000e+01 1.000000000000000000e+00
9.400000000000000000e+01 2.000000000000000000e+00
9.800000000000000000e+01 1.000000000000000000e+00
1.030000000000000000e+02 1.000000000000000000e+00
1.300000000000000000e+02 1.000000000000000000e+00
1.350000000000000000e+02 1.000000000000000000e+00
1.400000000000000000e+02 1.000000000000000000e+00
1.410000000000000000e+02 1.000000000000000000e+00
1.480000000000000000e+02 1.000000000000000000e+00
1.510000000000000000e+02 1.000000000000000000e+00
1.570000000000000000e+02 1.000000000000000000e+00
1.740000000000000000e+02 1.000000000000000000e+00
1.780000000000000000e+02 1.000000000000000000e+00
1.920000000000000000e+02 1.000000000000000000e+00
2.150000000000000000e+02 1.000000000000000000e+00
2.620000000000000000e+02 1.000000000000000000e+00
2.970000000000000000e+02 1.000000000000000000e+00
3.060000000000000000e+02 1.000000000000000000e+00
6.680000000000000000e+02 1.000000000000000000e+00
1.044000000000000000e+03 1.000000000000000000e+00
1.078000000000000000e+03 1.000000000000000000e+00
1.094000000000000000e+03 1.000000000000000000e+00
1.256000000000000000e+03 1.000000000000000000e+00
1.384000000000000000e+03 1.000000000000000000e+00
2.087000000000000000e+03 1.000000000000000000e+00
2.178000000000000000e+03 1.000000000000000000e+00
