-4.000000000000000000e+00 9.000000000000000000e+00
-3.000000000000000000e+00 5.000000000000000000e+00
-2.000000000000000000e+00 2.700000000000000000e+01
-1.000000000000000000e+00 1.010000000000000000e+02
0.000000000000000000e+00 1.427000000000000000e+03
1.000000000000000000e+00 2.230000000000000000e+02
2.000000000000000000e+00 2.200000000000000000e+02
3.000000000000000000e+00 4.600000000000000000e+02
4.000000000000000000e+00 2.138000000000000000e+03
5.000000000000000000e+00 1.594200000000000000e+04
6.000000000000000000e+00 1.103560000000000000e+05
7.000000000000000000e+00 1.927730000000000000e+05
8.000000000000000000e+00 2.306060000000000000e+05
9.000000000000000000e+00 2.734850000000000000e+05
1.000000000000000000e+01 3.145580000000000000e+05
1.100000000000000000e+01 3.453130000000000000e+05
1.200000000000000000e+01 3.635920000000000000e+05
1.300000000000000000e+01 3.805990000000000000e+05
1.400000000000000000e+01 4.004250000000000000e+05
1.500000000000000000e+01 4.225330000000000000e+05
1.600000000000000000e+01 4.636480000000000000e+05
1.700000000000000000e+01 5.266770000000000000e+05
1.800000000000000000e+01 6.094270000000000000e+05
1.900000000000000000e+01 7.136140000000000000e+05
2.000000000000000000e+01 8.417360000000000000e+05
2.100000000000000000e+01 9.939620000000000000e+05
2.200000000000000000e+01 1.159503000000000000e+06
2.300000000000000000e+01 1.302930000000000000e+06
2.400000000000000000e+01 1.415059000000000000e+06
2.500000000000000000e+01 1.457638000000000000e+06
2.600000000000000000e+01 1.429941000000000000e+06
2.700000000000000000e+01 1.358849000000000000e+06
2.800000000000000000e+01 1.267345000000000000e+06
2.900000000000000000e+01 1.168994000000000000e+06
3.000000000000000000e+01 1.068518000000000000e+06
3.100000000000000000e+01 9.789160000000000000e+05
3.200000000000000000e+01 8.975060000000000000e+05
3.300000000000000000e+01 8.243600000000000000e+05
3.400000000000000000e+01 7.636240000000000000e+05
3.500000000000000000e+01 7.031410000000000000e+05
3.600000000000000000e+01 6.466800000000000000e+05
3.700000000000000000e+01 5.935620000000000000e+05
3.800000000000000000e+01 5.434630000000000000e+05
3.900000000000000000e+01 4.929670000000000000e+05
4.000000000000000000e+01 4.423950000000000000e+05
4.100000000000000000e+01 3.920000000000000000e+05
4.200000000000000000e+01 3.412920000000000000e+05
4.300000000000000000e+01 2.904990000000000000e+05
4.400000000000000000e+01 2.407370000000000000e+05
4.500000000000000000e+01 1.953470000000000000e+05
4.600000000000000000e+01 1.525980000000000000e+05
4.700000000000000000e+01 1.147170000000000000e+05
4.800000000000000000e+01 8.165900000000000000e+04
4.900000000000000000e+01 5.647800000000000000e+04
5.000000000000000000e+01 3.671900000000000000e+04
5.100000000000000000e+01 2.256000000000000000e+04
5.200000000000000000e+01 1.351700000000000000e+04
5.300000000000000000e+01 7.575000000000000000e+03
5.400000000000000000e+01 4.157000000000000000e+03
5.500000000000000000e+01 2.249000000000000000e+03
5.600000000000000000e+01 1.177000000000000000e+03
5.700000000000000000e+01 6.270000000000000000e+02
5.800000000000000000e+01 3.460000000000000000e+02
5.900000000000000000e+01 2.040000000000000000e+02
6.000000000000000000e+01 8.800000000000000000e+01
6.100000000000000000e+01 1.340000000000000000e+02
6.200000000000000000e+01 5.700000000000000000e+01
6.300000000000000000e+01 7.400000000000000000e+01
6.400000000000000000e+01 4.900000000000000000e+01
6.500000000000000000e+01 5.400000000000000000e+01
6.600000000000000000e+01 5.000000000000000000e+01
6.700000000000000000e+01 4.200000000000000000e+01
6.800000000000000000e+01 4.200000000000000000e+01
6.900000000000000000e+01 3.500000000000000000e+01
7.000000000000000000e+01 2.900000000000000000e+01
7.100000000000000000e+01 2.300000000000000000e+01
7.200000000000000000e+01 2.700000000000000000e+01
7.300000000000000000e+01 2.300000000000000000e+01
7.400000000000000000e+01 2.000000000000000000e+01
7.500000000000000000e+01 9.000000000000000000e+00
7.600000000000000000e+01 2.600000000000000000e+01
7.700000000000000000e+01 9.000000000000000000e+00
7.800000000000000000e+01 1.900000000000000000e+01
7.900000000000000000e+01 7.000000000000000000e+00
8.000000000000000000e+01 2.000000000000000000e+01
8.100000000000000000e+01 3.000000000000000000e+00
8.200000000000000000e+01 1.400000000000000000e+01
8.300000000000000000e+01 5.000000000000000000e+00
8.400000000000000000e+01 2.300000000000000000e+01
8.500000000000000000e+01 3.000000000000000000e+00
8.600000000000000000e+01 1.600000000000000000e+01
8.700000000000000000e+01 5.000000000000000000e+00
8.800000000000000000e+01 2.000000000000000000e+00
8.900000000000000000e+01 5.000000000000000000e+00
9.000000000000000000e+01 5.000000000000000000e+00
9.100000000000000000e+01 6.000000000000000000e+00
9.200000000000000000e+01 6.000000000000000000e+00
9.300000000000000000e+01 3.000000000000000000e+00
9.400000000000000000e+01 7.000000000000000000e+00
9.600000000000000000e+01 4.000000000000000000e+00
9.800000000000000000e+01 1.000000000000000000e+00
1.010000000000000000e+02 4.000000000000000000e+00
1.020000000000000000e+02 1.000000000000000000e+00
1.030000000000000000e+02 1.000000000000000000e+00
1.050000000000000000e+02 1.000000000000000000e+00
1.080000000000000000e+02 1.000000000000000000e+00
1.190000000000000000e+02 1.000000000000000000e+00
1.260000000000000000e+02 1.000000000000000000e+00
1.550000000000000000e+02 1.000000000000000000e+00
1.920000000000000000e+02 1.000000000000000000e+00
2.310000000000000000e+02 1.000000000000000000e+00
3.530000000000000000e+02 1.000000000000000000e+00
3.790000000000000000e+02 1.000000000000000000e+00
5.530000000000000000e+02 1.000000000000000000e+00
6.930000000000000000e+02 1.000000000000000000e+00
1.455000000000000000e+03 1.000000000000000000e+00
3.014000000000000000e+03 1.000000000000000000e+00
1.125600000000000000e+04 1.000000000000000000e+00
