-4.000000000000000000e+00 5.000000000000000000e+00
-3.000000000000000000e+00 6.000000000000000000e+00
-2.000000000000000000e+00 1.600000000000000000e+01
-1.000000000000000000e+00 3.600000000000000000e+01
0.000000000000000000e+00 1.364000000000000000e+03
1.000000000000000000e+00 1.320000000000000000e+02
2.000000000000000000e+00 1.570000000000000000e+02
3.000000000000000000e+00 2.810000000000000000e+02
4.000000000000000000e+00 1.581000000000000000e+03
5.000000000000000000e+00 1.125300000000000000e+04
6.000000000000000000e+00 7.568400000000000000e+04
7.000000000000000000e+00 1.323410000000000000e+05
8.000000000000000000e+00 1.593920000000000000e+05
9.000000000000000000e+00 1.893800000000000000e+05
1.000000000000000000e+01 2.184890000000000000e+05
1.100000000000000000e+01 2.385420000000000000e+05
1.200000000000000000e+01 2.496330000000000000e+05
1.300000000000000000e+01 2.597310000000000000e+05
1.400000000000000000e+01 2.673840000000000000e+05
1.500000000000000000e+01 2.780920000000000000e+05
1.600000000000000000e+01 2.984930000000000000e+05
1.700000000000000000e+01 3.307350000000000000e+05
1.800000000000000000e+01 3.768730000000000000e+05
1.900000000000000000e+01 4.335720000000000000e+05
2.000000000000000000e+01 5.117180000000000000e+05
2.100000000000000000e+01 6.045850000000000000e+05
2.200000000000000000e+01 7.094250000000000000e+05
2.300000000000000000e+01 8.048650000000000000e+05
2.400000000000000000e+01 8.847810000000000000e+05
2.500000000000000000e+01 9.281440000000000000e+05
2.600000000000000000e+01 9.253910000000000000e+05
2.700000000000000000e+01 8.913300000000000000e+05
2.800000000000000000e+01 8.421040000000000000e+05
2.900000000000000000e+01 7.879550000000000000e+05
3.000000000000000000e+01 7.283970000000000000e+05
3.100000000000000000e+01 6.765970000000000000e+05
3.200000000000000000e+01 6.286860000000000000e+05
3.300000000000000000e+01 5.832390000000000000e+05
3.400000000000000000e+01 5.442000000000000000e+05
3.500000000000000000e+01 5.051870000000000000e+05
3.600000000000000000e+01 4.693580000000000000e+05
3.700000000000000000e+01 4.355140000000000000e+05
3.800000000000000000e+01 4.007130000000000000e+05
3.900000000000000000e+01 3.655190000000000000e+05
4.000000000000000000e+01 3.308000000000000000e+05
4.100000000000000000e+01 2.955000000000000000e+05
4.200000000000000000e+01 2.598660000000000000e+05
4.300000000000000000e+01 2.219810000000000000e+05
4.400000000000000000e+01 1.873070000000000000e+05
4.500000000000000000e+01 1.517990000000000000e+05
4.600000000000000000e+01 1.204800000000000000e+05
4.700000000000000000e+01 9.097600000000000000e+04
4.800000000000000000e+01 6.600600000000000000e+04
4.900000000000000000e+01 4.560300000000000000e+04
5.000000000000000000e+01 3.024400000000000000e+04
5.100000000000000000e+01 1.857800000000000000e+04
5.200000000000000000e+01 1.127300000000000000e+04
5.300000000000000000e+01 6.325000000000000000e+03
5.400000000000000000e+01 3.518000000000000000e+03
5.500000000000000000e+01 1.861000000000000000e+03
5.600000000000000000e+01 1.014000000000000000e+03
5.700000000000000000e+01 5.200000000000000000e+02
5.800000000000000000e+01 2.570000000000000000e+02
5.900000000000000000e+01 1.760000000000000000e+02
6.000000000000000000e+01 9.600000000000000000e+01
6.100000000000000000e+01 6.700000000000000000e+01
6.200000000000000000e+01 6.900000000000000000e+01
6.300000000000000000e+01 6.500000000000000000e+01
6.400000000000000000e+01 3.700000000000000000e+01
6.500000000000000000e+01 3.000000000000000000e+01
6.600000000000000000e+01 2.000000000000000000e+01
6.700000000000000000e+01 2.300000000000000000e+01
6.800000000000000000e+01 2.600000000000000000e+01
6.900000000000000000e+01 2.600000000000000000e+01
7.000000000000000000e+01 1.700000000000000000e+01
7.100000000000000000e+01 1.200000000000000000e+01
7.200000000000000000e+01 1.200000000000000000e+01
7.300000000000000000e+01 1.200000000000000000e+01
7.400000000000000000e+01 1.000000000000000000e+01
7.500000000000000000e+01 4.000000000000000000e+00
7.600000000000000000e+01 8.000000000000000000e+00
7.700000000000000000e+01 9.000000000000000000e+00
7.800000000000000000e+01 1.900000000000000000e+01
7.900000000000000000e+01 7.000000000000000000e+00
8.000000000000000000e+01 1.200000000000000000e+01
8.100000000000000000e+01 6.000000000000000000e+00
8.200000000000000000e+01 1.000000000000000000e+01
8.300000000000000000e+01 2.000000000000000000e+00
8.400000000000000000e+01 1.300000000000000000e+01
8.500000000000000000e+01 2.000000000000000000e+00
8.600000000000000000e+01 7.000000000000000000e+00
8.700000000000000000e+01 4.000000000000000000e+00
8.800000000000000000e+01 7.000000000000000000e+00
8.900000000000000000e+01 4.000000000000000000e+00
9.000000000000000000e+01 8.000000000000000000e+00
9.100000000000000000e+01 1.000000000000000000e+00
9.200000000000000000e+01 6.000000000000000000e+00
9.300000000000000000e+01 2.000000000000000000e+00
9.400000000000000000e+01 2.000000000000000000e+00
9.500000000000000000e+01 3.000000000000000000e+00
9.600000000000000000e+01 2.000000000000000000e+00
1.030000000000000000e+02 2.000000000000000000e+00
1.050000000000000000e+02 1.000000000000000000e+00
1.070000000000000000e+02 1.000000000000000000e+00
1.240000000000000000e+02 1.000000000000000000e+00
1.260000000000000000e+02 1.000000000000000000e+00
1.500000000000000000e+02 1.000000000000000000e+00
1.760000000000000000e+02 2.000000000000000000e+00
1.950000000000000000e+02 1.000000000000000000e+00
2.040000000000000000e+02 1.000000000000000000e+00
6.830000000000000000e+02 1.000000000000000000e+00
7.170000000000000000e+02 1.000000000000000000e+00
