-4.000000000000000000e+00 2.000000000000000000e+00
-3.000000000000000000e+00 8.000000000000000000e+00
-2.000000000000000000e+00 1.300000000000000000e+01
-1.000000000000000000e+00 4.100000000000000000e+01
0.000000000000000000e+00 1.362000000000000000e+03
1.000000000000000000e+00 1.060000000000000000e+02
2.000000000000000000e+00 1.450000000000000000e+02
3.000000000000000000e+00 2.220000000000000000e+02
4.000000000000000000e+00 1.171000000000000000e+03
5.000000000000000000e+00 8.784000000000000000e+03
6.000000000000000000e+00 6.138700000000000000e+04
7.000000000000000000e+00 1.041820000000000000e+05
8.000000000000000000e+00 1.204240000000000000e+05
9.000000000000000000e+00 1.371240000000000000e+05
1.000000000000000000e+01 1.516420000000000000e+05
1.100000000000000000e+01 1.584040000000000000e+05
1.200000000000000000e+01 1.637430000000000000e+05
1.300000000000000000e+01 1.730840000000000000e+05
1.400000000000000000e+01 1.940670000000000000e+05
1.500000000000000000e+01 2.309000000000000000e+05
1.600000000000000000e+01 2.882680000000000000e+05
1.700000000000000000e+01 3.677920000000000000e+05
1.800000000000000000e+01 4.709750000000000000e+05
1.900000000000000000e+01 5.908010000000000000e+05
2.000000000000000000e+01 7.260810000000000000e+05
2.100000000000000000e+01 8.747310000000000000e+05
2.200000000000000000e+01 1.028086000000000000e+06
2.300000000000000000e+01 1.160319000000000000e+06
2.400000000000000000e+01 1.261066000000000000e+06
2.500000000000000000e+01 1.306271000000000000e+06
2.600000000000000000e+01 1.288454000000000000e+06
2.700000000000000000e+01 1.220058000000000000e+06
2.800000000000000000e+01 1.117355000000000000e+06
2.900000000000000000e+01 9.947080000000000000e+05
3.000000000000000000e+01 8.673760000000000000e+05
3.100000000000000000e+01 7.405580000000000000e+05
3.200000000000000000e+01 6.187510000000000000e+05
3.300000000000000000e+01 5.073350000000000000e+05
3.400000000000000000e+01 4.078200000000000000e+05
3.500000000000000000e+01 3.160400000000000000e+05
3.600000000000000000e+01 2.336410000000000000e+05
3.700000000000000000e+01 1.655420000000000000e+05
3.800000000000000000e+01 1.103190000000000000e+05
3.900000000000000000e+01 6.984100000000000000e+04
4.000000000000000000e+01 4.051500000000000000e+04
4.100000000000000000e+01 2.184700000000000000e+04
4.200000000000000000e+01 1.079200000000000000e+04
4.300000000000000000e+01 4.946000000000000000e+03
4.400000000000000000e+01 2.234000000000000000e+03
4.500000000000000000e+01 9.400000000000000000e+02
4.600000000000000000e+01 4.360000000000000000e+02
4.700000000000000000e+01 2.140000000000000000e+02
4.800000000000000000e+01 1.090000000000000000e+02
4.900000000000000000e+01 1.060000000000000000e+02
5.000000000000000000e+01 4.600000000000000000e+01
5.100000000000000000e+01 7.900000000000000000e+01
5.200000000000000000e+01 4.200000000000000000e+01
5.300000000000000000e+01 6.800000000000000000e+01
5.400000000000000000e+01 3.000000000000000000e+01
5.500000000000000000e+01 4.500000000000000000e+01
5.600000000000000000e+01 2.300000000000000000e+01
5.700000000000000000e+01 6.000000000000000000e+01
5.800000000000000000e+01 2.000000000000000000e+01
5.900000000000000000e+01 3.500000000000000000e+01
6.000000000000000000e+01 1.500000000000000000e+01
6.100000000000000000e+01 3.400000000000000000e+01
6.200000000000000000e+01 1.100000000000000000e+01
6.300000000000000000e+01 2.800000000000000000e+01
6.400000000000000000e+01 2.700000000000000000e+01
6.500000000000000000e+01 2.100000000000000000e+01
6.600000000000000000e+01 2.500000000000000000e+01
6.700000000000000000e+01 1.700000000000000000e+01
6.800000000000000000e+01 1.200000000000000000e+01
6.900000000000000000e+01 9.000000000000000000e+00
7.000000000000000000e+01 7.000000000000000000e+00
7.100000000000000000e+01 5.000000000000000000e+00
7.200000000000000000e+01 6.000000000000000000e+00
7.300000000000000000e+01 1.000000000000000000e+01
7.400000000000000000e+01 3.000000000000000000e+00
7.500000000000000000e+01 2.000000000000000000e+00
7.600000000000000000e+01 6.000000000000000000e+00
7.700000000000000000e+01 3.000000000000000000e+00
7.800000000000000000e+01 3.000000000000000000e+00
8.000000000000000000e+01 2.000000000000000000e+00
8.100000000000000000e+01 1.000000000000000000e+00
8.200000000000000000e+01 2.000000000000000000e+00
8.400000000000000000e+01 2.000000000000000000e+00
8.600000000000000000e+01 1.000000000000000000e+00
8.900000000000000000e+01 1.000000000000000000e+00
1.000000000000000000e+02 1.000000000000000000e+00
1.320000000000000000e+02 1.000000000000000000e+00
1.420000000000000000e+02 1.000000000000000000e+00
1.430000000000000000e+02 1.000000000000000000e+00
4.230000000000000000e+02 1.000000000000000000e+00
