-4.000000000000000000e+00 2.000000000000000000e+00
-3.000000000000000000e+00 5.000000000000000000e+00
-2.000000000000000000e+00 1.500000000000000000e+01
-1.000000000000000000e+00 5.400000000000000000e+01
0.000000000000000000e+00 1.368000000000000000e+03
1.000000000000000000e+00 1.030000000000000000e+02
2.000000000000000000e+00 1.480000000000000000e+02
3.000000000000000000e+00 2.240000000000000000e+02
4.000000000000000000e+00 1.154000000000000000e+03
5.000000000000000000e+00 8.391000000000000000e+03
6.000000000000000000e+00 5.852500000000000000e+04
7.000000000000000000e+00 9.957800000000000000e+04
8.000000000000000000e+00 1.159510000000000000e+05
9.000000000000000000e+00 1.318070000000000000e+05
1.000000000000000000e+01 1.463240000000000000e+05
1.100000000000000000e+01 1.526760000000000000e+05
1.200000000000000000e+01 1.586310000000000000e+05
1.300000000000000000e+01 1.693080000000000000e+05
1.400000000000000000e+01 1.901880000000000000e+05
1.500000000000000000e+01 2.266030000000000000e+05
1.600000000000000000e+01 2.817820000000000000e+05
1.700000000000000000e+01 3.603320000000000000e+05
1.800000000000000000e+01 4.614850000000000000e+05
1.900000000000000000e+01 5.781010000000000000e+05
2.000000000000000000e+01 7.096480000000000000e+05
2.100000000000000000e+01 8.519030000000000000e+05
2.200000000000000000e+01 9.976390000000000000e+05
2.300000000000000000e+01 1.124136000000000000e+06
2.400000000000000000e+01 1.221439000000000000e+06
2.500000000000000000e+01 1.258650000000000000e+06
2.600000000000000000e+01 1.237308000000000000e+06
2.700000000000000000e+01 1.166734000000000000e+06
2.800000000000000000e+01 1.064672000000000000e+06
2.900000000000000000e+01 9.471260000000000000e+05
3.000000000000000000e+01 8.236610000000000000e+05
3.100000000000000000e+01 7.015770000000000000e+05
3.200000000000000000e+01 5.866950000000000000e+05
3.300000000000000000e+01 4.808190000000000000e+05
3.400000000000000000e+01 3.838860000000000000e+05
3.500000000000000000e+01 2.970790000000000000e+05
3.600000000000000000e+01 2.187440000000000000e+05
3.700000000000000000e+01 1.538370000000000000e+05
3.800000000000000000e+01 1.022510000000000000e+05
3.900000000000000000e+01 6.398100000000000000e+04
4.000000000000000000e+01 3.699000000000000000e+04
4.100000000000000000e+01 1.990800000000000000e+04
4.200000000000000000e+01 9.833000000000000000e+03
4.300000000000000000e+01 4.492000000000000000e+03
4.400000000000000000e+01 1.927000000000000000e+03
4.500000000000000000e+01 8.710000000000000000e+02
4.600000000000000000e+01 4.200000000000000000e+02
4.700000000000000000e+01 2.000000000000000000e+02
4.800000000000000000e+01 9.100000000000000000e+01
4.900000000000000000e+01 9.400000000000000000e+01
5.000000000000000000e+01 3.700000000000000000e+01
5.100000000000000000e+01 7.400000000000000000e+01
5.200000000000000000e+01 2.700000000000000000e+01
5.300000000000000000e+01 6.800000000000000000e+01
5.400000000000000000e+01 2.500000000000000000e+01
5.500000000000000000e+01 6.500000000000000000e+01
5.600000000000000000e+01 2.900000000000000000e+01
5.700000000000000000e+01 5.100000000000000000e+01
5.800000000000000000e+01 1.900000000000000000e+01
5.900000000000000000e+01 3.600000000000000000e+01
6.000000000000000000e+01 1.800000000000000000e+01
6.100000000000000000e+01 3.200000000000000000e+01
6.200000000000000000e+01 1.300000000000000000e+01
6.300000000000000000e+01 3.300000000000000000e+01
6.400000000000000000e+01 1.200000000000000000e+01
6.500000000000000000e+01 2.300000000000000000e+01
6.600000000000000000e+01 1.200000000000000000e+01
6.700000000000000000e+01 7.000000000000000000e+00
6.800000000000000000e+01 1.000000000000000000e+01
6.900000000000000000e+01 1.100000000000000000e+01
7.000000000000000000e+01 7.000000000000000000e+00
7.100000000000000000e+01 9.000000000000000000e+00
7.200000000000000000e+01 6.000000000000000000e+00
7.300000000000000000e+01 1.000000000000000000e+01
7.400000000000000000e+01 3.000000000000000000e+00
7.600000000000000000e+01 7.000000000000000000e+00
7.700000000000000000e+01 3.000000000000000000e+00
7.800000000000000000e+01 7.000000000000000000e+00
7.900000000000000000e+01 3.000000000000000000e+00
8.000000000000000000e+01 1.000000000000000000e+00
8.200000000000000000e+01 2.000000000000000000e+00
8.400000000000000000e+01 1.000000000000000000e+00
8.700000000000000000e+01 1.000000000000000000e+00
9.800000000000000000e+01 1.000000000000000000e+00
1.120000000000000000e+02 1.000000000000000000e+00
1.130000000000000000e+02 1.000000000000000000e+00
1.390000000000000000e+02 1.000000000000000000e+00
1.430000000000000000e+02 1.000000000000000000e+00
1.640000000000000000e+02 1.000000000000000000e+00
4.590000000000000000e+02 1.000000000000000000e+00
7.170000000000000000e+02 1.000000000000000000e+00
1.134000000000000000e+03 1.000000000000000000e+00
