-4.000000000000000000e+00 5.000000000000000000e+00
-3.000000000000000000e+00 4.000000000000000000e+00
-2.000000000000000000e+00 1.100000000000000000e+01
-1.000000000000000000e+00 4.600000000000000000e+01
0.000000000000000000e+00 1.378000000000000000e+03
1.000000000000000000e+00 1.280000000000000000e+02
2.000000000000000000e+00 1.680000000000000000e+02
3.000000000000000000e+00 2.860000000000000000e+02
4.000000000000000000e+00 1.593000000000000000e+03
5.000000000000000000e+00 1.105300000000000000e+04
6.000000000000000000e+00 7.558100000000000000e+04
7.000000000000000000e+00 1.316560000000000000e+05
8.000000000000000000e+00 1.599630000000000000e+05
9.000000000000000000e+00 1.892980000000000000e+05
1.000000000000000000e+01 2.178310000000000000e+05
1.100000000000000000e+01 2.386670000000000000e+05
1.200000000000000000e+01 2.503120000000000000e+05
1.300000000000000000e+01 2.587010000000000000e+05
1.400000000000000000e+01 2.674950000000000000e+05
1.500000000000000000e+01 2.785670000000000000e+05
1.600000000000000000e+01 2.970170000000000000e+05
1.700000000000000000e+01 3.288740000000000000e+05
1.800000000000000000e+01 3.748420000000000000e+05
1.900000000000000000e+01 4.345350000000000000e+05
2.000000000000000000e+01 5.078230000000000000e+05
2.100000000000000000e+01 6.011710000000000000e+05
2.200000000000000000e+01 7.061950000000000000e+05
2.300000000000000000e+01 8.018170000000000000e+05
2.400000000000000000e+01 8.839990000000000000e+05
2.500000000000000000e+01 9.249460000000000000e+05
2.600000000000000000e+01 9.234340000000000000e+05
2.700000000000000000e+01 8.912130000000000000e+05
2.800000000000000000e+01 8.425500000000000000e+05
2.900000000000000000e+01 7.870410000000000000e+05
3.000000000000000000e+01 7.297410000000000000e+05
3.100000000000000000e+01 6.751260000000000000e+05
3.200000000000000000e+01 6.285090000000000000e+05
3.300000000000000000e+01 5.827290000000000000e+05
3.400000000000000000e+01 5.432450000000000000e+05
3.500000000000000000e+01 5.061620000000000000e+05
3.600000000000000000e+01 4.712570000000000000e+05
3.700000000000000000e+01 4.348230000000000000e+05
3.800000000000000000e+01 4.005550000000000000e+05
3.900000000000000000e+01 3.667190000000000000e+05
4.000000000000000000e+01 3.319960000000000000e+05
4.100000000000000000e+01 2.955370000000000000e+05
4.200000000000000000e+01 2.609580000000000000e+05
4.300000000000000000e+01 2.241360000000000000e+05
4.400000000000000000e+01 1.879540000000000000e+05
4.500000000000000000e+01 1.534890000000000000e+05
4.600000000000000000e+01 1.207810000000000000e+05
4.700000000000000000e+01 9.238000000000000000e+04
4.800000000000000000e+01 6.713900000000000000e+04
4.900000000000000000e+01 4.596300000000000000e+04
5.000000000000000000e+01 3.056200000000000000e+04
5.100000000000000000e+01 1.926600000000000000e+04
5.200000000000000000e+01 1.166600000000000000e+04
5.300000000000000000e+01 6.609000000000000000e+03
5.400000000000000000e+01 3.519000000000000000e+03
5.500000000000000000e+01 1.967000000000000000e+03
5.600000000000000000e+01 9.950000000000000000e+02
5.700000000000000000e+01 5.050000000000000000e+02
5.800000000000000000e+01 2.620000000000000000e+02
5.900000000000000000e+01 1.700000000000000000e+02
6.000000000000000000e+01 9.500000000000000000e+01
6.100000000000000000e+01 8.200000000000000000e+01
6.200000000000000000e+01 3.800000000000000000e+01
6.300000000000000000e+01 5.900000000000000000e+01
6.400000000000000000e+01 2.200000000000000000e+01
6.500000000000000000e+01 2.600000000000000000e+01
6.600000000000000000e+01 3.100000000000000000e+01
6.700000000000000000e+01 1.900000000000000000e+01
6.800000000000000000e+01 2.100000000000000000e+01
6.900000000000000000e+01 2.300000000000000000e+01
7.000000000000000000e+01 1.400000000000000000e+01
7.100000000000000000e+01 1.600000000000000000e+01
7.200000000000000000e+01 1.100000000000000000e+01
7.300000000000000000e+01 1.200000000000000000e+01
7.400000000000000000e+01 1.100000000000000000e+01
7.500000000000000000e+01 5.000000000000000000e+00
7.600000000000000000e+01 1.100000000000000000e+01
7.700000000000000000e+01 7.000000000000000000e+00
7.800000000000000000e+01 1.600000000000000000e+01
7.900000000000000000e+01 4.000000000000000000e+00
8.000000000000000000e+01 9.000000000000000000e+00
8.100000000000000000e+01 7.000000000000000000e+00
8.200000000000000000e+01 1.300000000000000000e+01
8.300000000000000000e+01 2.000000000000000000e+00
8.400000000000000000e+01 9.000000000000000000e+00
8.500000000000000000e+01 4.000000000000000000e+00
8.600000000000000000e+01 1.000000000000000000e+01
8.700000000000000000e+01 4.000000000000000000e+00
8.800000000000000000e+01 9.000000000000000000e+00
8.900000000000000000e+01 6.000000000000000000e+00
9.000000000000000000e+01 4.000000000000000000e+00
9.100000000000000000e+01 4.000000000000000000e+00
9.200000000000000000e+01 3.000000000000000000e+00
9.300000000000000000e+01 1.000000000000000000e+00
9.400000000000000000e+01 4.000000000000000000e+00
9.500000000000000000e+01 3.000000000000000000e+00
9.600000000000000000e+01 2.000000000000000000e+00
9.800000000000000000e+01 2.000000000000000000e+00
1.000000000000000000e+02 2.000000000000000000e+00
1.020000000000000000e+02 1.000000000000000000e+00
1.040000000000000000e+02 2.000000000000000000e+00
1.100000000000000000e+02 1.000000000000000000e+00
1.130000000000000000e+02 1.000000000000000000e+00
1.430000000000000000e+02 1.000000000000000000e+00
1.480000000000000000e+02 1.000000000000000000e+00
1.620000000000000000e+02 1.000000000000000000e+00
1.760000000000000000e+02 1.000000000000000000e+00
2.400000000000000000e+02 1.000000000000000000e+00
2.420000000000000000e+02 1.000000000000000000e+00
2.680000000000000000e+02 1.000000000000000000e+00
2.143000000000000000e+03 1.000000000000000000e+00
6.951000000000000000e+03 1.000000000000000000e+00
