-4.000000000000000000e+00 3.000000000000000000e+00
-3.000000000000000000e+00 3.000000000000000000e+00
-2.000000000000000000e+00 9.000000000000000000e+00
-1.000000000000000000e+00 2.700000000000000000e+01
0.000000000000000000e+00 1.350000000000000000e+03
1.000000000000000000e+00 5.300000000000000000e+01
2.000000000000000000e+00 9.200000000000000000e+01
3.000000000000000000e+00 1.430000000000000000e+02
4.000000000000000000e+00 6.750000000000000000e+02
5.000000000000000000e+00 3.884000000000000000e+03
6.000000000000000000e+00 2.303800000000000000e+04
7.000000000000000000e+00 4.357800000000000000e+04
8.000000000000000000e+00 6.270800000000000000e+04
9.000000000000000000e+00 9.015200000000000000e+04
1.000000000000000000e+01 1.286700000000000000e+05
1.100000000000000000e+01 1.769350000000000000e+05
1.200000000000000000e+01 2.428920000000000000e+05
1.300000000000000000e+01 3.301940000000000000e+05
1.400000000000000000e+01 4.408010000000000000e+05
1.500000000000000000e+01 5.739440000000000000e+05
1.600000000000000000e+01 7.384110000000000000e+05
1.700000000000000000e+01 9.363280000000000000e+05
1.800000000000000000e+01 1.149503000000000000e+06
1.900000000000000000e+01 1.354110000000000000e+06
2.000000000000000000e+01 1.503416000000000000e+06
2.100000000000000000e+01 1.586763000000000000e+06
2.200000000000000000e+01 1.558878000000000000e+06
2.300000000000000000e+01 1.394906000000000000e+06
2.400000000000000000e+01 1.120474000000000000e+06
2.500000000000000000e+01 7.779070000000000000e+05
2.600000000000000000e+01 4.689740000000000000e+05
2.700000000000000000e+01 2.477590000000000000e+05
2.800000000000000000e+01 1.175440000000000000e+05
2.900000000000000000e+01 5.477000000000000000e+04
3.000000000000000000e+01 2.612400000000000000e+04
3.100000000000000000e+01 1.250600000000000000e+04
3.200000000000000000e+01 5.717000000000000000e+03
3.300000000000000000e+01 2.280000000000000000e+03
3.400000000000000000e+01 9.310000000000000000e+02
3.500000000000000000e+01 3.320000000000000000e+02
3.600000000000000000e+01 1.990000000000000000e+02
3.700000000000000000e+01 7.600000000000000000e+01
3.800000000000000000e+01 8.900000000000000000e+01
3.900000000000000000e+01 2.700000000000000000e+01
4.000000000000000000e+01 6.500000000000000000e+01
4.100000000000000000e+01 4.800000000000000000e+01
4.200000000000000000e+01 3.000000000000000000e+01
4.300000000000000000e+01 4.700000000000000000e+01
4.400000000000000000e+01 4.200000000000000000e+01
4.500000000000000000e+01 3.300000000000000000e+01
4.600000000000000000e+01 4.900000000000000000e+01
4.700000000000000000e+01 2.400000000000000000e+01
4.800000000000000000e+01 9.000000000000000000e+00
4.900000000000000000e+01 3.500000000000000000e+01
5.000000000000000000e+01 6.000000000000000000e+00
5.100000000000000000e+01 2.600000000000000000e+01
5.200000000000000000e+01 7.000000000000000000e+00
5.300000000000000000e+01 1.400000000000000000e+01
5.400000000000000000e+01 1.300000000000000000e+01
5.500000000000000000e+01 9.000000000000000000e+00
5.600000000000000000e+01 6.000000000000000000e+00
5.700000000000000000e+01 3.000000000000000000e+00
5.800000000000000000e+01 8.000000000000000000e+00
5.900000000000000000e+01 3.000000000000000000e+00
6.000000000000000000e+01 2.000000000000000000e+00
6.100000000000000000e+01 8.000000000000000000e+00
6.200000000000000000e+01 2.000000000000000000e+00
6.300000000000000000e+01 2.000000000000000000e+00
6.400000000000000000e+01 2.000000000000000000e+00
6.600000000000000000e+01 1.000000000000000000e+00
6.700000000000000000e+01 1.000000000000000000e+00
7.000000000000000000e+01 1.000000000000000000e+00
7.100000000000000000e+01 1.000000000000000000e+00
7.500000000000000000e+01 1.000000000000000000e+00
7.600000000000000000e+01 1.000000000000000000e+00
7.900000000000000000e+01 1.000000000000000000e+00
8.600000000000000000e+01 1.000000000000000000e+00
8.700000000000000000e+01 1.000000000000000000e+00
9.800000000000000000e+01 1.000000000000000000e+00
1.070000000000000000e+02 1.000000000000000000e+00
1.090000000000000000e+02 1.000000000000000000e+00
1.110000000000000000e+02 1.000000000000000000e+00
1.130000000000000000e+02 1.000000000000000000e+00
1.140000000000000000e+02 2.000000000000000000e+00
1.190000000000000000e+02 1.000000000000000000e+00
1.270000000000000000e+02 1.000000000000000000e+00
1.380000000000000000e+02 1.000000000000000000e+00
1.470000000000000000e+02 1.000000000000000000e+00
1.480000000000000000e+02 1.000000000000000000e+00
1.530000000000000000e+02 1.000000000000000000e+00
1.670000000000000000e+02 1.000000000000000000e+00
1.780000000000000000e+02 1.000000000000000000e+00
1.850000000000000000e+02 1.000000000000000000e+00
1.960000000000000000e+02 1.000000000000000000e+00
2.040000000000000000e+02 1.000000000000000000e+00
2.320000000000000000e+02 1.000000000000000000e+00
2.360000000000000000e+02 1.000000000000000000e+00
2.410000000000000000e+02 1.000000000000000000e+00
3.170000000000000000e+02 1.000000000000000000e+00
3.320000000000000000e+02 1.000000000000000000e+00
7.830000000000000000e+02 1.000000000000000000e+00
