-4.000000000000000000e+00 4.000000000000000000e+00
-3.000000000000000000e+00 6.000000000000000000e+00
-2.000000000000000000e+00 9.000000000000000000e+00
-1.000000000000000000e+00 4.400000000000000000e+01
0.000000000000000000e+00 1.348000000000000000e+03
1.000000000000000000e+00 1.210000000000000000e+02
2.000000000000000000e+00 1.560000000000000000e+02
3.000000000000000000e+00 2.860000000000000000e+02
4.000000000000000000e+00 1.628000000000000000e+03
5.000000000000000000e+00 1.119800000000000000e+04
6.000000000000000000e+00 7.580800000000000000e+04
7.000000000000000000e+00 1.318190000000000000e+05
8.000000000000000000e+00 1.593330000000000000e+05
9.000000000000000000e+00 1.895590000000000000e+05
1.000000000000000000e+01 2.186070000000000000e+05
1.100000000000000000e+01 2.385990000000000000e+05
1.200000000000000000e+01 2.506990000000000000e+05
1.300000000000000000e+01 2.579860000000000000e+05
1.400000000000000000e+01 2.676630000000000000e+05
1.500000000000000000e+01 2.788070000000000000e+05
1.600000000000000000e+01 2.970390000000000000e+05
1.700000000000000000e+01 3.301410000000000000e+05
1.800000000000000000e+01 3.755820000000000000e+05
1.900000000000000000e+01 4.348210000000000000e+05
2.000000000000000000e+01 5.102770000000000000e+05
2.100000000000000000e+01 6.034880000000000000e+05
2.200000000000000000e+01 7.076540000000000000e+05
2.300000000000000000e+01 8.020020000000000000e+05
2.400000000000000000e+01 8.832400000000000000e+05
2.500000000000000000e+01 9.257230000000000000e+05
2.600000000000000000e+01 9.247160000000000000e+05
2.700000000000000000e+01 8.910380000000000000e+05
2.800000000000000000e+01 8.398170000000000000e+05
2.900000000000000000e+01 7.854050000000000000e+05
3.000000000000000000e+01 7.277640000000000000e+05
3.100000000000000000e+01 6.748170000000000000e+05
3.200000000000000000e+01 6.260860000000000000e+05
3.300000000000000000e+01 5.809890000000000000e+05
3.400000000000000000e+01 5.416790000000000000e+05
3.500000000000000000e+01 5.053390000000000000e+05
3.600000000000000000e+01 4.690060000000000000e+05
3.700000000000000000e+01 4.344540000000000000e+05
3.800000000000000000e+01 4.003620000000000000e+05
3.900000000000000000e+01 3.667500000000000000e+05
4.000000000000000000e+01 3.307410000000000000e+05
4.100000000000000000e+01 2.958120000000000000e+05
4.200000000000000000e+01 2.589290000000000000e+05
4.300000000000000000e+01 2.223880000000000000e+05
4.400000000000000000e+01 1.868760000000000000e+05
4.500000000000000000e+01 1.519070000000000000e+05
4.600000000000000000e+01 1.196410000000000000e+05
4.700000000000000000e+01 9.075200000000000000e+04
4.800000000000000000e+01 6.585200000000000000e+04
4.900000000000000000e+01 4.580200000000000000e+04
5.000000000000000000e+01 3.009100000000000000e+04
5.100000000000000000e+01 1.875200000000000000e+04
5.200000000000000000e+01 1.110600000000000000e+04
5.300000000000000000e+01 6.418000000000000000e+03
5.400000000000000000e+01 3.466000000000000000e+03
5.500000000000000000e+01 1.868000000000000000e+03
5.600000000000000000e+01 9.290000000000000000e+02
5.700000000000000000e+01 5.320000000000000000e+02
5.800000000000000000e+01 2.550000000000000000e+02
5.900000000000000000e+01 1.600000000000000000e+02
6.000000000000000000e+01 8.100000000000000000e+01
6.100000000000000000e+01 8.100000000000000000e+01
6.200000000000000000e+01 4.900000000000000000e+01
6.300000000000000000e+01 5.100000000000000000e+01
6.400000000000000000e+01 2.700000000000000000e+01
6.500000000000000000e+01 2.400000000000000000e+01
6.600000000000000000e+01 2.100000000000000000e+01
6.700000000000000000e+01 1.600000000000000000e+01
6.800000000000000000e+01 2.100000000000000000e+01
6.900000000000000000e+01 2.300000000000000000e+01
7.000000000000000000e+01 1.700000000000000000e+01
7.100000000000000000e+01 1.700000000000000000e+01
7.200000000000000000e+01 1.000000000000000000e+01
7.300000000000000000e+01 1.200000000000000000e+01
7.400000000000000000e+01 1.100000000000000000e+01
7.500000000000000000e+01 1.000000000000000000e+01
7.600000000000000000e+01 1.400000000000000000e+01
7.700000000000000000e+01 6.000000000000000000e+00
7.800000000000000000e+01 1.600000000000000000e+01
7.900000000000000000e+01 9.000000000000000000e+00
8.000000000000000000e+01 1.200000000000000000e+01
8.100000000000000000e+01 4.000000000000000000e+00
8.200000000000000000e+01 1.100000000000000000e+01
8.300000000000000000e+01 3.000000000000000000e+00
8.400000000000000000e+01 7.000000000000000000e+00
8.600000000000000000e+01 4.000000000000000000e+00
8.700000000000000000e+01 2.000000000000000000e+00
8.800000000000000000e+01 5.000000000000000000e+00
8.900000000000000000e+01 3.000000000000000000e+00
9.000000000000000000e+01 3.000000000000000000e+00
9.100000000000000000e+01 4.000000000000000000e+00
9.200000000000000000e+01 4.000000000000000000e+00
9.300000000000000000e+01 2.000000000000000000e+00
9.400000000000000000e+01 3.000000000000000000e+00
9.500000000000000000e+01 2.000000000000000000e+00
9.600000000000000000e+01 2.000000000000000000e+00
9.700000000000000000e+01 1.000000000000000000e+00
9.800000000000000000e+01 3.000000000000000000e+00
9.900000000000000000e+01 3.000000000000000000e+00
1.000000000000000000e+02 1.000000000000000000e+00
1.010000000000000000e+02 2.000000000000000000e+00
1.050000000000000000e+02 1.000000000000000000e+00
1.150000000000000000e+02 1.000000000000000000e+00
1.190000000000000000e+02 1.000000000000000000e+00
1.230000000000000000e+02 1.000000000000000000e+00
1.410000000000000000e+02 1.000000000000000000e+00
1.430000000000000000e+02 1.000000000000000000e+00
1.880000000000000000e+02 1.000000000000000000e+00
2.080000000000000000e+02 1.000000000000000000e+00
2.090000000000000000e+02 1.000000000000000000e+00
