-4.000000000000000000e+00 9.000000000000000000e+00
-3.000000000000000000e+00 9.000000000000000000e+00
-2.000000000000000000e+00 1.300000000000000000e+01
-1.000000000000000000e+00 6.600000000000000000e+01
0.000000000000000000e+00 1.378000000000000000e+03
1.000000000000000000e+00 1.330000000000000000e+02
2.000000000000000000e+00 2.140000000000000000e+02
3.000000000000000000e+00 2.950000000000000000e+02
4.000000000000000000e+00 1.513000000000000000e+03
5.000000000000000000e+00 1.137000000000000000e+04
6.000000000000000000e+00 8.015900000000000000e+04
7.000000000000000000e+00 1.384750000000000000e+05
8.000000000000000000e+00 1.674710000000000000e+05
9.000000000000000000e+00 1.977640000000000000e+05
1.000000000000000000e+01 2.286060000000000000e+05
1.100000000000000000e+01 2.506200000000000000e+05
1.200000000000000000e+01 2.650590000000000000e+05
1.300000000000000000e+01 2.756400000000000000e+05
1.400000000000000000e+01 2.877770000000000000e+05
1.500000000000000000e+01 3.046210000000000000e+05
1.600000000000000000e+01 3.326200000000000000e+05
1.700000000000000000e+01 3.758770000000000000e+05
1.800000000000000000e+01 4.344770000000000000e+05
1.900000000000000000e+01 5.096410000000000000e+05
2.000000000000000000e+01 6.019380000000000000e+05
2.100000000000000000e+01 7.090780000000000000e+05
2.200000000000000000e+01 8.272570000000000000e+05
2.300000000000000000e+01 9.350280000000000000e+05
2.400000000000000000e+01 1.017782000000000000e+06
2.500000000000000000e+01 1.056741000000000000e+06
2.600000000000000000e+01 1.045573000000000000e+06
2.700000000000000000e+01 9.998110000000000000e+05
2.800000000000000000e+01 9.332410000000000000e+05
2.900000000000000000e+01 8.616410000000000000e+05
3.000000000000000000e+01 7.899870000000000000e+05
3.100000000000000000e+01 7.219160000000000000e+05
3.200000000000000000e+01 6.620030000000000000e+05
3.300000000000000000e+01 6.069060000000000000e+05
3.400000000000000000e+01 5.601450000000000000e+05
3.500000000000000000e+01 5.179990000000000000e+05
3.600000000000000000e+01 4.765640000000000000e+05
3.700000000000000000e+01 4.373660000000000000e+05
3.800000000000000000e+01 3.996060000000000000e+05
3.900000000000000000e+01 3.624440000000000000e+05
4.000000000000000000e+01 3.254640000000000000e+05
4.100000000000000000e+01 2.900800000000000000e+05
4.200000000000000000e+01 2.529470000000000000e+05
4.300000000000000000e+01 2.152730000000000000e+05
4.400000000000000000e+01 1.811610000000000000e+05
4.500000000000000000e+01 1.453620000000000000e+05
4.600000000000000000e+01 1.144460000000000000e+05
4.700000000000000000e+01 8.691800000000000000e+04
4.800000000000000000e+01 6.215000000000000000e+04
4.900000000000000000e+01 4.322500000000000000e+04
5.000000000000000000e+01 2.774700000000000000e+04
5.100000000000000000e+01 1.758000000000000000e+04
5.200000000000000000e+01 1.056400000000000000e+04
5.300000000000000000e+01 6.078000000000000000e+03
5.400000000000000000e+01 3.198000000000000000e+03
5.500000000000000000e+01 1.782000000000000000e+03
5.600000000000000000e+01 9.000000000000000000e+02
5.700000000000000000e+01 5.290000000000000000e+02
5.800000000000000000e+01 2.490000000000000000e+02
5.900000000000000000e+01 1.510000000000000000e+02
6.000000000000000000e+01 1.020000000000000000e+02
6.100000000000000000e+01 8.800000000000000000e+01
6.200000000000000000e+01 5.000000000000000000e+01
6.300000000000000000e+01 5.600000000000000000e+01
6.400000000000000000e+01 3.000000000000000000e+01
6.500000000000000000e+01 2.700000000000000000e+01
6.600000000000000000e+01 3.800000000000000000e+01
6.700000000000000000e+01 3.200000000000000000e+01
6.800000000000000000e+01 1.700000000000000000e+01
6.900000000000000000e+01 2.100000000000000000e+01
7.000000000000000000e+01 2.400000000000000000e+01
7.100000000000000000e+01 1.600000000000000000e+01
7.200000000000000000e+01 1.500000000000000000e+01
7.300000000000000000e+01 1.900000000000000000e+01
7.400000000000000000e+01 1.200000000000000000e+01
7.500000000000000000e+01 4.000000000000000000e+00
7.600000000000000000e+01 2.400000000000000000e+01
7.700000000000000000e+01 5.000000000000000000e+00
7.800000000000000000e+01 8.000000000000000000e+00
7.900000000000000000e+01 5.000000000000000000e+00
8.000000000000000000e+01 1.300000000000000000e+01
8.100000000000000000e+01 2.000000000000000000e+00
8.200000000000000000e+01 1.400000000000000000e+01
8.300000000000000000e+01 4.000000000000000000e+00
8.400000000000000000e+01 1.100000000000000000e+01
8.500000000000000000e+01 4.000000000000000000e+00
8.600000000000000000e+01 6.000000000000000000e+00
8.700000000000000000e+01 5.000000000000000000e+00
8.800000000000000000e+01 6.000000000000000000e+00
8.900000000000000000e+01 7.000000000000000000e+00
9.000000000000000000e+01 2.000000000000000000e+00
9.100000000000000000e+01 3.000000000000000000e+00
9.200000000000000000e+01 1.000000000000000000e+00
9.300000000000000000e+01 3.000000000000000000e+00
9.500000000000000000e+01 1.000000000000000000e+00
9.600000000000000000e+01 5.000000000000000000e+00
9.700000000000000000e+01 2.000000000000000000e+00
9.900000000000000000e+01 2.000000000000000000e+00
1.000000000000000000e+02 1.000000000000000000e+00
1.010000000000000000e+02 1.000000000000000000e+00
1.030000000000000000e+02 1.000000000000000000e+00
1.040000000000000000e+02 1.000000000000000000e+00
1.050000000000000000e+02 1.000000000000000000e+00
1.070000000000000000e+02 1.000000000000000000e+00
1.130000000000000000e+02 1.000000000000000000e+00
1.310000000000000000e+02 1.000000000000000000e+00
1.810000000000000000e+02 1.000000000000000000e+00
2.420000000000000000e+02 1.000000000000000000e+00
