-4.000000000000000000e+00 1.000000000000000000e+00
-3.000000000000000000e+00 4.000000000000000000e+00
-2.000000000000000000e+00 7.000000000000000000e+00
-1.000000000000000000e+00 3.000000000000000000e+01
0.000000000000000000e+00 1.328000000000000000e+03
1.000000000000000000e+00 6.900000000000000000e+01
2.000000000000000000e+00 1.050000000000000000e+02
3.000000000000000000e+00 1.570000000000000000e+02
4.000000000000000000e+00 1.032000000000000000e+03
5.000000000000000000e+00 6.701000000000000000e+03
6.000000000000000000e+00 4.377500000000000000e+04
7.000000000000000000e+00 7.465800000000000000e+04
8.000000000000000000e+00 8.751900000000000000e+04
9.000000000000000000e+00 9.835700000000000000e+04
1.000000000000000000e+01 1.076340000000000000e+05
1.100000000000000000e+01 1.119100000000000000e+05
1.200000000000000000e+01 1.122390000000000000e+05
1.300000000000000000e+01 1.157800000000000000e+05
1.400000000000000000e+01 1.266950000000000000e+05
1.500000000000000000e+01 1.476450000000000000e+05
1.600000000000000000e+01 1.802580000000000000e+05
1.700000000000000000e+01 2.292690000000000000e+05
1.800000000000000000e+01 2.934740000000000000e+05
1.900000000000000000e+01 3.702850000000000000e+05
2.000000000000000000e+01 4.594980000000000000e+05
2.100000000000000000e+01 5.554540000000000000e+05
2.200000000000000000e+01 6.601480000000000000e+05
2.300000000000000000e+01 7.519770000000000000e+05
2.400000000000000000e+01 8.255300000000000000e+05
2.500000000000000000e+01 8.647430000000000000e+05
2.600000000000000000e+01 8.587460000000000000e+05
2.700000000000000000e+01 8.225570000000000000e+05
2.800000000000000000e+01 7.612110000000000000e+05
2.900000000000000000e+01 6.871890000000000000e+05
3.000000000000000000e+01 6.047810000000000000e+05
3.100000000000000000e+01 5.236840000000000000e+05
3.200000000000000000e+01 4.462720000000000000e+05
3.300000000000000000e+01 3.692430000000000000e+05
3.400000000000000000e+01 2.995990000000000000e+05
3.500000000000000000e+01 2.344150000000000000e+05
3.600000000000000000e+01 1.761440000000000000e+05
3.700000000000000000e+01 1.250770000000000000e+05
3.800000000000000000e+01 8.463400000000000000e+04
3.900000000000000000e+01 5.364000000000000000e+04
4.000000000000000000e+01 3.166100000000000000e+04
4.100000000000000000e+01 1.710500000000000000e+04
4.200000000000000000e+01 8.626000000000000000e+03
4.300000000000000000e+01 3.979000000000000000e+03
4.400000000000000000e+01 1.731000000000000000e+03
4.500000000000000000e+01 7.780000000000000000e+02
4.600000000000000000e+01 3.470000000000000000e+02
4.700000000000000000e+01 1.360000000000000000e+02
4.800000000000000000e+01 7.000000000000000000e+01
4.900000000000000000e+01 5.700000000000000000e+01
5.000000000000000000e+01 3.700000000000000000e+01
5.100000000000000000e+01 4.400000000000000000e+01
5.200000000000000000e+01 1.300000000000000000e+01
5.300000000000000000e+01 4.700000000000000000e+01
5.400000000000000000e+01 2.000000000000000000e+01
5.500000000000000000e+01 3.400000000000000000e+01
5.600000000000000000e+01 1.600000000000000000e+01
5.700000000000000000e+01 2.200000000000000000e+01
5.800000000000000000e+01 9.000000000000000000e+00
5.900000000000000000e+01 2.500000000000000000e+01
6.000000000000000000e+01 1.000000000000000000e+01
6.100000000000000000e+01 9.000000000000000000e+00
6.200000000000000000e+01 6.000000000000000000e+00
6.300000000000000000e+01 1.500000000000000000e+01
6.400000000000000000e+01 7.000000000000000000e+00
6.500000000000000000e+01 1.000000000000000000e+01
6.600000000000000000e+01 1.200000000000000000e+01
6.700000000000000000e+01 7.000000000000000000e+00
6.800000000000000000e+01 6.000000000000000000e+00
6.900000000000000000e+01 3.000000000000000000e+00
7.000000000000000000e+01 3.000000000000000000e+00
7.100000000000000000e+01 8.000000000000000000e+00
7.200000000000000000e+01 3.000000000000000000e+00
7.300000000000000000e+01 1.000000000000000000e+00
7.400000000000000000e+01 1.000000000000000000e+00
7.500000000000000000e+01 2.000000000000000000e+00
7.600000000000000000e+01 4.000000000000000000e+00
7.700000000000000000e+01 4.000000000000000000e+00
7.800000000000000000e+01 3.000000000000000000e+00
8.000000000000000000e+01 5.000000000000000000e+00
8.200000000000000000e+01 1.000000000000000000e+00
8.400000000000000000e+01 1.000000000000000000e+00
8.600000000000000000e+01 1.000000000000000000e+00
9.100000000000000000e+01 1.000000000000000000e+00
9.600000000000000000e+01 1.000000000000000000e+00
1.080000000000000000e+02 1.000000000000000000e+00
1.110000000000000000e+02 1.000000000000000000e+00
1.160000000000000000e+02 1.000000000000000000e+00
1.170000000000000000e+02 1.000000000000000000e+00
1.190000000000000000e+02 1.000000000000000000e+00
1.270000000000000000e+02 1.000000000000000000e+00
3.150000000000000000e+02 1.000000000000000000e+00
4.640000000000000000e+02 1.000000000000000000e+00
5.570000000000000000e+02 1.000000000000000000e+00
6.040000000000000000e+02 1.000000000000000000e+00
7.300000000000000000e+02 1.000000000000000000e+00
1.359000000000000000e+03 1.000000000000000000e+00
