-4.000000000000000000e+00 5.000000000000000000e+00
-3.000000000000000000e+00 8.000000000000000000e+00
-2.000000000000000000e+00 2.800000000000000000e+01
-1.000000000000000000e+00 1.060000000000000000e+02
0.000000000000000000e+00 1.396000000000000000e+03
1.000000000000000000e+00 1.860000000000000000e+02
2.000000000000000000e+00 2.470000000000000000e+02
3.000000000000000000e+00 4.380000000000000000e+02
4.000000000000000000e+00 2.094000000000000000e+03
5.000000000000000000e+00 1.569400000000000000e+04
6.000000000000000000e+00 1.111830000000000000e+05
7.000000000000000000e+00 1.920180000000000000e+05
8.000000000000000000e+00 2.307260000000000000e+05
9.000000000000000000e+00 2.749790000000000000e+05
1.000000000000000000e+01 3.156130000000000000e+05
1.100000000000000000e+01 3.454790000000000000e+05
1.200000000000000000e+01 3.642100000000000000e+05
1.300000000000000000e+01 3.826160000000000000e+05
1.400000000000000000e+01 4.018160000000000000e+05
1.500000000000000000e+01 4.253350000000000000e+05
1.600000000000000000e+01 4.667850000000000000e+05
1.700000000000000000e+01 5.293540000000000000e+05
1.800000000000000000e+01 6.126180000000000000e+05
1.900000000000000000e+01 7.186640000000000000e+05
2.000000000000000000e+01 8.495850000000000000e+05
2.100000000000000000e+01 1.001447000000000000e+06
2.200000000000000000e+01 1.163168000000000000e+06
2.300000000000000000e+01 1.308786000000000000e+06
2.400000000000000000e+01 1.418061000000000000e+06
2.500000000000000000e+01 1.457971000000000000e+06
2.600000000000000000e+01 1.428773000000000000e+06
2.700000000000000000e+01 1.354209000000000000e+06
2.800000000000000000e+01 1.262796000000000000e+06
2.900000000000000000e+01 1.165026000000000000e+06
3.000000000000000000e+01 1.065487000000000000e+06
3.100000000000000000e+01 9.758320000000000000e+05
3.200000000000000000e+01 8.941460000000000000e+05
3.300000000000000000e+01 8.231490000000000000e+05
3.400000000000000000e+01 7.599070000000000000e+05
3.500000000000000000e+01 7.010360000000000000e+05
3.600000000000000000e+01 6.448980000000000000e+05
3.700000000000000000e+01 5.918450000000000000e+05
3.800000000000000000e+01 5.411670000000000000e+05
3.900000000000000000e+01 4.902350000000000000e+05
4.000000000000000000e+01 4.407500000000000000e+05
4.100000000000000000e+01 3.900540000000000000e+05
4.200000000000000000e+01 3.384430000000000000e+05
4.300000000000000000e+01 2.882840000000000000e+05
4.400000000000000000e+01 2.392280000000000000e+05
4.500000000000000000e+01 1.931270000000000000e+05
4.600000000000000000e+01 1.504060000000000000e+05
4.700000000000000000e+01 1.126660000000000000e+05
4.800000000000000000e+01 8.039500000000000000e+04
4.900000000000000000e+01 5.547100000000000000e+04
5.000000000000000000e+01 3.582800000000000000e+04
5.100000000000000000e+01 2.209800000000000000e+04
5.200000000000000000e+01 1.301400000000000000e+04
5.300000000000000000e+01 7.447000000000000000e+03
5.400000000000000000e+01 3.989000000000000000e+03
5.500000000000000000e+01 2.104000000000000000e+03
5.600000000000000000e+01 1.108000000000000000e+03
5.700000000000000000e+01 6.050000000000000000e+02
5.800000000000000000e+01 3.130000000000000000e+02
5.900000000000000000e+01 2.400000000000000000e+02
6.000000000000000000e+01 1.110000000000000000e+02
6.100000000000000000e+01 1.140000000000000000e+02
6.200000000000000000e+01 7.400000000000000000e+01
6.300000000000000000e+01 6.100000000000000000e+01
6.400000000000000000e+01 4.400000000000000000e+01
6.500000000000000000e+01 5.900000000000000000e+01
6.600000000000000000e+01 4.500000000000000000e+01
6.700000000000000000e+01 5.100000000000000000e+01
6.800000000000000000e+01 4.300000000000000000e+01
6.900000000000000000e+01 3.000000000000000000e+01
7.000000000000000000e+01 3.000000000000000000e+01
7.100000000000000000e+01 3.500000000000000000e+01
7.200000000000000000e+01 2.000000000000000000e+01
7.300000000000000000e+01 2.300000000000000000e+01
7.400000000000000000e+01 1.500000000000000000e+01
7.500000000000000000e+01 1.000000000000000000e+01
7.600000000000000000e+01 2.800000000000000000e+01
7.700000000000000000e+01 8.000000000000000000e+00
7.800000000000000000e+01 2.000000000000000000e+01
7.900000000000000000e+01 6.000000000000000000e+00
8.000000000000000000e+01 2.300000000000000000e+01
8.100000000000000000e+01 5.000000000000000000e+00
8.200000000000000000e+01 1.400000000000000000e+01
8.300000000000000000e+01 2.000000000000000000e+00
8.400000000000000000e+01 1.200000000000000000e+01
8.500000000000000000e+01 2.000000000000000000e+00
8.600000000000000000e+01 1.100000000000000000e+01
8.700000000000000000e+01 6.000000000000000000e+00
8.800000000000000000e+01 8.000000000000000000e+00
8.900000000000000000e+01 1.000000000000000000e+00
9.000000000000000000e+01 1.000000000000000000e+01
9.100000000000000000e+01 4.000000000000000000e+00
9.200000000000000000e+01 1.000000000000000000e+01
9.300000000000000000e+01 3.000000000000000000e+00
9.400000000000000000e+01 5.000000000000000000e+00
9.600000000000000000e+01 2.000000000000000000e+00
9.700000000000000000e+01 1.000000000000000000e+00
9.800000000000000000e+01 2.000000000000000000e+00
9.900000000000000000e+01 1.000000000000000000e+00
1.010000000000000000e+02 2.000000000000000000e+00
1.030000000000000000e+02 1.000000000000000000e+00
1.040000000000000000e+02 1.000000000000000000e+00
1.050000000000000000e+02 1.000000000000000000e+00
1.110000000000000000e+02 1.000000000000000000e+00
1.490000000000000000e+02 1.000000000000000000e+00
1.620000000000000000e+02 1.000000000000000000e+00
1.780000000000000000e+02 1.000000000000000000e+00
1.860000000000000000e+02 1.000000000000000000e+00
3.270000000000000000e+02 1.000000000000000000e+00
