-4.000000000000000000e+00 2.000000000000000000e+00
-3.000000000000000000e+00 1.000000000000000000e+01
-2.000000000000000000e+00 1.200000000000000000e+01
-1.000000000000000000e+00 6.000000000000000000e+01
0.000000000000000000e+00 1.363000000000000000e+03
1.000000000000000000e+00 1.090000000000000000e+02
2.000000000000000000e+00 1.290000000000000000e+02
3.000000000000000000e+00 2.280000000000000000e+02
4.000000000000000000e+00 1.126000000000000000e+03
5.000000000000000000e+00 8.457000000000000000e+03
6.000000000000000000e+00 5.809800000000000000e+04
7.000000000000000000e+00 9.884000000000000000e+04
8.000000000000000000e+00 1.147480000000000000e+05
9.000000000000000000e+00 1.313410000000000000e+05
1.000000000000000000e+01 1.447440000000000000e+05
1.100000000000000000e+01 1.523180000000000000e+05
1.200000000000000000e+01 1.567540000000000000e+05
1.300000000000000000e+01 1.674770000000000000e+05
1.400000000000000000e+01 1.875020000000000000e+05
1.500000000000000000e+01 2.238930000000000000e+05
1.600000000000000000e+01 2.795060000000000000e+05
1.700000000000000000e+01 3.565180000000000000e+05
1.800000000000000000e+01 4.548980000000000000e+05
1.900000000000000000e+01 5.716120000000000000e+05
2.000000000000000000e+01 7.025350000000000000e+05
2.100000000000000000e+01 8.428240000000000000e+05
2.200000000000000000e+01 9.874760000000000000e+05
2.300000000000000000e+01 1.111881000000000000e+06
2.400000000000000000e+01 1.208667000000000000e+06
2.500000000000000000e+01 1.243696000000000000e+06
2.600000000000000000e+01 1.226321000000000000e+06
2.700000000000000000e+01 1.155928000000000000e+06
2.800000000000000000e+01 1.055664000000000000e+06
2.900000000000000000e+01 9.411690000000000000e+05
3.000000000000000000e+01 8.169610000000000000e+05
3.100000000000000000e+01 6.955640000000000000e+05
3.200000000000000000e+01 5.809530000000000000e+05
3.300000000000000000e+01 4.761440000000000000e+05
3.400000000000000000e+01 3.811940000000000000e+05
3.500000000000000000e+01 2.943780000000000000e+05
3.600000000000000000e+01 2.178640000000000000e+05
3.700000000000000000e+01 1.525800000000000000e+05
3.800000000000000000e+01 1.020080000000000000e+05
3.900000000000000000e+01 6.341100000000000000e+04
4.000000000000000000e+01 3.714900000000000000e+04
4.100000000000000000e+01 1.958700000000000000e+04
4.200000000000000000e+01 9.677000000000000000e+03
4.300000000000000000e+01 4.396000000000000000e+03
4.400000000000000000e+01 2.043000000000000000e+03
4.500000000000000000e+01 8.700000000000000000e+02
4.600000000000000000e+01 4.130000000000000000e+02
4.700000000000000000e+01 2.060000000000000000e+02
4.800000000000000000e+01 1.020000000000000000e+02
4.900000000000000000e+01 1.060000000000000000e+02
5.000000000000000000e+01 4.700000000000000000e+01
5.100000000000000000e+01 6.300000000000000000e+01
5.200000000000000000e+01 4.100000000000000000e+01
5.300000000000000000e+01 8.000000000000000000e+01
5.400000000000000000e+01 2.300000000000000000e+01
5.500000000000000000e+01 7.300000000000000000e+01
5.600000000000000000e+01 2.200000000000000000e+01
5.700000000000000000e+01 5.200000000000000000e+01
5.800000000000000000e+01 1.500000000000000000e+01
5.900000000000000000e+01 3.100000000000000000e+01
6.000000000000000000e+01 1.700000000000000000e+01
6.100000000000000000e+01 3.300000000000000000e+01
6.200000000000000000e+01 9.000000000000000000e+00
6.300000000000000000e+01 1.800000000000000000e+01
6.400000000000000000e+01 1.300000000000000000e+01
6.500000000000000000e+01 1.300000000000000000e+01
6.600000000000000000e+01 1.300000000000000000e+01
6.700000000000000000e+01 1.000000000000000000e+01
6.800000000000000000e+01 8.000000000000000000e+00
6.900000000000000000e+01 1.400000000000000000e+01
7.000000000000000000e+01 4.000000000000000000e+00
7.100000000000000000e+01 6.000000000000000000e+00
7.200000000000000000e+01 6.000000000000000000e+00
7.300000000000000000e+01 6.000000000000000000e+00
7.400000000000000000e+01 3.000000000000000000e+00
7.600000000000000000e+01 5.000000000000000000e+00
7.700000000000000000e+01 3.000000000000000000e+00
7.800000000000000000e+01 1.000000000000000000e+00
8.000000000000000000e+01 2.000000000000000000e+00
8.100000000000000000e+01 2.000000000000000000e+00
8.200000000000000000e+01 1.000000000000000000e+00
9.000000000000000000e+01 1.000000000000000000e+00
9.100000000000000000e+01 1.000000000000000000e+00
1.020000000000000000e+02 1.000000000000000000e+00
1.390000000000000000e+02 1.000000000000000000e+00
1.440000000000000000e+02 1.000000000000000000e+00
1.470000000000000000e+02 1.000000000000000000e+00
6.470000000000000000e+02 1.000000000000000000e+00
6.750000000000000000e+02 1.000000000000000000e+00
7.790000000000000000e+02 1.000000000000000000e+00
9.050000000000000000e+02 1.000000000000000000e+00
