-4.000000000000000000e+00 6.000000000000000000e+00
-3.000000000000000000e+00 3.000000000000000000e+00
-2.000000000000000000e+00 1.000000000000000000e+01
-1.000000000000000000e+00 2.500000000000000000e+01
0.000000000000000000e+00 1.342000000000000000e+03
1.000000000000000000e+00 6.100000000000000000e+01
2.000000000000000000e+00 9.500000000000000000e+01
3.000000000000000000e+00 1.620000000000000000e+02
4.000000000000000000e+00 9.680000000000000000e+02
5.000000000000000000e+00 6.502000000000000000e+03
6.000000000000000000e+00 4.375900000000000000e+04
7.000000000000000000e+00 7.443100000000000000e+04
8.000000000000000000e+00 8.655800000000000000e+04
9.000000000000000000e+00 9.820800000000000000e+04
1.000000000000000000e+01 1.080800000000000000e+05
1.100000000000000000e+01 1.106790000000000000e+05
1.200000000000000000e+01 1.119890000000000000e+05
1.300000000000000000e+01 1.156060000000000000e+05
1.400000000000000000e+01 1.263780000000000000e+05
1.500000000000000000e+01 1.472940000000000000e+05
1.600000000000000000e+01 1.806680000000000000e+05
1.700000000000000000e+01 2.304330000000000000e+05
1.800000000000000000e+01 2.940490000000000000e+05
1.900000000000000000e+01 3.705630000000000000e+05
2.000000000000000000e+01 4.590670000000000000e+05
2.100000000000000000e+01 5.569060000000000000e+05
2.200000000000000000e+01 6.601460000000000000e+05
2.300000000000000000e+01 7.509170000000000000e+05
2.400000000000000000e+01 8.265480000000000000e+05
2.500000000000000000e+01 8.615950000000000000e+05
2.600000000000000000e+01 8.574750000000000000e+05
2.700000000000000000e+01 8.201230000000000000e+05
2.800000000000000000e+01 7.593420000000000000e+05
2.900000000000000000e+01 6.871180000000000000e+05
3.000000000000000000e+01 6.037070000000000000e+05
3.100000000000000000e+01 5.221780000000000000e+05
3.200000000000000000e+01 4.441150000000000000e+05
3.300000000000000000e+01 3.688850000000000000e+05
3.400000000000000000e+01 2.985510000000000000e+05
3.500000000000000000e+01 2.337390000000000000e+05
3.600000000000000000e+01 1.747370000000000000e+05
3.700000000000000000e+01 1.248880000000000000e+05
3.800000000000000000e+01 8.365100000000000000e+04
3.900000000000000000e+01 5.328500000000000000e+04
4.000000000000000000e+01 3.143000000000000000e+04
4.100000000000000000e+01 1.689000000000000000e+04
4.200000000000000000e+01 8.367000000000000000e+03
4.300000000000000000e+01 3.834000000000000000e+03
4.400000000000000000e+01 1.630000000000000000e+03
4.500000000000000000e+01 7.400000000000000000e+02
4.600000000000000000e+01 3.560000000000000000e+02
4.700000000000000000e+01 1.410000000000000000e+02
4.800000000000000000e+01 8.300000000000000000e+01
4.900000000000000000e+01 6.500000000000000000e+01
5.000000000000000000e+01 3.900000000000000000e+01
5.100000000000000000e+01 4.700000000000000000e+01
5.200000000000000000e+01 1.800000000000000000e+01
5.300000000000000000e+01 3.800000000000000000e+01
5.400000000000000000e+01 2.500000000000000000e+01
5.500000000000000000e+01 4.200000000000000000e+01
5.600000000000000000e+01 1.100000000000000000e+01
5.700000000000000000e+01 2.900000000000000000e+01
5.800000000000000000e+01 7.000000000000000000e+00
5.900000000000000000e+01 2.100000000000000000e+01
6.000000000000000000e+01 1.200000000000000000e+01
6.100000000000000000e+01 2.500000000000000000e+01
6.200000000000000000e+01 1.000000000000000000e+01
6.300000000000000000e+01 2.500000000000000000e+01
6.400000000000000000e+01 9.000000000000000000e+00
6.500000000000000000e+01 2.300000000000000000e+01
6.600000000000000000e+01 1.000000000000000000e+01
6.700000000000000000e+01 1.200000000000000000e+01
6.800000000000000000e+01 7.000000000000000000e+00
6.900000000000000000e+01 6.000000000000000000e+00
7.000000000000000000e+01 2.000000000000000000e+00
7.100000000000000000e+01 1.000000000000000000e+01
7.200000000000000000e+01 5.000000000000000000e+00
7.300000000000000000e+01 1.000000000000000000e+00
7.400000000000000000e+01 7.000000000000000000e+00
7.500000000000000000e+01 1.000000000000000000e+00
7.600000000000000000e+01 3.000000000000000000e+00
7.800000000000000000e+01 2.000000000000000000e+00
7.900000000000000000e+01 1.000000000000000000e+00
8.000000000000000000e+01 1.000000000000000000e+00
8.200000000000000000e+01 3.000000000000000000e+00
9.000000000000000000e+01 1.000000000000000000e+00
9.700000000000000000e+01 1.000000000000000000e+00
1.010000000000000000e+02 1.000000000000000000e+00
1.090000000000000000e+02 2.000000000000000000e+00
1.230000000000000000e+02 1.000000000000000000e+00
1.330000000000000000e+02 1.000000000000000000e+00
1.420000000000000000e+02 1.000000000000000000e+00
1.510000000000000000e+02 1.000000000000000000e+00
1.630000000000000000e+02 1.000000000000000000e+00
1.880000000000000000e+02 1.000000000000000000e+00
2.240000000000000000e+02 1.000000000000000000e+00
2.580000000000000000e+02 1.000000000000000000e+00
3.610000000000000000e+02 1.000000000000000000e+00
9.710000000000000000e+02 1.000000000000000000e+00
