-4.000000000000000000e+00 2.000000000000000000e+00
-3.000000000000000000e+00 1.000000000000000000e+00
-2.000000000000000000e+00 2.000000000000000000e+00
-1.000000000000000000e+00 6.000000000000000000e+00
0.000000000000000000e+00 1.329000000000000000e+03
1.000000000000000000e+00 2.100000000000000000e+01
2.000000000000000000e+00 3.200000000000000000e+01
3.000000000000000000e+00 6.800000000000000000e+01
4.000000000000000000e+00 4.880000000000000000e+02
5.000000000000000000e+00 2.480000000000000000e+03
6.000000000000000000e+00 1.309900000000000000e+04
7.000000000000000000e+00 2.469300000000000000e+04
8.000000000000000000e+00 3.545200000000000000e+04
9.000000000000000000e+00 5.083800000000000000e+04
1.000000000000000000e+01 7.174800000000000000e+04
1.100000000000000000e+01 9.876600000000000000e+04
1.200000000000000000e+01 1.343350000000000000e+05
1.300000000000000000e+01 1.819220000000000000e+05
1.400000000000000000e+01 2.422340000000000000e+05
1.500000000000000000e+01 3.133530000000000000e+05
1.600000000000000000e+01 3.995830000000000000e+05
1.700000000000000000e+01 5.038380000000000000e+05
1.800000000000000000e+01 6.140690000000000000e+05
1.900000000000000000e+01 7.137760000000000000e+05
2.000000000000000000e+01 7.847260000000000000e+05
2.100000000000000000e+01 8.118880000000000000e+05
2.200000000000000000e+01 7.819560000000000000e+05
2.300000000000000000e+01 6.808540000000000000e+05
2.400000000000000000e+01 5.273070000000000000e+05
2.500000000000000000e+01 3.531630000000000000e+05
2.600000000000000000e+01 2.025500000000000000e+05
2.700000000000000000e+01 1.031420000000000000e+05
2.800000000000000000e+01 4.912800000000000000e+04
2.900000000000000000e+01 2.295700000000000000e+04
3.000000000000000000e+01 1.098200000000000000e+04
3.100000000000000000e+01 5.258000000000000000e+03
3.200000000000000000e+01 2.378000000000000000e+03
3.300000000000000000e+01 9.550000000000000000e+02
3.400000000000000000e+01 3.600000000000000000e+02
3.500000000000000000e+01 1.490000000000000000e+02
3.600000000000000000e+01 6.500000000000000000e+01
3.700000000000000000e+01 2.600000000000000000e+01
3.800000000000000000e+01 2.900000000000000000e+01
3.900000000000000000e+01 1.000000000000000000e+01
4.000000000000000000e+01 1.900000000000000000e+01
4.100000000000000000e+01 1.500000000000000000e+01
4.200000000000000000e+01 7.000000000000000000e+00
4.300000000000000000e+01 1.200000000000000000e+01
4.400000000000000000e+01 9.000000000000000000e+00
4.500000000000000000e+01 9.000000000000000000e+00
4.600000000000000000e+01 1.200000000000000000e+01
4.700000000000000000e+01 8.000000000000000000e+00
4.800000000000000000e+01 4.000000000000000000e+00
4.900000000000000000e+01 1.000000000000000000e+01
5.000000000000000000e+01 5.000000000000000000e+00
5.100000000000000000e+01 5.000000000000000000e+00
5.300000000000000000e+01 1.000000000000000000e+00
5.600000000000000000e+01 1.000000000000000000e+00
5.700000000000000000e+01 3.000000000000000000e+00
5.900000000000000000e+01 1.000000000000000000e+00
6.000000000000000000e+01 1.000000000000000000e+00
6.900000000000000000e+01 1.000000000000000000e+00
7.000000000000000000e+01 1.000000000000000000e+00
7.100000000000000000e+01 1.000000000000000000e+00
7.800000000000000000e+01 1.000000000000000000e+00
8.300000000000000000e+01 1.000000000000000000e+00
8.700000000000000000e+01 1.000000000000000000e+00
8.900000000000000000e+01 2.000000000000000000e+00
9.100000000000000000e+01 1.000000000000000000e+00
9.300000000000000000e+01 1.000000000000000000e+00
1.050000000000000000e+02 2.000000000000000000e+00
1.090000000000000000e+02 1.000000000000000000e+00
1.110000000000000000e+02 1.000000000000000000e+00
1.120000000000000000e+02 1.000000000000000000e+00
1.170000000000000000e+02 2.000000000000000000e+00
1.210000000000000000e+02 1.000000000000000000e+00
1.270000000000000000e+02 1.000000000000000000e+00
1.460000000000000000e+02 1.000000000000000000e+00
1.860000000000000000e+02 1.000000000000000000e+00
1.990000000000000000e+02 1.000000000000000000e+00
2.010000000000000000e+02 1.000000000000000000e+00
2.060000000000000000e+02 1.000000000000000000e+00
2.180000000000000000e+02 1.000000000000000000e+00
2.320000000000000000e+02 1.000000000000000000e+00
2.350000000000000000e+02 1.000000000000000000e+00
2.830000000000000000e+02 1.000000000000000000e+00
3.060000000000000000e+02 1.000000000000000000e+00
3.130000000000000000e+02 1.000000000000000000e+00
3.400000000000000000e+02 1.000000000000000000e+00
4.720000000000000000e+02 1.000000000000000000e+00
5.790000000000000000e+02 1.000000000000000000e+00
5.820000000000000000e+02 1.000000000000000000e+00
6.340000000000000000e+02 1.000000000000000000e+00
7.200000000000000000e+02 1.000000000000000000e+00
7.750000000000000000e+02 2.000000000000000000e+00
9.300000000000000000e+02 1.000000000000000000e+00
1.187000000000000000e+03 1.000000000000000000e+00
1.692000000000000000e+03 1.000000000000000000e+00
