-4.000000000000000000e+00 3.000000000000000000e+00
-3.000000000000000000e+00 3.000000000000000000e+00
-2.000000000000000000e+00 3.000000000000000000e+00
-1.000000000000000000e+00 3.900000000000000000e+01
0.000000000000000000e+00 1.332000000000000000e+03
1.000000000000000000e+00 6.900000000000000000e+01
2.000000000000000000e+00 9.600000000000000000e+01
3.000000000000000000e+00 1.620000000000000000e+02
4.000000000000000000e+00 1.015000000000000000e+03
5.000000000000000000e+00 6.531000000000000000e+03
6.000000000000000000e+00 4.415400000000000000e+04
7.000000000000000000e+00 7.462500000000000000e+04
8.000000000000000000e+00 8.698100000000000000e+04
9.000000000000000000e+00 9.855400000000000000e+04
1.000000000000000000e+01 1.079600000000000000e+05
1.100000000000000000e+01 1.118380000000000000e+05
1.200000000000000000e+01 1.127450000000000000e+05
1.300000000000000000e+01 1.167870000000000000e+05
1.400000000000000000e+01 1.278050000000000000e+05
1.500000000000000000e+01 1.484280000000000000e+05
1.600000000000000000e+01 1.830830000000000000e+05
1.700000000000000000e+01 2.322590000000000000e+05
1.800000000000000000e+01 2.965520000000000000e+05
1.900000000000000000e+01 3.741110000000000000e+05
2.000000000000000000e+01 4.620590000000000000e+05
2.100000000000000000e+01 5.599320000000000000e+05
2.200000000000000000e+01 6.629020000000000000e+05
2.300000000000000000e+01 7.553840000000000000e+05
2.400000000000000000e+01 8.302010000000000000e+05
2.500000000000000000e+01 8.649710000000000000e+05
2.600000000000000000e+01 8.599890000000000000e+05
2.700000000000000000e+01 8.242080000000000000e+05
2.800000000000000000e+01 7.591470000000000000e+05
2.900000000000000000e+01 6.889970000000000000e+05
3.000000000000000000e+01 6.031990000000000000e+05
3.100000000000000000e+01 5.212870000000000000e+05
3.200000000000000000e+01 4.426680000000000000e+05
3.300000000000000000e+01 3.685340000000000000e+05
3.400000000000000000e+01 2.974160000000000000e+05
3.500000000000000000e+01 2.332320000000000000e+05
3.600000000000000000e+01 1.740880000000000000e+05
3.700000000000000000e+01 1.238220000000000000e+05
3.800000000000000000e+01 8.300100000000000000e+04
3.900000000000000000e+01 5.280000000000000000e+04
4.000000000000000000e+01 3.087900000000000000e+04
4.100000000000000000e+01 1.667800000000000000e+04
4.200000000000000000e+01 8.294000000000000000e+03
4.300000000000000000e+01 3.860000000000000000e+03
4.400000000000000000e+01 1.670000000000000000e+03
4.500000000000000000e+01 6.810000000000000000e+02
4.600000000000000000e+01 3.070000000000000000e+02
4.700000000000000000e+01 1.630000000000000000e+02
4.800000000000000000e+01 7.200000000000000000e+01
4.900000000000000000e+01 5.300000000000000000e+01
5.000000000000000000e+01 3.400000000000000000e+01
5.100000000000000000e+01 3.600000000000000000e+01
5.200000000000000000e+01 2.300000000000000000e+01
5.300000000000000000e+01 3.200000000000000000e+01
5.400000000000000000e+01 2.500000000000000000e+01
5.500000000000000000e+01 3.100000000000000000e+01
5.600000000000000000e+01 8.000000000000000000e+00
5.700000000000000000e+01 2.300000000000000000e+01
5.800000000000000000e+01 5.000000000000000000e+00
5.900000000000000000e+01 1.500000000000000000e+01
6.000000000000000000e+01 6.000000000000000000e+00
6.100000000000000000e+01 2.000000000000000000e+01
6.200000000000000000e+01 4.000000000000000000e+00
6.300000000000000000e+01 1.500000000000000000e+01
6.400000000000000000e+01 7.000000000000000000e+00
6.500000000000000000e+01 7.000000000000000000e+00
6.600000000000000000e+01 8.000000000000000000e+00
6.700000000000000000e+01 7.000000000000000000e+00
6.800000000000000000e+01 5.000000000000000000e+00
6.900000000000000000e+01 2.000000000000000000e+00
7.000000000000000000e+01 5.000000000000000000e+00
7.100000000000000000e+01 3.000000000000000000e+00
7.200000000000000000e+01 3.000000000000000000e+00
7.300000000000000000e+01 3.000000000000000000e+00
7.400000000000000000e+01 6.000000000000000000e+00
7.500000000000000000e+01 2.000000000000000000e+00
7.600000000000000000e+01 6.000000000000000000e+00
7.700000000000000000e+01 2.000000000000000000e+00
7.800000000000000000e+01 3.000000000000000000e+00
8.000000000000000000e+01 2.000000000000000000e+00
8.500000000000000000e+01 1.000000000000000000e+00
8.900000000000000000e+01 1.000000000000000000e+00
1.190000000000000000e+02 1.000000000000000000e+00
1.270000000000000000e+02 1.000000000000000000e+00
1.380000000000000000e+02 2.000000000000000000e+00
7.180000000000000000e+02 1.000000000000000000e+00
