-4.000000000000000000e+00 3.000000000000000000e+00
-3.000000000000000000e+00 8.000000000000000000e+00
-2.000000000000000000e+00 1.400000000000000000e+01
-1.000000000000000000e+00 6.700000000000000000e+01
0.000000000000000000e+00 1.382000000000000000e+03
1.000000000000000000e+00 1.270000000000000000e+02
2.000000000000000000e+00 1.830000000000000000e+02
3.000000000000000000e+00 2.980000000000000000e+02
4.000000000000000000e+00 1.464000000000000000e+03
5.000000000000000000e+00 1.120100000000000000e+04
6.000000000000000000e+00 7.881200000000000000e+04
7.000000000000000000e+00 1.379570000000000000e+05
8.000000000000000000e+00 1.655830000000000000e+05
9.000000000000000000e+00 1.956650000000000000e+05
1.000000000000000000e+01 2.267340000000000000e+05
1.100000000000000000e+01 2.473710000000000000e+05
1.200000000000000000e+01 2.610320000000000000e+05
1.300000000000000000e+01 2.730420000000000000e+05
1.400000000000000000e+01 2.851400000000000000e+05
1.500000000000000000e+01 3.023470000000000000e+05
1.600000000000000000e+01 3.298580000000000000e+05
1.700000000000000000e+01 3.716340000000000000e+05
1.800000000000000000e+01 4.304640000000000000e+05
1.900000000000000000e+01 5.053200000000000000e+05
2.000000000000000000e+01 5.945640000000000000e+05
2.100000000000000000e+01 7.042320000000000000e+05
2.200000000000000000e+01 8.188800000000000000e+05
2.300000000000000000e+01 9.239390000000000000e+05
2.400000000000000000e+01 1.007250000000000000e+06
2.500000000000000000e+01 1.046649000000000000e+06
2.600000000000000000e+01 1.034046000000000000e+06
2.700000000000000000e+01 9.853330000000000000e+05
2.800000000000000000e+01 9.185440000000000000e+05
2.900000000000000000e+01 8.511970000000000000e+05
3.000000000000000000e+01 7.791170000000000000e+05
3.100000000000000000e+01 7.109960000000000000e+05
3.200000000000000000e+01 6.533930000000000000e+05
3.300000000000000000e+01 5.994400000000000000e+05
3.400000000000000000e+01 5.537920000000000000e+05
3.500000000000000000e+01 5.101300000000000000e+05
3.600000000000000000e+01 4.701610000000000000e+05
3.700000000000000000e+01 4.300300000000000000e+05
3.800000000000000000e+01 3.945120000000000000e+05
3.900000000000000000e+01 3.574210000000000000e+05
4.000000000000000000e+01 3.216190000000000000e+05
4.100000000000000000e+01 2.856980000000000000e+05
4.200000000000000000e+01 2.489320000000000000e+05
4.300000000000000000e+01 2.125360000000000000e+05
4.400000000000000000e+01 1.766230000000000000e+05
4.500000000000000000e+01 1.430040000000000000e+05
4.600000000000000000e+01 1.114350000000000000e+05
4.700000000000000000e+01 8.480800000000000000e+04
4.800000000000000000e+01 6.162000000000000000e+04
4.900000000000000000e+01 4.217400000000000000e+04
5.000000000000000000e+01 2.780900000000000000e+04
5.100000000000000000e+01 1.715700000000000000e+04
5.200000000000000000e+01 1.030100000000000000e+04
5.300000000000000000e+01 5.667000000000000000e+03
5.400000000000000000e+01 3.200000000000000000e+03
5.500000000000000000e+01 1.634000000000000000e+03
5.600000000000000000e+01 8.900000000000000000e+02
5.700000000000000000e+01 4.630000000000000000e+02
5.800000000000000000e+01 2.450000000000000000e+02
5.900000000000000000e+01 1.680000000000000000e+02
6.000000000000000000e+01 7.800000000000000000e+01
6.100000000000000000e+01 8.400000000000000000e+01
6.200000000000000000e+01 4.800000000000000000e+01
6.300000000000000000e+01 5.600000000000000000e+01
6.400000000000000000e+01 3.500000000000000000e+01
6.500000000000000000e+01 4.100000000000000000e+01
6.600000000000000000e+01 2.900000000000000000e+01
6.700000000000000000e+01 2.000000000000000000e+01
6.800000000000000000e+01 2.500000000000000000e+01
6.900000000000000000e+01 3.000000000000000000e+01
7.000000000000000000e+01 3.000000000000000000e+01
7.100000000000000000e+01 2.100000000000000000e+01
7.200000000000000000e+01 1.700000000000000000e+01
7.300000000000000000e+01 1.700000000000000000e+01
7.400000000000000000e+01 1.900000000000000000e+01
7.500000000000000000e+01 7.000000000000000000e+00
7.600000000000000000e+01 2.500000000000000000e+01
7.700000000000000000e+01 8.000000000000000000e+00
7.800000000000000000e+01 2.000000000000000000e+01
7.900000000000000000e+01 5.000000000000000000e+00
8.000000000000000000e+01 1.700000000000000000e+01
8.100000000000000000e+01 8.000000000000000000e+00
8.200000000000000000e+01 1.700000000000000000e+01
8.300000000000000000e+01 2.000000000000000000e+00
8.400000000000000000e+01 7.000000000000000000e+00
8.500000000000000000e+01 3.000000000000000000e+00
8.600000000000000000e+01 9.000000000000000000e+00
8.700000000000000000e+01 5.000000000000000000e+00
8.800000000000000000e+01 4.000000000000000000e+00
8.900000000000000000e+01 3.000000000000000000e+00
9.000000000000000000e+01 2.000000000000000000e+00
9.100000000000000000e+01 1.000000000000000000e+00
9.200000000000000000e+01 4.000000000000000000e+00
9.300000000000000000e+01 2.000000000000000000e+00
9.400000000000000000e+01 1.000000000000000000e+00
9.500000000000000000e+01 4.000000000000000000e+00
9.700000000000000000e+01 2.000000000000000000e+00
9.800000000000000000e+01 2.000000000000000000e+00
9.900000000000000000e+01 1.000000000000000000e+00
1.000000000000000000e+02 1.000000000000000000e+00
1.010000000000000000e+02 1.000000000000000000e+00
1.030000000000000000e+02 1.000000000000000000e+00
1.050000000000000000e+02 1.000000000000000000e+00
1.070000000000000000e+02 2.000000000000000000e+00
1.190000000000000000e+02 1.000000000000000000e+00
1.340000000000000000e+02 2.000000000000000000e+00
1.350000000000000000e+02 1.000000000000000000e+00
2.210000000000000000e+02 1.000000000000000000e+00
2.390000000000000000e+02 1.000000000000000000e+00
3.580000000000000000e+02 1.000000000000000000e+00
1.111000000000000000e+03 1.000000000000000000e+00
