-4.000000000000000000e+00 4.000000000000000000e+00
-3.000000000000000000e+00 5.000000000000000000e+00
-2.000000000000000000e+00 1.900000000000000000e+01
-1.000000000000000000e+00 6.700000000000000000e+01
0.000000000000000000e+00 1.371000000000000000e+03
1.000000000000000000e+00 1.050000000000000000e+02
2.000000000000000000e+00 1.190000000000000000e+02
3.000000000000000000e+00 2.230000000000000000e+02
4.000000000000000000e+00 1.217000000000000000e+03
5.000000000000000000e+00 8.667000000000000000e+03
6.000000000000000000e+00 6.073600000000000000e+04
7.000000000000000000e+00 1.020490000000000000e+05
8.000000000000000000e+00 1.188610000000000000e+05
9.000000000000000000e+00 1.358770000000000000e+05
1.000000000000000000e+01 1.510180000000000000e+05
1.100000000000000000e+01 1.575930000000000000e+05
1.200000000000000000e+01 1.624600000000000000e+05
1.300000000000000000e+01 1.717870000000000000e+05
1.400000000000000000e+01 1.939570000000000000e+05
1.500000000000000000e+01 2.309210000000000000e+05
1.600000000000000000e+01 2.868790000000000000e+05
1.700000000000000000e+01 3.672180000000000000e+05
1.800000000000000000e+01 4.691440000000000000e+05
1.900000000000000000e+01 5.892950000000000000e+05
2.000000000000000000e+01 7.231990000000000000e+05
2.100000000000000000e+01 8.679240000000000000e+05
2.200000000000000000e+01 1.019272000000000000e+06
2.300000000000000000e+01 1.150495000000000000e+06
2.400000000000000000e+01 1.247735000000000000e+06
2.500000000000000000e+01 1.289410000000000000e+06
2.600000000000000000e+01 1.270739000000000000e+06
2.700000000000000000e+01 1.199818000000000000e+06
2.800000000000000000e+01 1.099033000000000000e+06
2.900000000000000000e+01 9.761450000000000000e+05
3.000000000000000000e+01 8.484580000000000000e+05
3.100000000000000000e+01 7.231640000000000000e+05
3.200000000000000000e+01 6.059100000000000000e+05
3.300000000000000000e+01 4.962260000000000000e+05
3.400000000000000000e+01 3.964410000000000000e+05
3.500000000000000000e+01 3.083900000000000000e+05
3.600000000000000000e+01 2.279810000000000000e+05
3.700000000000000000e+01 1.602910000000000000e+05
3.800000000000000000e+01 1.069390000000000000e+05
3.900000000000000000e+01 6.705400000000000000e+04
4.000000000000000000e+01 3.898700000000000000e+04
4.100000000000000000e+01 2.092500000000000000e+04
4.200000000000000000e+01 1.021800000000000000e+04
4.300000000000000000e+01 4.699000000000000000e+03
4.400000000000000000e+01 2.055000000000000000e+03
4.500000000000000000e+01 9.830000000000000000e+02
4.600000000000000000e+01 4.240000000000000000e+02
4.700000000000000000e+01 1.900000000000000000e+02
4.800000000000000000e+01 1.060000000000000000e+02
4.900000000000000000e+01 1.090000000000000000e+02
5.000000000000000000e+01 3.600000000000000000e+01
5.100000000000000000e+01 8.400000000000000000e+01
5.200000000000000000e+01 3.400000000000000000e+01
5.300000000000000000e+01 5.800000000000000000e+01
5.400000000000000000e+01 3.100000000000000000e+01
5.500000000000000000e+01 7.100000000000000000e+01
5.600000000000000000e+01 2.100000000000000000e+01
5.700000000000000000e+01 4.300000000000000000e+01
5.800000000000000000e+01 1.700000000000000000e+01
5.900000000000000000e+01 3.300000000000000000e+01
6.000000000000000000e+01 1.300000000000000000e+01
6.100000000000000000e+01 3.100000000000000000e+01
6.200000000000000000e+01 2.000000000000000000e+01
6.300000000000000000e+01 2.900000000000000000e+01
6.400000000000000000e+01 1.600000000000000000e+01
6.500000000000000000e+01 1.900000000000000000e+01
6.600000000000000000e+01 1.500000000000000000e+01
6.700000000000000000e+01 1.300000000000000000e+01
6.800000000000000000e+01 7.000000000000000000e+00
6.900000000000000000e+01 1.800000000000000000e+01
7.000000000000000000e+01 1.400000000000000000e+01
7.100000000000000000e+01 8.000000000000000000e+00
7.200000000000000000e+01 6.000000000000000000e+00
7.300000000000000000e+01 7.000000000000000000e+00
7.500000000000000000e+01 1.000000000000000000e+00
7.600000000000000000e+01 4.000000000000000000e+00
7.700000000000000000e+01 1.000000000000000000e+00
7.800000000000000000e+01 5.000000000000000000e+00
7.900000000000000000e+01 1.000000000000000000e+00
8.000000000000000000e+01 2.000000000000000000e+00
8.100000000000000000e+01 3.000000000000000000e+00
8.600000000000000000e+01 1.000000000000000000e+00
8.800000000000000000e+01 1.000000000000000000e+00
1.150000000000000000e+02 1.000000000000000000e+00
1.360000000000000000e+02 1.000000000000000000e+00
1.550000000000000000e+02 1.000000000000000000e+00
1.610000000000000000e+02 1.000000000000000000e+00
2.390000000000000000e+02 1.000000000000000000e+00
2.880000000000000000e+02 1.000000000000000000e+00
4.230000000000000000e+02 1.000000000000000000e+00
7.020000000000000000e+02 1.000000000000000000e+00
7.870000000000000000e+02 1.000000000000000000e+00
