-2.000000000000000000e+00 1.000000000000000000e+00
-1.000000000000000000e+00 5.000000000000000000e+00
0.000000000000000000e+00 1.334000000000000000e+03
1.000000000000000000e+00 1.500000000000000000e+01
2.000000000000000000e+00 3.500000000000000000e+01
3.000000000000000000e+00 5.300000000000000000e+01
4.000000000000000000e+00 5.050000000000000000e+02
5.000000000000000000e+00 2.532000000000000000e+03
6.000000000000000000e+00 1.366200000000000000e+04
7.000000000000000000e+00 2.525400000000000000e+04
8.000000000000000000e+00 3.615300000000000000e+04
9.000000000000000000e+00 5.193400000000000000e+04
1.000000000000000000e+01 7.341700000000000000e+04
1.100000000000000000e+01 1.009420000000000000e+05
1.200000000000000000e+01 1.370110000000000000e+05
1.300000000000000000e+01 1.850960000000000000e+05
1.400000000000000000e+01 2.450670000000000000e+05
1.500000000000000000e+01 3.181810000000000000e+05
1.600000000000000000e+01 4.052500000000000000e+05
1.700000000000000000e+01 5.086040000000000000e+05
1.800000000000000000e+01 6.199680000000000000e+05
1.900000000000000000e+01 7.172180000000000000e+05
2.000000000000000000e+01 7.859430000000000000e+05
2.100000000000000000e+01 8.058220000000000000e+05
2.200000000000000000e+01 7.706260000000000000e+05
2.300000000000000000e+01 6.636260000000000000e+05
2.400000000000000000e+01 5.077280000000000000e+05
2.500000000000000000e+01 3.329290000000000000e+05
2.600000000000000000e+01 1.889840000000000000e+05
2.700000000000000000e+01 9.445400000000000000e+04
2.800000000000000000e+01 4.393000000000000000e+04
2.900000000000000000e+01 2.072600000000000000e+04
3.000000000000000000e+01 1.011400000000000000e+04
3.100000000000000000e+01 4.902000000000000000e+03
3.200000000000000000e+01 2.098000000000000000e+03
3.300000000000000000e+01 9.010000000000000000e+02
3.400000000000000000e+01 3.240000000000000000e+02
3.500000000000000000e+01 1.180000000000000000e+02
3.600000000000000000e+01 6.200000000000000000e+01
3.700000000000000000e+01 2.700000000000000000e+01
3.800000000000000000e+01 2.200000000000000000e+01
3.900000000000000000e+01 7.000000000000000000e+00
4.000000000000000000e+01 2.600000000000000000e+01
4.100000000000000000e+01 1.100000000000000000e+01
4.200000000000000000e+01 1.100000000000000000e+01
4.300000000000000000e+01 6.000000000000000000e+00
4.400000000000000000e+01 1.100000000000000000e+01
4.500000000000000000e+01 3.000000000000000000e+00
4.600000000000000000e+01 6.000000000000000000e+00
4.700000000000000000e+01 4.000000000000000000e+00
4.800000000000000000e+01 4.000000000000000000e+00
4.900000000000000000e+01 6.000000000000000000e+00
5.100000000000000000e+01 7.000000000000000000e+00
5.200000000000000000e+01 4.000000000000000000e+00
5.300000000000000000e+01 2.000000000000000000e+00
5.500000000000000000e+01 1.000000000000000000e+00
5.700000000000000000e+01 2.000000000000000000e+00
5.900000000000000000e+01 1.000000000000000000e+00
6.100000000000000000e+01 2.000000000000000000e+00
6.200000000000000000e+01 2.000000000000000000e+00
6.400000000000000000e+01 2.000000000000000000e+00
6.700000000000000000e+01 1.000000000000000000e+00
6.800000000000000000e+01 1.000000000000000000e+00
7.000000000000000000e+01 1.000000000000000000e+00
7.200000000000000000e+01 2.000000000000000000e+00
7.500000000000000000e+01 1.000000000000000000e+00
7.700000000000000000e+01 1.000000000000000000e+00
8.000000000000000000e+01 2.000000000000000000e+00
8.100000000000000000e+01 1.000000000000000000e+00
8.200000000000000000e+01 2.000000000000000000e+00
8.900000000000000000e+01 1.000000000000000000e+00
9.100000000000000000e+01 1.000000000000000000e+00
9.400000000000000000e+01 1.000000000000000000e+00
9.700000000000000000e+01 1.000000000000000000e+00
9.900000000000000000e+01 1.000000000000000000e+00
1.020000000000000000e+02 1.000000000000000000e+00
1.060000000000000000e+02 1.000000000000000000e+00
1.130000000000000000e+02 1.000000000000000000e+00
1.170000000000000000e+02 1.000000000000000000e+00
1.180000000000000000e+02 1.000000000000000000e+00
1.200000000000000000e+02 1.000000000000000000e+00
1.350000000000000000e+02 1.000000000000000000e+00
1.370000000000000000e+02 2.000000000000000000e+00
1.470000000000000000e+02 1.000000000000000000e+00
1.530000000000000000e+02 1.000000000000000000e+00
1.540000000000000000e+02 2.000000000000000000e+00
1.680000000000000000e+02 1.000000000000000000e+00
1.920000000000000000e+02 1.000000000000000000e+00
1.940000000000000000e+02 1.000000000000000000e+00
1.990000000000000000e+02 1.000000000000000000e+00
2.430000000000000000e+02 1.000000000000000000e+00
2.520000000000000000e+02 1.000000000000000000e+00
2.850000000000000000e+02 1.000000000000000000e+00
2.920000000000000000e+02 1.000000000000000000e+00
3.710000000000000000e+02 1.000000000000000000e+00
4.000000000000000000e+02 1.000000000000000000e+00
7.050000000000000000e+02 1.000000000000000000e+00
7.130000000000000000e+02 1.000000000000000000e+00
1.501000000000000000e+03 1.000000000000000000e+00
1.561000000000000000e+03 1.000000000000000000e+00
5.043000000000000000e+03 1.000000000000000000e+00
