-4.000000000000000000e+00 5.000000000000000000e+00
-3.000000000000000000e+00 6.000000000000000000e+00
-2.000000000000000000e+00 1.200000000000000000e+01
-1.000000000000000000e+00 4.600000000000000000e+01
0.000000000000000000e+00 1.367000000000000000e+03
1.000000000000000000e+00 1.040000000000000000e+02
2.000000000000000000e+00 1.260000000000000000e+02
3.000000000000000000e+00 2.300000000000000000e+02
4.000000000000000000e+00 1.126000000000000000e+03
5.000000000000000000e+00 8.626000000000000000e+03
6.000000000000000000e+00 5.958900000000000000e+04
7.000000000000000000e+00 1.016990000000000000e+05
8.000000000000000000e+00 1.171640000000000000e+05
9.000000000000000000e+00 1.339230000000000000e+05
1.000000000000000000e+01 1.482460000000000000e+05
1.100000000000000000e+01 1.548230000000000000e+05
1.200000000000000000e+01 1.595730000000000000e+05
1.300000000000000000e+01 1.692500000000000000e+05
1.400000000000000000e+01 1.903520000000000000e+05
1.500000000000000000e+01 2.271540000000000000e+05
1.600000000000000000e+01 2.823350000000000000e+05
1.700000000000000000e+01 3.621230000000000000e+05
1.800000000000000000e+01 4.616530000000000000e+05
1.900000000000000000e+01 5.790470000000000000e+05
2.000000000000000000e+01 7.129090000000000000e+05
2.100000000000000000e+01 8.539780000000000000e+05
2.200000000000000000e+01 1.004656000000000000e+06
2.300000000000000000e+01 1.132405000000000000e+06
2.400000000000000000e+01 1.229544000000000000e+06
2.500000000000000000e+01 1.270494000000000000e+06
2.600000000000000000e+01 1.256228000000000000e+06
2.700000000000000000e+01 1.186784000000000000e+06
2.800000000000000000e+01 1.086187000000000000e+06
2.900000000000000000e+01 9.678780000000000000e+05
3.000000000000000000e+01 8.428380000000000000e+05
3.100000000000000000e+01 7.181270000000000000e+05
3.200000000000000000e+01 6.012410000000000000e+05
3.300000000000000000e+01 4.924050000000000000e+05
3.400000000000000000e+01 3.952640000000000000e+05
3.500000000000000000e+01 3.062480000000000000e+05
3.600000000000000000e+01 2.257110000000000000e+05
3.700000000000000000e+01 1.596730000000000000e+05
3.800000000000000000e+01 1.067240000000000000e+05
3.900000000000000000e+01 6.695400000000000000e+04
4.000000000000000000e+01 3.868200000000000000e+04
4.100000000000000000e+01 2.097600000000000000e+04
4.200000000000000000e+01 1.042400000000000000e+04
4.300000000000000000e+01 4.628000000000000000e+03
4.400000000000000000e+01 2.121000000000000000e+03
4.500000000000000000e+01 8.900000000000000000e+02
4.600000000000000000e+01 4.590000000000000000e+02
4.700000000000000000e+01 2.230000000000000000e+02
4.800000000000000000e+01 1.060000000000000000e+02
4.900000000000000000e+01 1.040000000000000000e+02
5.000000000000000000e+01 5.900000000000000000e+01
5.100000000000000000e+01 8.000000000000000000e+01
5.200000000000000000e+01 3.700000000000000000e+01
5.300000000000000000e+01 6.700000000000000000e+01
5.400000000000000000e+01 2.200000000000000000e+01
5.500000000000000000e+01 6.200000000000000000e+01
5.600000000000000000e+01 1.800000000000000000e+01
5.700000000000000000e+01 4.000000000000000000e+01
5.800000000000000000e+01 1.400000000000000000e+01
5.900000000000000000e+01 5.600000000000000000e+01
6.000000000000000000e+01 1.700000000000000000e+01
6.100000000000000000e+01 4.500000000000000000e+01
6.200000000000000000e+01 1.500000000000000000e+01
6.300000000000000000e+01 3.000000000000000000e+01
6.400000000000000000e+01 1.300000000000000000e+01
6.500000000000000000e+01 1.500000000000000000e+01
6.600000000000000000e+01 1.000000000000000000e+01
6.700000000000000000e+01 1.800000000000000000e+01
6.800000000000000000e+01 7.000000000000000000e+00
6.900000000000000000e+01 1.300000000000000000e+01
7.000000000000000000e+01 4.000000000000000000e+00
7.100000000000000000e+01 6.000000000000000000e+00
7.200000000000000000e+01 1.200000000000000000e+01
7.300000000000000000e+01 3.000000000000000000e+00
7.400000000000000000e+01 4.000000000000000000e+00
7.500000000000000000e+01 2.000000000000000000e+00
7.600000000000000000e+01 5.000000000000000000e+00
7.700000000000000000e+01 1.000000000000000000e+00
7.800000000000000000e+01 3.000000000000000000e+00
8.000000000000000000e+01 1.000000000000000000e+00
8.200000000000000000e+01 1.000000000000000000e+00
8.400000000000000000e+01 1.000000000000000000e+00
8.600000000000000000e+01 1.000000000000000000e+00
8.700000000000000000e+01 1.000000000000000000e+00
9.900000000000000000e+01 1.000000000000000000e+00
1.010000000000000000e+02 1.000000000000000000e+00
1.900000000000000000e+02 1.000000000000000000e+00
2.080000000000000000e+02 1.000000000000000000e+00
1.448000000000000000e+03 1.000000000000000000e+00
1.601000000000000000e+03 1.000000000000000000e+00
