-4.000000000000000000e+00 1.000000000000000000e+00
-3.000000000000000000e+00 3.000000000000000000e+00
-2.000000000000000000e+00 1.500000000000000000e+01
-1.000000000000000000e+00 5.500000000000000000e+01
0.000000000000000000e+00 1.371000000000000000e+03
1.000000000000000000e+00 1.000000000000000000e+02
2.000000000000000000e+00 1.470000000000000000e+02
3.000000000000000000e+00 2.040000000000000000e+02
4.000000000000000000e+00 1.093000000000000000e+03
5.000000000000000000e+00 8.600000000000000000e+03
6.000000000000000000e+00 5.922700000000000000e+04
7.000000000000000000e+00 1.010150000000000000e+05
8.000000000000000000e+00 1.170170000000000000e+05
9.000000000000000000e+00 1.334360000000000000e+05
1.000000000000000000e+01 1.471240000000000000e+05
1.100000000000000000e+01 1.539510000000000000e+05
1.200000000000000000e+01 1.587670000000000000e+05
1.300000000000000000e+01 1.692170000000000000e+05
1.400000000000000000e+01 1.917680000000000000e+05
1.500000000000000000e+01 2.267710000000000000e+05
1.600000000000000000e+01 2.834550000000000000e+05
1.700000000000000000e+01 3.613790000000000000e+05
1.800000000000000000e+01 4.622680000000000000e+05
1.900000000000000000e+01 5.789720000000000000e+05
2.000000000000000000e+01 7.111720000000000000e+05
2.100000000000000000e+01 8.544780000000000000e+05
2.200000000000000000e+01 1.005048000000000000e+06
2.300000000000000000e+01 1.129709000000000000e+06
2.400000000000000000e+01 1.229167000000000000e+06
2.500000000000000000e+01 1.266042000000000000e+06
2.600000000000000000e+01 1.251231000000000000e+06
2.700000000000000000e+01 1.179456000000000000e+06
2.800000000000000000e+01 1.080481000000000000e+06
2.900000000000000000e+01 9.605370000000000000e+05
3.000000000000000000e+01 8.347860000000000000e+05
3.100000000000000000e+01 7.112370000000000000e+05
3.200000000000000000e+01 5.969910000000000000e+05
3.300000000000000000e+01 4.883770000000000000e+05
3.400000000000000000e+01 3.900990000000000000e+05
3.500000000000000000e+01 3.037260000000000000e+05
3.600000000000000000e+01 2.233600000000000000e+05
3.700000000000000000e+01 1.579290000000000000e+05
3.800000000000000000e+01 1.049410000000000000e+05
3.900000000000000000e+01 6.589800000000000000e+04
4.000000000000000000e+01 3.825400000000000000e+04
4.100000000000000000e+01 2.061200000000000000e+04
4.200000000000000000e+01 1.003200000000000000e+04
4.300000000000000000e+01 4.673000000000000000e+03
4.400000000000000000e+01 1.985000000000000000e+03
4.500000000000000000e+01 8.570000000000000000e+02
4.600000000000000000e+01 4.290000000000000000e+02
4.700000000000000000e+01 2.140000000000000000e+02
4.800000000000000000e+01 9.700000000000000000e+01
4.900000000000000000e+01 1.130000000000000000e+02
5.000000000000000000e+01 5.400000000000000000e+01
5.100000000000000000e+01 8.400000000000000000e+01
5.200000000000000000e+01 3.200000000000000000e+01
5.300000000000000000e+01 5.500000000000000000e+01
5.400000000000000000e+01 2.000000000000000000e+01
5.500000000000000000e+01 5.000000000000000000e+01
5.600000000000000000e+01 1.800000000000000000e+01
5.700000000000000000e+01 4.400000000000000000e+01
5.800000000000000000e+01 1.500000000000000000e+01
5.900000000000000000e+01 3.500000000000000000e+01
6.000000000000000000e+01 1.200000000000000000e+01
6.100000000000000000e+01 3.700000000000000000e+01
6.200000000000000000e+01 1.100000000000000000e+01
6.300000000000000000e+01 3.100000000000000000e+01
6.400000000000000000e+01 1.700000000000000000e+01
6.500000000000000000e+01 1.800000000000000000e+01
6.600000000000000000e+01 8.000000000000000000e+00
6.700000000000000000e+01 1.100000000000000000e+01
6.800000000000000000e+01 7.000000000000000000e+00
6.900000000000000000e+01 9.000000000000000000e+00
7.000000000000000000e+01 6.000000000000000000e+00
7.100000000000000000e+01 7.000000000000000000e+00
7.200000000000000000e+01 8.000000000000000000e+00
7.300000000000000000e+01 1.000000000000000000e+01
7.400000000000000000e+01 2.000000000000000000e+00
7.500000000000000000e+01 1.000000000000000000e+00
7.600000000000000000e+01 9.000000000000000000e+00
7.700000000000000000e+01 3.000000000000000000e+00
7.800000000000000000e+01 1.000000000000000000e+00
7.900000000000000000e+01 2.000000000000000000e+00
8.300000000000000000e+01 1.000000000000000000e+00
8.500000000000000000e+01 1.000000000000000000e+00
1.500000000000000000e+02 1.000000000000000000e+00
1.830000000000000000e+02 1.000000000000000000e+00
1.960000000000000000e+02 1.000000000000000000e+00
1.990000000000000000e+02 1.000000000000000000e+00
2.190000000000000000e+02 1.000000000000000000e+00
2.310000000000000000e+02 1.000000000000000000e+00
3.640000000000000000e+02 1.000000000000000000e+00
1.000000000000000000e+03 1.000000000000000000e+00
