-2.000000000000000000e+00 2.000000000000000000e+00
-1.000000000000000000e+00 5.000000000000000000e+00
0.000000000000000000e+00 1.330000000000000000e+03
1.000000000000000000e+00 2.300000000000000000e+01
2.000000000000000000e+00 3.900000000000000000e+01
3.000000000000000000e+00 6.000000000000000000e+01
4.000000000000000000e+00 4.900000000000000000e+02
5.000000000000000000e+00 2.378000000000000000e+03
6.000000000000000000e+00 1.303500000000000000e+04
7.000000000000000000e+00 2.446700000000000000e+04
8.000000000000000000e+00 3.505000000000000000e+04
9.000000000000000000e+00 4.997900000000000000e+04
1.000000000000000000e+01 7.081600000000000000e+04
1.100000000000000000e+01 9.648600000000000000e+04
1.200000000000000000e+01 1.322200000000000000e+05
1.300000000000000000e+01 1.794400000000000000e+05
1.400000000000000000e+01 2.388990000000000000e+05
1.500000000000000000e+01 3.104680000000000000e+05
1.600000000000000000e+01 3.964870000000000000e+05
1.700000000000000000e+01 5.001240000000000000e+05
1.800000000000000000e+01 6.101350000000000000e+05
1.900000000000000000e+01 7.122660000000000000e+05
2.000000000000000000e+01 7.876530000000000000e+05
2.100000000000000000e+01 8.155530000000000000e+05
2.200000000000000000e+01 7.895670000000000000e+05
2.300000000000000000e+01 6.912610000000000000e+05
2.400000000000000000e+01 5.437990000000000000e+05
2.500000000000000000e+01 3.676980000000000000e+05
2.600000000000000000e+01 2.144660000000000000e+05
2.700000000000000000e+01 1.098660000000000000e+05
2.800000000000000000e+01 5.160800000000000000e+04
2.900000000000000000e+01 2.436900000000000000e+04
3.000000000000000000e+01 1.180600000000000000e+04
3.100000000000000000e+01 5.637000000000000000e+03
3.200000000000000000e+01 2.723000000000000000e+03
3.300000000000000000e+01 1.073000000000000000e+03
3.400000000000000000e+01 4.230000000000000000e+02
3.500000000000000000e+01 1.320000000000000000e+02
3.600000000000000000e+01 6.600000000000000000e+01
3.700000000000000000e+01 1.900000000000000000e+01
3.800000000000000000e+01 2.300000000000000000e+01
3.900000000000000000e+01 6.000000000000000000e+00
4.000000000000000000e+01 1.500000000000000000e+01
4.100000000000000000e+01 1.700000000000000000e+01
4.200000000000000000e+01 1.300000000000000000e+01
4.300000000000000000e+01 1.000000000000000000e+01
4.400000000000000000e+01 8.000000000000000000e+00
4.500000000000000000e+01 1.000000000000000000e+01
4.600000000000000000e+01 9.000000000000000000e+00
4.700000000000000000e+01 6.000000000000000000e+00
4.800000000000000000e+01 5.000000000000000000e+00
4.900000000000000000e+01 1.000000000000000000e+01
5.100000000000000000e+01 6.000000000000000000e+00
5.200000000000000000e+01 4.000000000000000000e+00
5.300000000000000000e+01 3.000000000000000000e+00
5.500000000000000000e+01 2.000000000000000000e+00
5.700000000000000000e+01 2.000000000000000000e+00
5.800000000000000000e+01 1.000000000000000000e+00
7.000000000000000000e+01 1.000000000000000000e+00
7.100000000000000000e+01 1.000000000000000000e+00
7.400000000000000000e+01 2.000000000000000000e+00
7.700000000000000000e+01 1.000000000000000000e+00
7.800000000000000000e+01 1.000000000000000000e+00
7.900000000000000000e+01 1.000000000000000000e+00
8.200000000000000000e+01 1.000000000000000000e+00
8.600000000000000000e+01 1.000000000000000000e+00
8.800000000000000000e+01 1.000000000000000000e+00
9.100000000000000000e+01 1.000000000000000000e+00
9.200000000000000000e+01 2.000000000000000000e+00
9.300000000000000000e+01 1.000000000000000000e+00
9.800000000000000000e+01 1.000000000000000000e+00
1.010000000000000000e+02 1.000000000000000000e+00
1.060000000000000000e+02 1.000000000000000000e+00
1.080000000000000000e+02 1.000000000000000000e+00
1.220000000000000000e+02 1.000000000000000000e+00
1.230000000000000000e+02 1.000000000000000000e+00
1.250000000000000000e+02 1.000000000000000000e+00
1.330000000000000000e+02 1.000000000000000000e+00
1.410000000000000000e+02 1.000000000000000000e+00
1.480000000000000000e+02 1.000000000000000000e+00
1.680000000000000000e+02 1.000000000000000000e+00
1.690000000000000000e+02 1.000000000000000000e+00
1.890000000000000000e+02 1.000000000000000000e+00
1.970000000000000000e+02 1.000000000000000000e+00
1.980000000000000000e+02 1.000000000000000000e+00
1.990000000000000000e+02 1.000000000000000000e+00
2.050000000000000000e+02 1.000000000000000000e+00
2.090000000000000000e+02 2.000000000000000000e+00
2.240000000000000000e+02 1.000000000000000000e+00
2.540000000000000000e+02 1.000000000000000000e+00
2.700000000000000000e+02 1.000000000000000000e+00
2.930000000000000000e+02 1.000000000000000000e+00
3.170000000000000000e+02 1.000000000000000000e+00
3.340000000000000000e+02 1.000000000000000000e+00
3.530000000000000000e+02 1.000000000000000000e+00
7.440000000000000000e+02 1.000000000000000000e+00
8.280000000000000000e+02 1.000000000000000000e+00
1.000000000000000000e+03 1.000000000000000000e+00
1.178000000000000000e+03 1.000000000000000000e+00
1.218000000000000000e+03 1.000000000000000000e+00
1.338000000000000000e+03 1.000000000000000000e+00
1.668000000000000000e+03 1.000000000000000000e+00
3.434000000000000000e+03 1.000000000000000000e+00
