-4.000000000000000000e+00 3.000000000000000000e+00
-3.000000000000000000e+00 1.000000000000000000e+00
-2.000000000000000000e+00 5.000000000000000000e+00
-1.000000000000000000e+00 1.100000000000000000e+01
0.000000000000000000e+00 1.321000000000000000e+03
1.000000000000000000e+00 4.300000000000000000e+01
2.000000000000000000e+00 3.900000000000000000e+01
3.000000000000000000e+00 8.600000000000000000e+01
4.000000000000000000e+00 6.980000000000000000e+02
5.000000000000000000e+00 2.927000000000000000e+03
6.000000000000000000e+00 1.441500000000000000e+04
7.000000000000000000e+00 2.638800000000000000e+04
8.000000000000000000e+00 3.759500000000000000e+04
9.000000000000000000e+00 5.295800000000000000e+04
1.000000000000000000e+01 7.398500000000000000e+04
1.100000000000000000e+01 1.025510000000000000e+05
1.200000000000000000e+01 1.404750000000000000e+05
1.300000000000000000e+01 1.929540000000000000e+05
1.400000000000000000e+01 2.607150000000000000e+05
1.500000000000000000e+01 3.453090000000000000e+05
1.600000000000000000e+01 4.524730000000000000e+05
1.700000000000000000e+01 5.806710000000000000e+05
1.800000000000000000e+01 7.267130000000000000e+05
1.900000000000000000e+01 8.737620000000000000e+05
2.000000000000000000e+01 1.008529000000000000e+06
2.100000000000000000e+01 1.122435000000000000e+06
2.200000000000000000e+01 1.204630000000000000e+06
2.300000000000000000e+01 1.233247000000000000e+06
2.400000000000000000e+01 1.206892000000000000e+06
2.500000000000000000e+01 1.106803000000000000e+06
2.600000000000000000e+01 9.537820000000000000e+05
2.700000000000000000e+01 7.642660000000000000e+05
2.800000000000000000e+01 5.585330000000000000e+05
2.900000000000000000e+01 3.714930000000000000e+05
3.000000000000000000e+01 2.189170000000000000e+05
3.100000000000000000e+01 1.149240000000000000e+05
3.200000000000000000e+01 5.338700000000000000e+04
3.300000000000000000e+01 2.242300000000000000e+04
3.400000000000000000e+01 8.629000000000000000e+03
3.500000000000000000e+01 3.393000000000000000e+03
3.600000000000000000e+01 1.126000000000000000e+03
3.700000000000000000e+01 4.340000000000000000e+02
3.800000000000000000e+01 1.870000000000000000e+02
3.900000000000000000e+01 6.500000000000000000e+01
4.000000000000000000e+01 4.700000000000000000e+01
4.100000000000000000e+01 3.000000000000000000e+01
4.200000000000000000e+01 4.400000000000000000e+01
4.300000000000000000e+01 2.500000000000000000e+01
4.400000000000000000e+01 3.400000000000000000e+01
4.500000000000000000e+01 1.700000000000000000e+01
4.600000000000000000e+01 1.900000000000000000e+01
4.700000000000000000e+01 2.400000000000000000e+01
4.800000000000000000e+01 2.000000000000000000e+01
4.900000000000000000e+01 4.100000000000000000e+01
5.000000000000000000e+01 6.000000000000000000e+00
5.100000000000000000e+01 2.200000000000000000e+01
5.200000000000000000e+01 1.500000000000000000e+01
5.300000000000000000e+01 2.400000000000000000e+01
5.400000000000000000e+01 3.000000000000000000e+00
5.500000000000000000e+01 1.500000000000000000e+01
5.600000000000000000e+01 2.000000000000000000e+00
5.700000000000000000e+01 1.100000000000000000e+01
5.800000000000000000e+01 4.000000000000000000e+00
5.900000000000000000e+01 9.000000000000000000e+00
6.000000000000000000e+01 4.000000000000000000e+00
6.100000000000000000e+01 4.000000000000000000e+00
6.300000000000000000e+01 1.000000000000000000e+00
6.400000000000000000e+01 1.000000000000000000e+00
6.500000000000000000e+01 3.000000000000000000e+00
6.700000000000000000e+01 1.000000000000000000e+00
6.800000000000000000e+01 1.000000000000000000e+00
6.900000000000000000e+01 3.000000000000000000e+00
7.300000000000000000e+01 2.000000000000000000e+00
7.400000000000000000e+01 1.000000000000000000e+00
7.600000000000000000e+01 1.000000000000000000e+00
8.200000000000000000e+01 1.000000000000000000e+00
8.600000000000000000e+01 1.000000000000000000e+00
8.700000000000000000e+01 1.000000000000000000e+00
9.800000000000000000e+01 1.000000000000000000e+00
1.000000000000000000e+02 1.000000000000000000e+00
1.060000000000000000e+02 1.000000000000000000e+00
1.160000000000000000e+02 1.000000000000000000e+00
1.180000000000000000e+02 1.000000000000000000e+00
1.250000000000000000e+02 1.000000000000000000e+00
1.330000000000000000e+02 1.000000000000000000e+00
1.350000000000000000e+02 1.000000000000000000e+00
1.460000000000000000e+02 1.000000000000000000e+00
1.700000000000000000e+02 1.000000000000000000e+00
2.020000000000000000e+02 1.000000000000000000e+00
2.570000000000000000e+02 1.000000000000000000e+00
3.610000000000000000e+02 1.000000000000000000e+00
1.118000000000000000e+03 1.000000000000000000e+00
1.797000000000000000e+03 1.000000000000000000e+00
1.908000000000000000e+03 1.000000000000000000e+00
