-3.000000000000000000e+00 1.000000000000000000e+00
-2.000000000000000000e+00 1.000000000000000000e+01
-1.000000000000000000e+00 3.600000000000000000e+01
0.000000000000000000e+00 1.333000000000000000e+03
1.000000000000000000e+00 7.300000000000000000e+01
2.000000000000000000e+00 7.600000000000000000e+01
3.000000000000000000e+00 1.660000000000000000e+02
4.000000000000000000e+00 9.830000000000000000e+02
5.000000000000000000e+00 6.713000000000000000e+03
6.000000000000000000e+00 4.385300000000000000e+04
7.000000000000000000e+00 7.499300000000000000e+04
8.000000000000000000e+00 8.650400000000000000e+04
9.000000000000000000e+00 9.894000000000000000e+04
1.000000000000000000e+01 1.075840000000000000e+05
1.100000000000000000e+01 1.112790000000000000e+05
1.200000000000000000e+01 1.126810000000000000e+05
1.300000000000000000e+01 1.169840000000000000e+05
1.400000000000000000e+01 1.273940000000000000e+05
1.500000000000000000e+01 1.478360000000000000e+05
1.600000000000000000e+01 1.810960000000000000e+05
1.700000000000000000e+01 2.304870000000000000e+05
1.800000000000000000e+01 2.958580000000000000e+05
1.900000000000000000e+01 3.712450000000000000e+05
2.000000000000000000e+01 4.586940000000000000e+05
2.100000000000000000e+01 5.577910000000000000e+05
2.200000000000000000e+01 6.623120000000000000e+05
2.300000000000000000e+01 7.553610000000000000e+05
2.400000000000000000e+01 8.291980000000000000e+05
2.500000000000000000e+01 8.653010000000000000e+05
2.600000000000000000e+01 8.629660000000000000e+05
2.700000000000000000e+01 8.231110000000000000e+05
2.800000000000000000e+01 7.624160000000000000e+05
2.900000000000000000e+01 6.897560000000000000e+05
3.000000000000000000e+01 6.071110000000000000e+05
3.100000000000000000e+01 5.248800000000000000e+05
3.200000000000000000e+01 4.450910000000000000e+05
3.300000000000000000e+01 3.689420000000000000e+05
3.400000000000000000e+01 3.001690000000000000e+05
3.500000000000000000e+01 2.341010000000000000e+05
3.600000000000000000e+01 1.756300000000000000e+05
3.700000000000000000e+01 1.250460000000000000e+05
3.800000000000000000e+01 8.390800000000000000e+04
3.900000000000000000e+01 5.331300000000000000e+04
4.000000000000000000e+01 3.125700000000000000e+04
4.100000000000000000e+01 1.690000000000000000e+04
4.200000000000000000e+01 8.699000000000000000e+03
4.300000000000000000e+01 3.882000000000000000e+03
4.400000000000000000e+01 1.746000000000000000e+03
4.500000000000000000e+01 7.210000000000000000e+02
4.600000000000000000e+01 3.340000000000000000e+02
4.700000000000000000e+01 1.490000000000000000e+02
4.800000000000000000e+01 7.600000000000000000e+01
4.900000000000000000e+01 6.100000000000000000e+01
5.000000000000000000e+01 3.600000000000000000e+01
5.100000000000000000e+01 3.700000000000000000e+01
5.200000000000000000e+01 2.600000000000000000e+01
5.300000000000000000e+01 2.300000000000000000e+01
5.400000000000000000e+01 1.300000000000000000e+01
5.500000000000000000e+01 3.900000000000000000e+01
5.600000000000000000e+01 1.000000000000000000e+01
5.700000000000000000e+01 2.500000000000000000e+01
5.800000000000000000e+01 1.100000000000000000e+01
5.900000000000000000e+01 1.600000000000000000e+01
6.000000000000000000e+01 9.000000000000000000e+00
6.100000000000000000e+01 2.700000000000000000e+01
6.200000000000000000e+01 2.000000000000000000e+00
6.300000000000000000e+01 1.400000000000000000e+01
6.400000000000000000e+01 8.000000000000000000e+00
6.500000000000000000e+01 1.100000000000000000e+01
6.600000000000000000e+01 9.000000000000000000e+00
6.700000000000000000e+01 8.000000000000000000e+00
6.800000000000000000e+01 4.000000000000000000e+00
6.900000000000000000e+01 7.000000000000000000e+00
7.000000000000000000e+01 8.000000000000000000e+00
7.100000000000000000e+01 5.000000000000000000e+00
7.200000000000000000e+01 6.000000000000000000e+00
7.300000000000000000e+01 7.000000000000000000e+00
7.400000000000000000e+01 2.000000000000000000e+00
7.500000000000000000e+01 3.000000000000000000e+00
7.600000000000000000e+01 1.000000000000000000e+00
8.000000000000000000e+01 3.000000000000000000e+00
8.100000000000000000e+01 1.000000000000000000e+00
8.200000000000000000e+01 1.000000000000000000e+00
8.500000000000000000e+01 1.000000000000000000e+00
1.510000000000000000e+02 1.000000000000000000e+00
2.020000000000000000e+02 1.000000000000000000e+00
2.060000000000000000e+02 1.000000000000000000e+00
2.860000000000000000e+02 1.000000000000000000e+00
3.110000000000000000e+02 1.000000000000000000e+00
1.366000000000000000e+03 1.000000000000000000e+00
