-4.000000000000000000e+00 9.000000000000000000e+00
-3.000000000000000000e+00 5.000000000000000000e+00
-2.000000000000000000e+00 2.000000000000000000e+01
-1.000000000000000000e+00 8.700000000000000000e+01
0.000000000000000000e+00 1.425000000000000000e+03
1.000000000000000000e+00 1.900000000000000000e+02
2.000000000000000000e+00 2.800000000000000000e+02
3.000000000000000000e+00 4.030000000000000000e+02
4.000000000000000000e+00 2.069000000000000000e+03
5.000000000000000000e+00 1.552500000000000000e+04
6.000000000000000000e+00 1.098790000000000000e+05
7.000000000000000000e+00 1.912220000000000000e+05
8.000000000000000000e+00 2.298880000000000000e+05
9.000000000000000000e+00 2.724110000000000000e+05
1.000000000000000000e+01 3.148500000000000000e+05
1.100000000000000000e+01 3.435100000000000000e+05
1.200000000000000000e+01 3.626470000000000000e+05
1.300000000000000000e+01 3.795710000000000000e+05
1.400000000000000000e+01 3.958420000000000000e+05
1.500000000000000000e+01 4.191550000000000000e+05
1.600000000000000000e+01 4.596380000000000000e+05
1.700000000000000000e+01 5.179010000000000000e+05
1.800000000000000000e+01 5.982340000000000000e+05
1.900000000000000000e+01 7.014580000000000000e+05
2.000000000000000000e+01 8.263690000000000000e+05
2.100000000000000000e+01 9.754970000000000000e+05
2.200000000000000000e+01 1.139408000000000000e+06
2.300000000000000000e+01 1.284120000000000000e+06
2.400000000000000000e+01 1.404519000000000000e+06
2.500000000000000000e+01 1.451010000000000000e+06
2.600000000000000000e+01 1.432671000000000000e+06
2.700000000000000000e+01 1.368068000000000000e+06
2.800000000000000000e+01 1.276909000000000000e+06
2.900000000000000000e+01 1.182839000000000000e+06
3.000000000000000000e+01 1.080659000000000000e+06
3.100000000000000000e+01 9.888310000000000000e+05
3.200000000000000000e+01 9.065280000000000000e+05
3.300000000000000000e+01 8.326910000000000000e+05
3.400000000000000000e+01 7.693980000000000000e+05
3.500000000000000000e+01 7.093030000000000000e+05
3.600000000000000000e+01 6.534300000000000000e+05
3.700000000000000000e+01 5.996400000000000000e+05
3.800000000000000000e+01 5.478840000000000000e+05
3.900000000000000000e+01 4.981150000000000000e+05
4.000000000000000000e+01 4.475170000000000000e+05
4.100000000000000000e+01 3.976880000000000000e+05
4.200000000000000000e+01 3.461620000000000000e+05
4.300000000000000000e+01 2.951210000000000000e+05
4.400000000000000000e+01 2.476900000000000000e+05
4.500000000000000000e+01 1.996890000000000000e+05
4.600000000000000000e+01 1.565980000000000000e+05
4.700000000000000000e+01 1.190700000000000000e+05
4.800000000000000000e+01 8.593700000000000000e+04
4.900000000000000000e+01 5.946600000000000000e+04
5.000000000000000000e+01 3.887200000000000000e+04
5.100000000000000000e+01 2.423400000000000000e+04
5.200000000000000000e+01 1.443000000000000000e+04
5.300000000000000000e+01 8.131000000000000000e+03
5.400000000000000000e+01 4.394000000000000000e+03
5.500000000000000000e+01 2.417000000000000000e+03
5.600000000000000000e+01 1.268000000000000000e+03
5.700000000000000000e+01 6.820000000000000000e+02
5.800000000000000000e+01 3.380000000000000000e+02
5.900000000000000000e+01 2.230000000000000000e+02
6.000000000000000000e+01 1.340000000000000000e+02
6.100000000000000000e+01 1.150000000000000000e+02
6.200000000000000000e+01 6.500000000000000000e+01
6.300000000000000000e+01 8.000000000000000000e+01
6.400000000000000000e+01 5.400000000000000000e+01
6.500000000000000000e+01 5.900000000000000000e+01
6.600000000000000000e+01 5.400000000000000000e+01
6.700000000000000000e+01 4.800000000000000000e+01
6.800000000000000000e+01 4.400000000000000000e+01
6.900000000000000000e+01 3.200000000000000000e+01
7.000000000000000000e+01 3.500000000000000000e+01
7.100000000000000000e+01 3.700000000000000000e+01
7.200000000000000000e+01 2.400000000000000000e+01
7.300000000000000000e+01 3.700000000000000000e+01
7.400000000000000000e+01 2.600000000000000000e+01
7.500000000000000000e+01 1.600000000000000000e+01
7.600000000000000000e+01 3.100000000000000000e+01
7.700000000000000000e+01 1.800000000000000000e+01
7.800000000000000000e+01 2.300000000000000000e+01
7.900000000000000000e+01 9.000000000000000000e+00
8.000000000000000000e+01 1.900000000000000000e+01
8.100000000000000000e+01 2.000000000000000000e+00
8.200000000000000000e+01 2.300000000000000000e+01
8.300000000000000000e+01 2.000000000000000000e+00
8.400000000000000000e+01 1.200000000000000000e+01
8.500000000000000000e+01 3.000000000000000000e+00
8.600000000000000000e+01 1.100000000000000000e+01
8.700000000000000000e+01 7.000000000000000000e+00
8.800000000000000000e+01 8.000000000000000000e+00
8.900000000000000000e+01 9.000000000000000000e+00
9.000000000000000000e+01 9.000000000000000000e+00
9.100000000000000000e+01 3.000000000000000000e+00
9.200000000000000000e+01 9.000000000000000000e+00
9.300000000000000000e+01 1.000000000000000000e+00
9.400000000000000000e+01 3.000000000000000000e+00
9.500000000000000000e+01 3.000000000000000000e+00
9.600000000000000000e+01 4.000000000000000000e+00
9.700000000000000000e+01 2.000000000000000000e+00
9.800000000000000000e+01 4.000000000000000000e+00
9.900000000000000000e+01 2.000000000000000000e+00
1.010000000000000000e+02 4.000000000000000000e+00
1.040000000000000000e+02 1.000000000000000000e+00
1.050000000000000000e+02 1.000000000000000000e+00
1.110000000000000000e+02 1.000000000000000000e+00
1.220000000000000000e+02 1.000000000000000000e+00
1.360000000000000000e+02 1.000000000000000000e+00
1.620000000000000000e+02 1.000000000000000000e+00
2.580000000000000000e+02 1.000000000000000000e+00
5.420000000000000000e+02 1.000000000000000000e+00
2.372000000000000000e+03 1.000000000000000000e+00
