-4.000000000000000000e+00 4.000000000000000000e+00
-3.000000000000000000e+00 1.000000000000000000e+00
-2.000000000000000000e+00 3.000000000000000000e+00
-1.000000000000000000e+00 2.200000000000000000e+01
0.000000000000000000e+00 1.347000000000000000e+03
1.000000000000000000e+00 5.000000000000000000e+01
2.000000000000000000e+00 7.400000000000000000e+01
3.000000000000000000e+00 1.490000000000000000e+02
4.000000000000000000e+00 7.060000000000000000e+02
5.000000000000000000e+00 4.074000000000000000e+03
6.000000000000000000e+00 2.465900000000000000e+04
7.000000000000000000e+00 4.647200000000000000e+04
8.000000000000000000e+00 6.591700000000000000e+04
9.000000000000000000e+00 9.538700000000000000e+04
1.000000000000000000e+01 1.350250000000000000e+05
1.100000000000000000e+01 1.858170000000000000e+05
1.200000000000000000e+01 2.548790000000000000e+05
1.300000000000000000e+01 3.456010000000000000e+05
1.400000000000000000e+01 4.591880000000000000e+05
1.500000000000000000e+01 6.001440000000000000e+05
1.600000000000000000e+01 7.681380000000000000e+05
1.700000000000000000e+01 9.777630000000000000e+05
1.800000000000000000e+01 1.197135000000000000e+06
1.900000000000000000e+01 1.403636000000000000e+06
2.000000000000000000e+01 1.560449000000000000e+06
2.100000000000000000e+01 1.637655000000000000e+06
2.200000000000000000e+01 1.605146000000000000e+06
2.300000000000000000e+01 1.429740000000000000e+06
2.400000000000000000e+01 1.144629000000000000e+06
2.500000000000000000e+01 7.938080000000000000e+05
2.600000000000000000e+01 4.754480000000000000e+05
2.700000000000000000e+01 2.494730000000000000e+05
2.800000000000000000e+01 1.182940000000000000e+05
2.900000000000000000e+01 5.563500000000000000e+04
3.000000000000000000e+01 2.655800000000000000e+04
3.100000000000000000e+01 1.254800000000000000e+04
3.200000000000000000e+01 5.694000000000000000e+03
3.300000000000000000e+01 2.379000000000000000e+03
3.400000000000000000e+01 8.960000000000000000e+02
3.500000000000000000e+01 3.390000000000000000e+02
3.600000000000000000e+01 1.890000000000000000e+02
3.700000000000000000e+01 7.600000000000000000e+01
3.800000000000000000e+01 9.400000000000000000e+01
3.900000000000000000e+01 3.000000000000000000e+01
4.000000000000000000e+01 8.200000000000000000e+01
4.100000000000000000e+01 5.200000000000000000e+01
4.200000000000000000e+01 5.000000000000000000e+01
4.300000000000000000e+01 5.000000000000000000e+01
4.400000000000000000e+01 3.300000000000000000e+01
4.500000000000000000e+01 3.100000000000000000e+01
4.600000000000000000e+01 4.000000000000000000e+01
4.700000000000000000e+01 3.600000000000000000e+01
4.800000000000000000e+01 1.000000000000000000e+01
4.900000000000000000e+01 3.300000000000000000e+01
5.000000000000000000e+01 8.000000000000000000e+00
5.100000000000000000e+01 3.300000000000000000e+01
5.200000000000000000e+01 9.000000000000000000e+00
5.300000000000000000e+01 1.500000000000000000e+01
5.400000000000000000e+01 7.000000000000000000e+00
5.500000000000000000e+01 1.100000000000000000e+01
5.600000000000000000e+01 4.000000000000000000e+00
5.700000000000000000e+01 2.000000000000000000e+00
5.800000000000000000e+01 3.000000000000000000e+00
5.900000000000000000e+01 2.000000000000000000e+00
6.000000000000000000e+01 4.000000000000000000e+00
6.100000000000000000e+01 2.000000000000000000e+00
6.200000000000000000e+01 3.000000000000000000e+00
6.300000000000000000e+01 1.000000000000000000e+00
6.400000000000000000e+01 2.000000000000000000e+00
6.500000000000000000e+01 1.000000000000000000e+00
6.600000000000000000e+01 1.000000000000000000e+00
6.800000000000000000e+01 1.000000000000000000e+00
7.400000000000000000e+01 1.000000000000000000e+00
7.500000000000000000e+01 1.000000000000000000e+00
8.000000000000000000e+01 1.000000000000000000e+00
8.200000000000000000e+01 1.000000000000000000e+00
8.500000000000000000e+01 2.000000000000000000e+00
8.700000000000000000e+01 1.000000000000000000e+00
9.100000000000000000e+01 1.000000000000000000e+00
9.800000000000000000e+01 1.000000000000000000e+00
1.000000000000000000e+02 1.000000000000000000e+00
1.010000000000000000e+02 1.000000000000000000e+00
1.030000000000000000e+02 1.000000000000000000e+00
1.050000000000000000e+02 1.000000000000000000e+00
1.070000000000000000e+02 1.000000000000000000e+00
1.160000000000000000e+02 1.000000000000000000e+00
1.200000000000000000e+02 1.000000000000000000e+00
1.210000000000000000e+02 1.000000000000000000e+00
1.280000000000000000e+02 1.000000000000000000e+00
1.290000000000000000e+02 1.000000000000000000e+00
1.300000000000000000e+02 1.000000000000000000e+00
1.320000000000000000e+02 1.000000000000000000e+00
1.340000000000000000e+02 1.000000000000000000e+00
1.370000000000000000e+02 1.000000000000000000e+00
1.400000000000000000e+02 1.000000000000000000e+00
1.410000000000000000e+02 1.000000000000000000e+00
1.440000000000000000e+02 1.000000000000000000e+00
1.560000000000000000e+02 1.000000000000000000e+00
1.570000000000000000e+02 1.000000000000000000e+00
2.060000000000000000e+02 1.000000000000000000e+00
2.140000000000000000e+02 1.000000000000000000e+00
2.190000000000000000e+02 1.000000000000000000e+00
2.240000000000000000e+02 1.000000000000000000e+00
2.280000000000000000e+02 1.000000000000000000e+00
2.330000000000000000e+02 1.000000000000000000e+00
2.580000000000000000e+02 1.000000000000000000e+00
2.640000000000000000e+02 1.000000000000000000e+00
2.770000000000000000e+02 1.000000000000000000e+00
2.830000000000000000e+02 1.000000000000000000e+00
5.410000000000000000e+02 1.000000000000000000e+00
7.660000000000000000e+02 1.000000000000000000e+00
9.410000000000000000e+02 1.000000000000000000e+00
9.840000000000000000e+02 1.000000000000000000e+00
1.485000000000000000e+03 1.000000000000000000e+00
