-4.000000000000000000e+00 5.000000000000000000e+00
-3.000000000000000000e+00 2.000000000000000000e+00
-2.000000000000000000e+00 8.000000000000000000e+00
-1.000000000000000000e+00 3.100000000000000000e+01
0.000000000000000000e+00 1.346000000000000000e+03
1.000000000000000000e+00 9.100000000000000000e+01
2.000000000000000000e+00 9.900000000000000000e+01
3.000000000000000000e+00 1.570000000000000000e+02
4.000000000000000000e+00 9.370000000000000000e+02
5.000000000000000000e+00 4.847000000000000000e+03
6.000000000000000000e+00 2.625600000000000000e+04
7.000000000000000000e+00 4.859500000000000000e+04
8.000000000000000000e+00 6.905400000000000000e+04
9.000000000000000000e+00 9.766700000000000000e+04
1.000000000000000000e+01 1.373770000000000000e+05
1.100000000000000000e+01 1.914630000000000000e+05
1.200000000000000000e+01 2.609350000000000000e+05
1.300000000000000000e+01 3.567980000000000000e+05
1.400000000000000000e+01 4.821410000000000000e+05
1.500000000000000000e+01 6.379350000000000000e+05
1.600000000000000000e+01 8.345040000000000000e+05
1.700000000000000000e+01 1.075033000000000000e+06
1.800000000000000000e+01 1.341703000000000000e+06
1.900000000000000000e+01 1.609220000000000000e+06
2.000000000000000000e+01 1.849980000000000000e+06
2.100000000000000000e+01 2.054350000000000000e+06
2.200000000000000000e+01 2.199052000000000000e+06
2.300000000000000000e+01 2.233629000000000000e+06
2.400000000000000000e+01 2.165457000000000000e+06
2.500000000000000000e+01 1.972718000000000000e+06
2.600000000000000000e+01 1.692374000000000000e+06
2.700000000000000000e+01 1.346903000000000000e+06
2.800000000000000000e+01 9.853750000000000000e+05
2.900000000000000000e+01 6.515970000000000000e+05
3.000000000000000000e+01 3.842700000000000000e+05
3.100000000000000000e+01 2.017640000000000000e+05
3.200000000000000000e+01 9.404000000000000000e+04
3.300000000000000000e+01 3.916500000000000000e+04
3.400000000000000000e+01 1.554900000000000000e+04
3.500000000000000000e+01 5.740000000000000000e+03
3.600000000000000000e+01 2.025000000000000000e+03
3.700000000000000000e+01 8.160000000000000000e+02
3.800000000000000000e+01 3.790000000000000000e+02
3.900000000000000000e+01 1.580000000000000000e+02
4.000000000000000000e+01 1.490000000000000000e+02
4.100000000000000000e+01 1.080000000000000000e+02
4.200000000000000000e+01 9.300000000000000000e+01
4.300000000000000000e+01 7.100000000000000000e+01
4.400000000000000000e+01 7.000000000000000000e+01
4.500000000000000000e+01 7.300000000000000000e+01
4.600000000000000000e+01 7.700000000000000000e+01
4.700000000000000000e+01 6.900000000000000000e+01
4.800000000000000000e+01 3.100000000000000000e+01
4.900000000000000000e+01 1.050000000000000000e+02
5.000000000000000000e+01 2.100000000000000000e+01
5.100000000000000000e+01 7.000000000000000000e+01
5.200000000000000000e+01 2.800000000000000000e+01
5.300000000000000000e+01 6.500000000000000000e+01
5.400000000000000000e+01 1.800000000000000000e+01
5.500000000000000000e+01 4.700000000000000000e+01
5.600000000000000000e+01 1.000000000000000000e+01
5.700000000000000000e+01 4.100000000000000000e+01
5.800000000000000000e+01 7.000000000000000000e+00
5.900000000000000000e+01 2.200000000000000000e+01
6.000000000000000000e+01 1.000000000000000000e+01
6.100000000000000000e+01 1.500000000000000000e+01
6.200000000000000000e+01 5.000000000000000000e+00
6.300000000000000000e+01 5.000000000000000000e+00
6.400000000000000000e+01 2.000000000000000000e+00
6.500000000000000000e+01 2.000000000000000000e+00
6.700000000000000000e+01 1.000000000000000000e+00
6.900000000000000000e+01 1.000000000000000000e+00
7.100000000000000000e+01 1.000000000000000000e+00
7.200000000000000000e+01 1.000000000000000000e+00
7.300000000000000000e+01 3.000000000000000000e+00
7.600000000000000000e+01 1.000000000000000000e+00
8.700000000000000000e+01 1.000000000000000000e+00
1.120000000000000000e+02 1.000000000000000000e+00
1.130000000000000000e+02 1.000000000000000000e+00
1.230000000000000000e+02 1.000000000000000000e+00
1.570000000000000000e+02 1.000000000000000000e+00
1.620000000000000000e+02 1.000000000000000000e+00
1.760000000000000000e+02 1.000000000000000000e+00
1.820000000000000000e+02 1.000000000000000000e+00
2.070000000000000000e+02 1.000000000000000000e+00
2.230000000000000000e+02 1.000000000000000000e+00
2.390000000000000000e+02 1.000000000000000000e+00
3.410000000000000000e+02 1.000000000000000000e+00
3.850000000000000000e+02 1.000000000000000000e+00
4.310000000000000000e+02 1.000000000000000000e+00
5.420000000000000000e+02 1.000000000000000000e+00
5.630000000000000000e+02 1.000000000000000000e+00
5.960000000000000000e+02 1.000000000000000000e+00
1.029000000000000000e+03 1.000000000000000000e+00
1.417000000000000000e+03 1.000000000000000000e+00
2.001000000000000000e+03 1.000000000000000000e+00
3.574000000000000000e+03 1.000000000000000000e+00
