-4.000000000000000000e+00 2.000000000000000000e+00
-2.000000000000000000e+00 4.000000000000000000e+00
-1.000000000000000000e+00 1.700000000000000000e+01
0.000000000000000000e+00 1.319000000000000000e+03
1.000000000000000000e+00 3.600000000000000000e+01
2.000000000000000000e+00 4.900000000000000000e+01
3.000000000000000000e+00 9.800000000000000000e+01
4.000000000000000000e+00 6.680000000000000000e+02
5.000000000000000000e+00 2.981000000000000000e+03
6.000000000000000000e+00 1.419600000000000000e+04
7.000000000000000000e+00 2.641300000000000000e+04
8.000000000000000000e+00 3.685300000000000000e+04
9.000000000000000000e+00 5.311900000000000000e+04
1.000000000000000000e+01 7.425100000000000000e+04
1.100000000000000000e+01 1.024210000000000000e+05
1.200000000000000000e+01 1.404580000000000000e+05
1.300000000000000000e+01 1.928330000000000000e+05
1.400000000000000000e+01 2.592070000000000000e+05
1.500000000000000000e+01 3.432080000000000000e+05
1.600000000000000000e+01 4.470390000000000000e+05
1.700000000000000000e+01 5.780840000000000000e+05
1.800000000000000000e+01 7.215670000000000000e+05
1.900000000000000000e+01 8.682930000000000000e+05
2.000000000000000000e+01 1.001958000000000000e+06
2.100000000000000000e+01 1.117552000000000000e+06
2.200000000000000000e+01 1.200794000000000000e+06
2.300000000000000000e+01 1.228103000000000000e+06
2.400000000000000000e+01 1.202275000000000000e+06
2.500000000000000000e+01 1.104757000000000000e+06
2.600000000000000000e+01 9.513680000000000000e+05
2.700000000000000000e+01 7.634340000000000000e+05
2.800000000000000000e+01 5.604840000000000000e+05
2.900000000000000000e+01 3.713840000000000000e+05
3.000000000000000000e+01 2.200190000000000000e+05
3.100000000000000000e+01 1.154690000000000000e+05
3.200000000000000000e+01 5.338000000000000000e+04
3.300000000000000000e+01 2.251500000000000000e+04
3.400000000000000000e+01 8.626000000000000000e+03
3.500000000000000000e+01 3.308000000000000000e+03
3.600000000000000000e+01 1.176000000000000000e+03
3.700000000000000000e+01 4.460000000000000000e+02
3.800000000000000000e+01 1.830000000000000000e+02
3.900000000000000000e+01 7.500000000000000000e+01
4.000000000000000000e+01 5.700000000000000000e+01
4.100000000000000000e+01 3.400000000000000000e+01
4.200000000000000000e+01 3.500000000000000000e+01
4.300000000000000000e+01 3.400000000000000000e+01
4.400000000000000000e+01 2.900000000000000000e+01
4.500000000000000000e+01 1.900000000000000000e+01
4.600000000000000000e+01 3.000000000000000000e+01
4.700000000000000000e+01 1.900000000000000000e+01
4.800000000000000000e+01 1.400000000000000000e+01
4.900000000000000000e+01 3.400000000000000000e+01
5.000000000000000000e+01 1.200000000000000000e+01
5.100000000000000000e+01 1.600000000000000000e+01
5.200000000000000000e+01 1.300000000000000000e+01
5.300000000000000000e+01 1.800000000000000000e+01
5.400000000000000000e+01 4.000000000000000000e+00
5.500000000000000000e+01 9.000000000000000000e+00
5.600000000000000000e+01 9.000000000000000000e+00
5.700000000000000000e+01 6.000000000000000000e+00
5.800000000000000000e+01 2.000000000000000000e+00
5.900000000000000000e+01 7.000000000000000000e+00
6.000000000000000000e+01 4.000000000000000000e+00
6.100000000000000000e+01 1.000000000000000000e+00
6.200000000000000000e+01 4.000000000000000000e+00
6.300000000000000000e+01 2.000000000000000000e+00
6.400000000000000000e+01 1.000000000000000000e+00
6.600000000000000000e+01 1.000000000000000000e+00
6.800000000000000000e+01 3.000000000000000000e+00
7.000000000000000000e+01 1.000000000000000000e+00
7.100000000000000000e+01 1.000000000000000000e+00
7.700000000000000000e+01 1.000000000000000000e+00
7.900000000000000000e+01 1.000000000000000000e+00
8.300000000000000000e+01 1.000000000000000000e+00
8.500000000000000000e+01 1.000000000000000000e+00
9.100000000000000000e+01 1.000000000000000000e+00
9.200000000000000000e+01 1.000000000000000000e+00
9.400000000000000000e+01 1.000000000000000000e+00
9.800000000000000000e+01 1.000000000000000000e+00
1.020000000000000000e+02 1.000000000000000000e+00
1.030000000000000000e+02 1.000000000000000000e+00
1.200000000000000000e+02 1.000000000000000000e+00
1.410000000000000000e+02 1.000000000000000000e+00
1.630000000000000000e+02 1.000000000000000000e+00
2.070000000000000000e+02 1.000000000000000000e+00
2.280000000000000000e+02 1.000000000000000000e+00
2.620000000000000000e+02 1.000000000000000000e+00
8.820000000000000000e+02 1.000000000000000000e+00
1.125000000000000000e+03 1.000000000000000000e+00
