-4.000000000000000000e+00 4.000000000000000000e+00
-3.000000000000000000e+00 1.000000000000000000e+00
-2.000000000000000000e+00 1.200000000000000000e+01
-1.000000000000000000e+00 4.600000000000000000e+01
0.000000000000000000e+00 1.373000000000000000e+03
1.000000000000000000e+00 9.700000000000000000e+01
2.000000000000000000e+00 1.280000000000000000e+02
3.000000000000000000e+00 2.140000000000000000e+02
4.000000000000000000e+00 1.124000000000000000e+03
5.000000000000000000e+00 8.407000000000000000e+03
6.000000000000000000e+00 5.733500000000000000e+04
7.000000000000000000e+00 9.712000000000000000e+04
8.000000000000000000e+00 1.133050000000000000e+05
9.000000000000000000e+00 1.287080000000000000e+05
1.000000000000000000e+01 1.429320000000000000e+05
1.100000000000000000e+01 1.498240000000000000e+05
1.200000000000000000e+01 1.542090000000000000e+05
1.300000000000000000e+01 1.652390000000000000e+05
1.400000000000000000e+01 1.856030000000000000e+05
1.500000000000000000e+01 2.210890000000000000e+05
1.600000000000000000e+01 2.733940000000000000e+05
1.700000000000000000e+01 3.517650000000000000e+05
1.800000000000000000e+01 4.491710000000000000e+05
1.900000000000000000e+01 5.634770000000000000e+05
2.000000000000000000e+01 6.907940000000000000e+05
2.100000000000000000e+01 8.311870000000000000e+05
2.200000000000000000e+01 9.708030000000000000e+05
2.300000000000000000e+01 1.096855000000000000e+06
2.400000000000000000e+01 1.189256000000000000e+06
2.500000000000000000e+01 1.225880000000000000e+06
2.600000000000000000e+01 1.204293000000000000e+06
2.700000000000000000e+01 1.136991000000000000e+06
2.800000000000000000e+01 1.039220000000000000e+06
2.900000000000000000e+01 9.270330000000000000e+05
3.000000000000000000e+01 8.022180000000000000e+05
3.100000000000000000e+01 6.834540000000000000e+05
3.200000000000000000e+01 5.741360000000000000e+05
3.300000000000000000e+01 4.687310000000000000e+05
3.400000000000000000e+01 3.751430000000000000e+05
3.500000000000000000e+01 2.900170000000000000e+05
3.600000000000000000e+01 2.146540000000000000e+05
3.700000000000000000e+01 1.512070000000000000e+05
3.800000000000000000e+01 1.002290000000000000e+05
3.900000000000000000e+01 6.276100000000000000e+04
4.000000000000000000e+01 3.652600000000000000e+04
4.100000000000000000e+01 1.947900000000000000e+04
4.200000000000000000e+01 9.645000000000000000e+03
4.300000000000000000e+01 4.492000000000000000e+03
4.400000000000000000e+01 1.926000000000000000e+03
4.500000000000000000e+01 8.260000000000000000e+02
4.600000000000000000e+01 3.860000000000000000e+02
4.700000000000000000e+01 1.870000000000000000e+02
4.800000000000000000e+01 8.200000000000000000e+01
4.900000000000000000e+01 1.210000000000000000e+02
5.000000000000000000e+01 4.300000000000000000e+01
5.100000000000000000e+01 6.500000000000000000e+01
5.200000000000000000e+01 3.700000000000000000e+01
5.300000000000000000e+01 7.900000000000000000e+01
5.400000000000000000e+01 1.900000000000000000e+01
5.500000000000000000e+01 5.400000000000000000e+01
5.600000000000000000e+01 2.400000000000000000e+01
5.700000000000000000e+01 4.400000000000000000e+01
5.800000000000000000e+01 1.000000000000000000e+01
5.900000000000000000e+01 3.500000000000000000e+01
6.000000000000000000e+01 1.600000000000000000e+01
6.100000000000000000e+01 3.500000000000000000e+01
6.200000000000000000e+01 1.100000000000000000e+01
6.300000000000000000e+01 2.700000000000000000e+01
6.400000000000000000e+01 1.700000000000000000e+01
6.500000000000000000e+01 2.300000000000000000e+01
6.600000000000000000e+01 1.200000000000000000e+01
6.700000000000000000e+01 9.000000000000000000e+00
6.800000000000000000e+01 1.200000000000000000e+01
6.900000000000000000e+01 1.100000000000000000e+01
7.000000000000000000e+01 8.000000000000000000e+00
7.100000000000000000e+01 9.000000000000000000e+00
7.200000000000000000e+01 6.000000000000000000e+00
7.300000000000000000e+01 5.000000000000000000e+00
7.400000000000000000e+01 3.000000000000000000e+00
7.500000000000000000e+01 1.000000000000000000e+00
7.600000000000000000e+01 5.000000000000000000e+00
7.700000000000000000e+01 1.000000000000000000e+00
7.800000000000000000e+01 3.000000000000000000e+00
7.900000000000000000e+01 1.000000000000000000e+00
8.000000000000000000e+01 2.000000000000000000e+00
8.100000000000000000e+01 1.000000000000000000e+00
8.200000000000000000e+01 1.000000000000000000e+00
8.300000000000000000e+01 1.000000000000000000e+00
8.400000000000000000e+01 1.000000000000000000e+00
8.500000000000000000e+01 1.000000000000000000e+00
8.600000000000000000e+01 2.000000000000000000e+00
1.270000000000000000e+02 1.000000000000000000e+00
1.400000000000000000e+02 1.000000000000000000e+00
2.840000000000000000e+02 1.000000000000000000e+00
4.070000000000000000e+02 1.000000000000000000e+00
1.321000000000000000e+03 1.000000000000000000e+00
