-4.000000000000000000e+00 8.000000000000000000e+00
-3.000000000000000000e+00 1.300000000000000000e+01
-2.000000000000000000e+00 2.400000000000000000e+01
-1.000000000000000000e+00 9.600000000000000000e+01
0.000000000000000000e+00 1.401000000000000000e+03
1.000000000000000000e+00 1.840000000000000000e+02
2.000000000000000000e+00 2.660000000000000000e+02
3.000000000000000000e+00 3.860000000000000000e+02
4.000000000000000000e+00 2.037000000000000000e+03
5.000000000000000000e+00 1.579500000000000000e+04
6.000000000000000000e+00 1.112120000000000000e+05
7.000000000000000000e+00 1.917360000000000000e+05
8.000000000000000000e+00 2.301480000000000000e+05
9.000000000000000000e+00 2.738130000000000000e+05
1.000000000000000000e+01 3.152010000000000000e+05
1.100000000000000000e+01 3.444210000000000000e+05
1.200000000000000000e+01 3.628850000000000000e+05
1.300000000000000000e+01 3.795840000000000000e+05
1.400000000000000000e+01 3.978870000000000000e+05
1.500000000000000000e+01 4.215350000000000000e+05
1.600000000000000000e+01 4.629510000000000000e+05
1.700000000000000000e+01 5.242300000000000000e+05
1.800000000000000000e+01 6.067710000000000000e+05
1.900000000000000000e+01 7.100040000000000000e+05
2.000000000000000000e+01 8.361970000000000000e+05
2.100000000000000000e+01 9.896970000000000000e+05
2.200000000000000000e+01 1.151099000000000000e+06
2.300000000000000000e+01 1.299130000000000000e+06
2.400000000000000000e+01 1.412406000000000000e+06
2.500000000000000000e+01 1.454104000000000000e+06
2.600000000000000000e+01 1.431375000000000000e+06
2.700000000000000000e+01 1.361293000000000000e+06
2.800000000000000000e+01 1.268849000000000000e+06
2.900000000000000000e+01 1.172375000000000000e+06
3.000000000000000000e+01 1.072111000000000000e+06
3.100000000000000000e+01 9.825140000000000000e+05
3.200000000000000000e+01 9.027780000000000000e+05
3.300000000000000000e+01 8.283540000000000000e+05
3.400000000000000000e+01 7.640730000000000000e+05
3.500000000000000000e+01 7.039020000000000000e+05
3.600000000000000000e+01 6.512960000000000000e+05
3.700000000000000000e+01 5.952300000000000000e+05
3.800000000000000000e+01 5.445840000000000000e+05
3.900000000000000000e+01 4.940630000000000000e+05
4.000000000000000000e+01 4.429560000000000000e+05
4.100000000000000000e+01 3.949420000000000000e+05
4.200000000000000000e+01 3.428640000000000000e+05
4.300000000000000000e+01 2.913250000000000000e+05
4.400000000000000000e+01 2.434980000000000000e+05
4.500000000000000000e+01 1.958890000000000000e+05
4.600000000000000000e+01 1.537010000000000000e+05
4.700000000000000000e+01 1.158050000000000000e+05
4.800000000000000000e+01 8.356100000000000000e+04
4.900000000000000000e+01 5.700200000000000000e+04
5.000000000000000000e+01 3.722000000000000000e+04
5.100000000000000000e+01 2.328000000000000000e+04
5.200000000000000000e+01 1.375500000000000000e+04
5.300000000000000000e+01 7.732000000000000000e+03
5.400000000000000000e+01 4.148000000000000000e+03
5.500000000000000000e+01 2.217000000000000000e+03
5.600000000000000000e+01 1.208000000000000000e+03
5.700000000000000000e+01 6.530000000000000000e+02
5.800000000000000000e+01 3.310000000000000000e+02
5.900000000000000000e+01 2.170000000000000000e+02
6.000000000000000000e+01 1.090000000000000000e+02
6.100000000000000000e+01 1.220000000000000000e+02
6.200000000000000000e+01 4.900000000000000000e+01
6.300000000000000000e+01 9.200000000000000000e+01
6.400000000000000000e+01 5.800000000000000000e+01
6.500000000000000000e+01 6.600000000000000000e+01
6.600000000000000000e+01 5.300000000000000000e+01
6.700000000000000000e+01 3.700000000000000000e+01
6.800000000000000000e+01 3.600000000000000000e+01
6.900000000000000000e+01 3.700000000000000000e+01
7.000000000000000000e+01 3.300000000000000000e+01
7.100000000000000000e+01 2.900000000000000000e+01
7.200000000000000000e+01 2.400000000000000000e+01
7.300000000000000000e+01 2.000000000000000000e+01
7.400000000000000000e+01 2.000000000000000000e+01
7.500000000000000000e+01 1.200000000000000000e+01
7.600000000000000000e+01 2.900000000000000000e+01
7.700000000000000000e+01 6.000000000000000000e+00
7.800000000000000000e+01 2.300000000000000000e+01
7.900000000000000000e+01 7.000000000000000000e+00
8.000000000000000000e+01 1.800000000000000000e+01
8.200000000000000000e+01 1.600000000000000000e+01
8.300000000000000000e+01 1.000000000000000000e+01
8.400000000000000000e+01 1.700000000000000000e+01
8.500000000000000000e+01 1.000000000000000000e+00
8.600000000000000000e+01 1.700000000000000000e+01
8.700000000000000000e+01 6.000000000000000000e+00
8.800000000000000000e+01 1.100000000000000000e+01
8.900000000000000000e+01 6.000000000000000000e+00
9.000000000000000000e+01 6.000000000000000000e+00
9.100000000000000000e+01 4.000000000000000000e+00
9.200000000000000000e+01 1.000000000000000000e+00
9.300000000000000000e+01 3.000000000000000000e+00
9.400000000000000000e+01 5.000000000000000000e+00
9.500000000000000000e+01 6.000000000000000000e+00
9.600000000000000000e+01 3.000000000000000000e+00
9.800000000000000000e+01 2.000000000000000000e+00
1.000000000000000000e+02 1.000000000000000000e+00
1.030000000000000000e+02 5.000000000000000000e+00
1.140000000000000000e+02 1.000000000000000000e+00
1.210000000000000000e+02 1.000000000000000000e+00
1.240000000000000000e+02 1.000000000000000000e+00
1.650000000000000000e+02 1.000000000000000000e+00
1.710000000000000000e+02 1.000000000000000000e+00
1.770000000000000000e+02 1.000000000000000000e+00
2.020000000000000000e+02 1.000000000000000000e+00
2.030000000000000000e+02 1.000000000000000000e+00
2.400000000000000000e+02 1.000000000000000000e+00
1.660000000000000000e+03 1.000000000000000000e+00
2.475000000000000000e+03 1.000000000000000000e+00
