-4.000000000000000000e+00 1.100000000000000000e+01
-3.000000000000000000e+00 1.000000000000000000e+01
-2.000000000000000000e+00 2.200000000000000000e+01
-1.000000000000000000e+00 9.100000000000000000e+01
0.000000000000000000e+00 1.411000000000000000e+03
1.000000000000000000e+00 1.940000000000000000e+02
2.000000000000000000e+00 2.650000000000000000e+02
3.000000000000000000e+00 4.020000000000000000e+02
4.000000000000000000e+00 2.121000000000000000e+03
5.000000000000000000e+00 1.565800000000000000e+04
6.000000000000000000e+00 1.100000000000000000e+05
7.000000000000000000e+00 1.912950000000000000e+05
8.000000000000000000e+00 2.303540000000000000e+05
9.000000000000000000e+00 2.729780000000000000e+05
1.000000000000000000e+01 3.152510000000000000e+05
1.100000000000000000e+01 3.441750000000000000e+05
1.200000000000000000e+01 3.624470000000000000e+05
1.300000000000000000e+01 3.789280000000000000e+05
1.400000000000000000e+01 3.982000000000000000e+05
1.500000000000000000e+01 4.213750000000000000e+05
1.600000000000000000e+01 4.595170000000000000e+05
1.700000000000000000e+01 5.211470000000000000e+05
1.800000000000000000e+01 6.008680000000000000e+05
1.900000000000000000e+01 7.064620000000000000e+05
2.000000000000000000e+01 8.324150000000000000e+05
2.100000000000000000e+01 9.820400000000000000e+05
2.200000000000000000e+01 1.144419000000000000e+06
2.300000000000000000e+01 1.290356000000000000e+06
2.400000000000000000e+01 1.406553000000000000e+06
2.500000000000000000e+01 1.452067000000000000e+06
2.600000000000000000e+01 1.432640000000000000e+06
2.700000000000000000e+01 1.366610000000000000e+06
2.800000000000000000e+01 1.274958000000000000e+06
2.900000000000000000e+01 1.176945000000000000e+06
3.000000000000000000e+01 1.078441000000000000e+06
3.100000000000000000e+01 9.856700000000000000e+05
3.200000000000000000e+01 9.048080000000000000e+05
3.300000000000000000e+01 8.314080000000000000e+05
3.400000000000000000e+01 7.677810000000000000e+05
3.500000000000000000e+01 7.071140000000000000e+05
3.600000000000000000e+01 6.516750000000000000e+05
3.700000000000000000e+01 5.972980000000000000e+05
3.800000000000000000e+01 5.460240000000000000e+05
3.900000000000000000e+01 4.961800000000000000e+05
4.000000000000000000e+01 4.458150000000000000e+05
4.100000000000000000e+01 3.946590000000000000e+05
4.200000000000000000e+01 3.445090000000000000e+05
4.300000000000000000e+01 2.938240000000000000e+05
4.400000000000000000e+01 2.461730000000000000e+05
4.500000000000000000e+01 1.987770000000000000e+05
4.600000000000000000e+01 1.552600000000000000e+05
4.700000000000000000e+01 1.175570000000000000e+05
4.800000000000000000e+01 8.351400000000000000e+04
4.900000000000000000e+01 5.828500000000000000e+04
5.000000000000000000e+01 3.789100000000000000e+04
5.100000000000000000e+01 2.365800000000000000e+04
5.200000000000000000e+01 1.417600000000000000e+04
5.300000000000000000e+01 8.004000000000000000e+03
5.400000000000000000e+01 4.344000000000000000e+03
5.500000000000000000e+01 2.302000000000000000e+03
5.600000000000000000e+01 1.204000000000000000e+03
5.700000000000000000e+01 6.520000000000000000e+02
5.800000000000000000e+01 3.470000000000000000e+02
5.900000000000000000e+01 2.430000000000000000e+02
6.000000000000000000e+01 1.150000000000000000e+02
6.100000000000000000e+01 1.080000000000000000e+02
6.200000000000000000e+01 7.800000000000000000e+01
6.300000000000000000e+01 7.800000000000000000e+01
6.400000000000000000e+01 5.100000000000000000e+01
6.500000000000000000e+01 4.300000000000000000e+01
6.600000000000000000e+01 4.000000000000000000e+01
6.700000000000000000e+01 3.500000000000000000e+01
6.800000000000000000e+01 3.700000000000000000e+01
6.900000000000000000e+01 4.000000000000000000e+01
7.000000000000000000e+01 3.700000000000000000e+01
7.100000000000000000e+01 1.900000000000000000e+01
7.200000000000000000e+01 2.500000000000000000e+01
7.300000000000000000e+01 2.900000000000000000e+01
7.400000000000000000e+01 2.000000000000000000e+01
7.500000000000000000e+01 1.100000000000000000e+01
7.600000000000000000e+01 2.500000000000000000e+01
7.700000000000000000e+01 1.200000000000000000e+01
7.800000000000000000e+01 2.000000000000000000e+01
7.900000000000000000e+01 1.000000000000000000e+00
8.000000000000000000e+01 1.900000000000000000e+01
8.100000000000000000e+01 9.000000000000000000e+00
8.200000000000000000e+01 2.100000000000000000e+01
8.300000000000000000e+01 8.000000000000000000e+00
8.400000000000000000e+01 1.500000000000000000e+01
8.500000000000000000e+01 3.000000000000000000e+00
8.600000000000000000e+01 1.600000000000000000e+01
8.700000000000000000e+01 5.000000000000000000e+00
8.800000000000000000e+01 1.000000000000000000e+01
8.900000000000000000e+01 6.000000000000000000e+00
9.000000000000000000e+01 5.000000000000000000e+00
9.100000000000000000e+01 6.000000000000000000e+00
9.200000000000000000e+01 2.000000000000000000e+00
9.300000000000000000e+01 2.000000000000000000e+00
9.500000000000000000e+01 1.000000000000000000e+00
9.600000000000000000e+01 5.000000000000000000e+00
9.700000000000000000e+01 1.000000000000000000e+00
9.800000000000000000e+01 4.000000000000000000e+00
9.900000000000000000e+01 2.000000000000000000e+00
1.010000000000000000e+02 1.000000000000000000e+00
1.030000000000000000e+02 1.000000000000000000e+00
1.040000000000000000e+02 1.000000000000000000e+00
1.580000000000000000e+02 1.000000000000000000e+00
1.600000000000000000e+02 1.000000000000000000e+00
1.700000000000000000e+02 1.000000000000000000e+00
2.080000000000000000e+02 1.000000000000000000e+00
2.130000000000000000e+02 1.000000000000000000e+00
2.490000000000000000e+02 1.000000000000000000e+00
4.340000000000000000e+02 1.000000000000000000e+00
1.426000000000000000e+03 1.000000000000000000e+00
