-4.000000000000000000e+00 3.000000000000000000e+00
-3.000000000000000000e+00 2.000000000000000000e+00
-2.000000000000000000e+00 6.000000000000000000e+00
-1.000000000000000000e+00 1.200000000000000000e+01
0.000000000000000000e+00 1.326000000000000000e+03
1.000000000000000000e+00 2.000000000000000000e+01
2.000000000000000000e+00 5.500000000000000000e+01
3.000000000000000000e+00 7.300000000000000000e+01
4.000000000000000000e+00 6.800000000000000000e+02
5.000000000000000000e+00 2.942000000000000000e+03
6.000000000000000000e+00 1.434600000000000000e+04
7.000000000000000000e+00 2.609400000000000000e+04
8.000000000000000000e+00 3.670600000000000000e+04
9.000000000000000000e+00 5.251500000000000000e+04
1.000000000000000000e+01 7.411000000000000000e+04
1.100000000000000000e+01 1.021280000000000000e+05
1.200000000000000000e+01 1.405180000000000000e+05
1.300000000000000000e+01 1.921580000000000000e+05
1.400000000000000000e+01 2.580060000000000000e+05
1.500000000000000000e+01 3.429860000000000000e+05
1.600000000000000000e+01 4.491520000000000000e+05
1.700000000000000000e+01 5.781310000000000000e+05
1.800000000000000000e+01 7.238230000000000000e+05
1.900000000000000000e+01 8.705960000000000000e+05
2.000000000000000000e+01 1.006833000000000000e+06
2.100000000000000000e+01 1.120115000000000000e+06
2.200000000000000000e+01 1.204361000000000000e+06
2.300000000000000000e+01 1.233765000000000000e+06
2.400000000000000000e+01 1.205470000000000000e+06
2.500000000000000000e+01 1.107375000000000000e+06
2.600000000000000000e+01 9.561270000000000000e+05
2.700000000000000000e+01 7.649720000000000000e+05
2.800000000000000000e+01 5.626670000000000000e+05
2.900000000000000000e+01 3.734270000000000000e+05
3.000000000000000000e+01 2.221230000000000000e+05
3.100000000000000000e+01 1.167740000000000000e+05
3.200000000000000000e+01 5.396600000000000000e+04
3.300000000000000000e+01 2.294000000000000000e+04
3.400000000000000000e+01 8.808000000000000000e+03
3.500000000000000000e+01 3.383000000000000000e+03
3.600000000000000000e+01 1.169000000000000000e+03
3.700000000000000000e+01 4.280000000000000000e+02
3.800000000000000000e+01 1.720000000000000000e+02
3.900000000000000000e+01 6.400000000000000000e+01
4.000000000000000000e+01 6.000000000000000000e+01
4.100000000000000000e+01 4.500000000000000000e+01
4.200000000000000000e+01 3.500000000000000000e+01
4.300000000000000000e+01 4.000000000000000000e+01
4.400000000000000000e+01 2.900000000000000000e+01
4.500000000000000000e+01 1.800000000000000000e+01
4.600000000000000000e+01 3.100000000000000000e+01
4.700000000000000000e+01 1.900000000000000000e+01
4.800000000000000000e+01 1.300000000000000000e+01
4.900000000000000000e+01 3.300000000000000000e+01
5.000000000000000000e+01 1.100000000000000000e+01
5.100000000000000000e+01 1.600000000000000000e+01
5.200000000000000000e+01 8.000000000000000000e+00
5.300000000000000000e+01 2.600000000000000000e+01
5.400000000000000000e+01 1.100000000000000000e+01
5.500000000000000000e+01 2.600000000000000000e+01
5.600000000000000000e+01 5.000000000000000000e+00
5.700000000000000000e+01 1.400000000000000000e+01
5.800000000000000000e+01 5.000000000000000000e+00
5.900000000000000000e+01 7.000000000000000000e+00
6.000000000000000000e+01 1.000000000000000000e+00
6.100000000000000000e+01 7.000000000000000000e+00
6.200000000000000000e+01 2.000000000000000000e+00
6.300000000000000000e+01 5.000000000000000000e+00
6.400000000000000000e+01 4.000000000000000000e+00
6.500000000000000000e+01 3.000000000000000000e+00
6.600000000000000000e+01 1.000000000000000000e+00
6.800000000000000000e+01 2.000000000000000000e+00
6.900000000000000000e+01 1.000000000000000000e+00
7.100000000000000000e+01 1.000000000000000000e+00
7.800000000000000000e+01 1.000000000000000000e+00
9.100000000000000000e+01 1.000000000000000000e+00
9.300000000000000000e+01 1.000000000000000000e+00
1.090000000000000000e+02 1.000000000000000000e+00
1.260000000000000000e+02 1.000000000000000000e+00
1.420000000000000000e+02 1.000000000000000000e+00
1.460000000000000000e+02 1.000000000000000000e+00
1.480000000000000000e+02 1.000000000000000000e+00
1.530000000000000000e+02 1.000000000000000000e+00
1.610000000000000000e+02 1.000000000000000000e+00
2.190000000000000000e+02 1.000000000000000000e+00
2.360000000000000000e+02 1.000000000000000000e+00
2.440000000000000000e+02 1.000000000000000000e+00
2.640000000000000000e+02 1.000000000000000000e+00
5.750000000000000000e+02 1.000000000000000000e+00
6.430000000000000000e+02 1.000000000000000000e+00
1.045000000000000000e+03 1.000000000000000000e+00
1.276000000000000000e+03 1.000000000000000000e+00
1.294000000000000000e+03 1.000000000000000000e+00
