-4.000000000000000000e+00 3.000000000000000000e+00
-3.000000000000000000e+00 2.000000000000000000e+00
-2.000000000000000000e+00 2.200000000000000000e+01
-1.000000000000000000e+00 6.000000000000000000e+01
0.000000000000000000e+00 1.380000000000000000e+03
1.000000000000000000e+00 1.030000000000000000e+02
2.000000000000000000e+00 1.570000000000000000e+02
3.000000000000000000e+00 3.020000000000000000e+02
4.000000000000000000e+00 1.529000000000000000e+03
5.000000000000000000e+00 1.107900000000000000e+04
6.000000000000000000e+00 7.612000000000000000e+04
7.000000000000000000e+00 1.313870000000000000e+05
8.000000000000000000e+00 1.594290000000000000e+05
9.000000000000000000e+00 1.896460000000000000e+05
1.000000000000000000e+01 2.181550000000000000e+05
1.100000000000000000e+01 2.378980000000000000e+05
1.200000000000000000e+01 2.501890000000000000e+05
1.300000000000000000e+01 2.579440000000000000e+05
1.400000000000000000e+01 2.659270000000000000e+05
1.500000000000000000e+01 2.762460000000000000e+05
1.600000000000000000e+01 2.959290000000000000e+05
1.700000000000000000e+01 3.290230000000000000e+05
1.800000000000000000e+01 3.732290000000000000e+05
1.900000000000000000e+01 4.322080000000000000e+05
2.000000000000000000e+01 5.056730000000000000e+05
2.100000000000000000e+01 5.981440000000000000e+05
2.200000000000000000e+01 7.010550000000000000e+05
2.300000000000000000e+01 7.974910000000000000e+05
2.400000000000000000e+01 8.798700000000000000e+05
2.500000000000000000e+01 9.204770000000000000e+05
2.600000000000000000e+01 9.225070000000000000e+05
2.700000000000000000e+01 8.915360000000000000e+05
2.800000000000000000e+01 8.395810000000000000e+05
2.900000000000000000e+01 7.843710000000000000e+05
3.000000000000000000e+01 7.292060000000000000e+05
3.100000000000000000e+01 6.749550000000000000e+05
3.200000000000000000e+01 6.267360000000000000e+05
3.300000000000000000e+01 5.814240000000000000e+05
3.400000000000000000e+01 5.433040000000000000e+05
3.500000000000000000e+01 5.063820000000000000e+05
3.600000000000000000e+01 4.712560000000000000e+05
3.700000000000000000e+01 4.363780000000000000e+05
3.800000000000000000e+01 4.009930000000000000e+05
3.900000000000000000e+01 3.666350000000000000e+05
4.000000000000000000e+01 3.314350000000000000e+05
4.100000000000000000e+01 2.967530000000000000e+05
4.200000000000000000e+01 2.617500000000000000e+05
4.300000000000000000e+01 2.234390000000000000e+05
4.400000000000000000e+01 1.890020000000000000e+05
4.500000000000000000e+01 1.541180000000000000e+05
4.600000000000000000e+01 1.212000000000000000e+05
4.700000000000000000e+01 9.252100000000000000e+04
4.800000000000000000e+01 6.731600000000000000e+04
4.900000000000000000e+01 4.689600000000000000e+04
5.000000000000000000e+01 3.097800000000000000e+04
5.100000000000000000e+01 1.950800000000000000e+04
5.200000000000000000e+01 1.169000000000000000e+04
5.300000000000000000e+01 6.657000000000000000e+03
5.400000000000000000e+01 3.663000000000000000e+03
5.500000000000000000e+01 2.015000000000000000e+03
5.600000000000000000e+01 1.034000000000000000e+03
5.700000000000000000e+01 5.340000000000000000e+02
5.800000000000000000e+01 2.550000000000000000e+02
5.900000000000000000e+01 1.660000000000000000e+02
6.000000000000000000e+01 1.110000000000000000e+02
6.100000000000000000e+01 7.500000000000000000e+01
6.200000000000000000e+01 5.500000000000000000e+01
6.300000000000000000e+01 4.300000000000000000e+01
6.400000000000000000e+01 3.600000000000000000e+01
6.500000000000000000e+01 4.000000000000000000e+01
6.600000000000000000e+01 3.000000000000000000e+01
6.700000000000000000e+01 2.600000000000000000e+01
6.800000000000000000e+01 2.400000000000000000e+01
6.900000000000000000e+01 2.200000000000000000e+01
7.000000000000000000e+01 2.100000000000000000e+01
7.100000000000000000e+01 1.900000000000000000e+01
7.200000000000000000e+01 1.400000000000000000e+01
7.300000000000000000e+01 1.100000000000000000e+01
7.400000000000000000e+01 1.100000000000000000e+01
7.500000000000000000e+01 6.000000000000000000e+00
7.600000000000000000e+01 1.600000000000000000e+01
7.700000000000000000e+01 1.000000000000000000e+01
7.800000000000000000e+01 1.200000000000000000e+01
7.900000000000000000e+01 6.000000000000000000e+00
8.000000000000000000e+01 1.500000000000000000e+01
8.100000000000000000e+01 5.000000000000000000e+00
8.200000000000000000e+01 1.200000000000000000e+01
8.300000000000000000e+01 3.000000000000000000e+00
8.400000000000000000e+01 1.000000000000000000e+01
8.500000000000000000e+01 5.000000000000000000e+00
8.600000000000000000e+01 1.000000000000000000e+01
8.700000000000000000e+01 5.000000000000000000e+00
8.800000000000000000e+01 6.000000000000000000e+00
8.900000000000000000e+01 6.000000000000000000e+00
9.000000000000000000e+01 6.000000000000000000e+00
9.100000000000000000e+01 6.000000000000000000e+00
9.200000000000000000e+01 1.200000000000000000e+01
9.300000000000000000e+01 3.000000000000000000e+00
9.400000000000000000e+01 4.000000000000000000e+00
9.700000000000000000e+01 1.000000000000000000e+00
9.800000000000000000e+01 1.000000000000000000e+00
1.000000000000000000e+02 1.000000000000000000e+00
1.010000000000000000e+02 1.000000000000000000e+00
1.020000000000000000e+02 1.000000000000000000e+00
1.050000000000000000e+02 1.000000000000000000e+00
1.090000000000000000e+02 1.000000000000000000e+00
1.130000000000000000e+02 1.000000000000000000e+00
1.210000000000000000e+02 1.000000000000000000e+00
1.250000000000000000e+02 1.000000000000000000e+00
1.390000000000000000e+02 1.000000000000000000e+00
2.220000000000000000e+02 1.000000000000000000e+00
2.230000000000000000e+02 1.000000000000000000e+00
2.690000000000000000e+02 1.000000000000000000e+00
3.780000000000000000e+02 1.000000000000000000e+00
