-4.000000000000000000e+00 4.000000000000000000e+00
-3.000000000000000000e+00 1.000000000000000000e+00
-2.000000000000000000e+00 1.300000000000000000e+01
-1.000000000000000000e+00 2.700000000000000000e+01
0.000000000000000000e+00 1.343000000000000000e+03
1.000000000000000000e+00 6.600000000000000000e+01
2.000000000000000000e+00 7.900000000000000000e+01
3.000000000000000000e+00 1.720000000000000000e+02
4.000000000000000000e+00 9.970000000000000000e+02
5.000000000000000000e+00 6.449000000000000000e+03
6.000000000000000000e+00 4.411600000000000000e+04
7.000000000000000000e+00 7.443300000000000000e+04
8.000000000000000000e+00 8.714300000000000000e+04
9.000000000000000000e+00 9.897100000000000000e+04
1.000000000000000000e+01 1.077580000000000000e+05
1.100000000000000000e+01 1.121360000000000000e+05
1.200000000000000000e+01 1.118550000000000000e+05
1.300000000000000000e+01 1.170320000000000000e+05
1.400000000000000000e+01 1.271320000000000000e+05
1.500000000000000000e+01 1.476090000000000000e+05
1.600000000000000000e+01 1.812130000000000000e+05
1.700000000000000000e+01 2.301900000000000000e+05
1.800000000000000000e+01 2.940320000000000000e+05
1.900000000000000000e+01 3.721120000000000000e+05
2.000000000000000000e+01 4.602970000000000000e+05
2.100000000000000000e+01 5.591390000000000000e+05
2.200000000000000000e+01 6.620310000000000000e+05
2.300000000000000000e+01 7.541560000000000000e+05
2.400000000000000000e+01 8.292370000000000000e+05
2.500000000000000000e+01 8.654130000000000000e+05
2.600000000000000000e+01 8.620650000000000000e+05
2.700000000000000000e+01 8.242960000000000000e+05
2.800000000000000000e+01 7.616060000000000000e+05
2.900000000000000000e+01 6.898800000000000000e+05
3.000000000000000000e+01 6.068210000000000000e+05
3.100000000000000000e+01 5.250400000000000000e+05
3.200000000000000000e+01 4.460720000000000000e+05
3.300000000000000000e+01 3.697760000000000000e+05
3.400000000000000000e+01 3.002720000000000000e+05
3.500000000000000000e+01 2.350130000000000000e+05
3.600000000000000000e+01 1.756580000000000000e+05
3.700000000000000000e+01 1.248940000000000000e+05
3.800000000000000000e+01 8.457600000000000000e+04
3.900000000000000000e+01 5.380900000000000000e+04
4.000000000000000000e+01 3.122000000000000000e+04
4.100000000000000000e+01 1.719100000000000000e+04
4.200000000000000000e+01 8.332000000000000000e+03
4.300000000000000000e+01 3.948000000000000000e+03
4.400000000000000000e+01 1.763000000000000000e+03
4.500000000000000000e+01 7.840000000000000000e+02
4.600000000000000000e+01 3.490000000000000000e+02
4.700000000000000000e+01 1.550000000000000000e+02
4.800000000000000000e+01 8.900000000000000000e+01
4.900000000000000000e+01 7.200000000000000000e+01
5.000000000000000000e+01 3.900000000000000000e+01
5.100000000000000000e+01 4.800000000000000000e+01
5.200000000000000000e+01 3.200000000000000000e+01
5.300000000000000000e+01 3.400000000000000000e+01
5.400000000000000000e+01 1.400000000000000000e+01
5.500000000000000000e+01 3.700000000000000000e+01
5.600000000000000000e+01 1.600000000000000000e+01
5.700000000000000000e+01 2.600000000000000000e+01
5.800000000000000000e+01 1.000000000000000000e+01
5.900000000000000000e+01 1.300000000000000000e+01
6.000000000000000000e+01 1.600000000000000000e+01
6.100000000000000000e+01 1.100000000000000000e+01
6.200000000000000000e+01 9.000000000000000000e+00
6.300000000000000000e+01 1.300000000000000000e+01
6.400000000000000000e+01 1.500000000000000000e+01
6.500000000000000000e+01 9.000000000000000000e+00
6.600000000000000000e+01 6.000000000000000000e+00
6.700000000000000000e+01 1.200000000000000000e+01
6.800000000000000000e+01 5.000000000000000000e+00
6.900000000000000000e+01 7.000000000000000000e+00
7.000000000000000000e+01 6.000000000000000000e+00
7.100000000000000000e+01 6.000000000000000000e+00
7.200000000000000000e+01 4.000000000000000000e+00
7.300000000000000000e+01 2.000000000000000000e+00
7.400000000000000000e+01 5.000000000000000000e+00
7.500000000000000000e+01 1.000000000000000000e+00
7.600000000000000000e+01 4.000000000000000000e+00
7.800000000000000000e+01 3.000000000000000000e+00
7.900000000000000000e+01 1.000000000000000000e+00
8.000000000000000000e+01 2.000000000000000000e+00
8.100000000000000000e+01 1.000000000000000000e+00
8.200000000000000000e+01 2.000000000000000000e+00
8.300000000000000000e+01 1.000000000000000000e+00
8.400000000000000000e+01 2.000000000000000000e+00
8.500000000000000000e+01 1.000000000000000000e+00
8.600000000000000000e+01 1.000000000000000000e+00
8.700000000000000000e+01 2.000000000000000000e+00
9.200000000000000000e+01 1.000000000000000000e+00
9.800000000000000000e+01 1.000000000000000000e+00
1.230000000000000000e+02 1.000000000000000000e+00
1.270000000000000000e+02 1.000000000000000000e+00
1.280000000000000000e+02 1.000000000000000000e+00
1.540000000000000000e+02 1.000000000000000000e+00
1.980000000000000000e+02 1.000000000000000000e+00
3.180000000000000000e+02 1.000000000000000000e+00
4.970000000000000000e+02 1.000000000000000000e+00
7.400000000000000000e+02 1.000000000000000000e+00
