-4.000000000000000000e+00 4.000000000000000000e+00
-3.000000000000000000e+00 1.000000000000000000e+00
-2.000000000000000000e+00 5.000000000000000000e+00
-1.000000000000000000e+00 2.300000000000000000e+01
0.000000000000000000e+00 1.364000000000000000e+03
1.000000000000000000e+00 5.200000000000000000e+01
2.000000000000000000e+00 1.010000000000000000e+02
3.000000000000000000e+00 1.280000000000000000e+02
4.000000000000000000e+00 6.810000000000000000e+02
5.000000000000000000e+00 3.922000000000000000e+03
6.000000000000000000e+00 2.431500000000000000e+04
7.000000000000000000e+00 4.602100000000000000e+04
8.000000000000000000e+00 6.530400000000000000e+04
9.000000000000000000e+00 9.406600000000000000e+04
1.000000000000000000e+01 1.328590000000000000e+05
1.100000000000000000e+01 1.840420000000000000e+05
1.200000000000000000e+01 2.518130000000000000e+05
1.300000000000000000e+01 3.420090000000000000e+05
1.400000000000000000e+01 4.560870000000000000e+05
1.500000000000000000e+01 5.939020000000000000e+05
1.600000000000000000e+01 7.616760000000000000e+05
1.700000000000000000e+01 9.685470000000000000e+05
1.800000000000000000e+01 1.185654000000000000e+06
1.900000000000000000e+01 1.395609000000000000e+06
2.000000000000000000e+01 1.550706000000000000e+06
2.100000000000000000e+01 1.633945000000000000e+06
2.200000000000000000e+01 1.602716000000000000e+06
2.300000000000000000e+01 1.432723000000000000e+06
2.400000000000000000e+01 1.147585000000000000e+06
2.500000000000000000e+01 8.003860000000000000e+05
2.600000000000000000e+01 4.807830000000000000e+05
2.700000000000000000e+01 2.525170000000000000e+05
2.800000000000000000e+01 1.203320000000000000e+05
2.900000000000000000e+01 5.628900000000000000e+04
3.000000000000000000e+01 2.694000000000000000e+04
3.100000000000000000e+01 1.280400000000000000e+04
3.200000000000000000e+01 5.817000000000000000e+03
3.300000000000000000e+01 2.450000000000000000e+03
3.400000000000000000e+01 1.008000000000000000e+03
3.500000000000000000e+01 3.750000000000000000e+02
3.600000000000000000e+01 1.750000000000000000e+02
3.700000000000000000e+01 7.600000000000000000e+01
3.800000000000000000e+01 7.500000000000000000e+01
3.900000000000000000e+01 2.800000000000000000e+01
4.000000000000000000e+01 7.100000000000000000e+01
4.100000000000000000e+01 4.600000000000000000e+01
4.200000000000000000e+01 5.900000000000000000e+01
4.300000000000000000e+01 4.000000000000000000e+01
4.400000000000000000e+01 3.800000000000000000e+01
4.500000000000000000e+01 2.900000000000000000e+01
4.600000000000000000e+01 3.800000000000000000e+01
4.700000000000000000e+01 3.200000000000000000e+01
4.800000000000000000e+01 5.000000000000000000e+00
4.900000000000000000e+01 3.900000000000000000e+01
5.000000000000000000e+01 9.000000000000000000e+00
5.100000000000000000e+01 2.400000000000000000e+01
5.200000000000000000e+01 1.300000000000000000e+01
5.300000000000000000e+01 1.800000000000000000e+01
5.400000000000000000e+01 6.000000000000000000e+00
5.500000000000000000e+01 7.000000000000000000e+00
5.600000000000000000e+01 4.000000000000000000e+00
5.700000000000000000e+01 8.000000000000000000e+00
5.800000000000000000e+01 4.000000000000000000e+00
5.900000000000000000e+01 7.000000000000000000e+00
6.000000000000000000e+01 2.000000000000000000e+00
6.100000000000000000e+01 1.000000000000000000e+00
6.200000000000000000e+01 1.000000000000000000e+00
6.500000000000000000e+01 1.000000000000000000e+00
6.800000000000000000e+01 1.000000000000000000e+00
6.900000000000000000e+01 1.000000000000000000e+00
7.000000000000000000e+01 1.000000000000000000e+00
7.300000000000000000e+01 1.000000000000000000e+00
7.700000000000000000e+01 2.000000000000000000e+00
8.000000000000000000e+01 1.000000000000000000e+00
8.200000000000000000e+01 1.000000000000000000e+00
8.900000000000000000e+01 1.000000000000000000e+00
9.100000000000000000e+01 1.000000000000000000e+00
9.200000000000000000e+01 1.000000000000000000e+00
9.600000000000000000e+01 1.000000000000000000e+00
9.700000000000000000e+01 1.000000000000000000e+00
9.800000000000000000e+01 1.000000000000000000e+00
1.000000000000000000e+02 1.000000000000000000e+00
1.010000000000000000e+02 1.000000000000000000e+00
1.030000000000000000e+02 1.000000000000000000e+00
1.100000000000000000e+02 1.000000000000000000e+00
1.140000000000000000e+02 1.000000000000000000e+00
1.150000000000000000e+02 1.000000000000000000e+00
1.170000000000000000e+02 1.000000000000000000e+00
1.280000000000000000e+02 1.000000000000000000e+00
1.300000000000000000e+02 1.000000000000000000e+00
1.640000000000000000e+02 1.000000000000000000e+00
1.650000000000000000e+02 2.000000000000000000e+00
1.830000000000000000e+02 1.000000000000000000e+00
1.980000000000000000e+02 1.000000000000000000e+00
2.090000000000000000e+02 1.000000000000000000e+00
2.170000000000000000e+02 1.000000000000000000e+00
2.330000000000000000e+02 1.000000000000000000e+00
2.460000000000000000e+02 1.000000000000000000e+00
2.510000000000000000e+02 2.000000000000000000e+00
2.760000000000000000e+02 1.000000000000000000e+00
3.610000000000000000e+02 1.000000000000000000e+00
4.380000000000000000e+02 1.000000000000000000e+00
4.900000000000000000e+02 1.000000000000000000e+00
5.470000000000000000e+02 1.000000000000000000e+00
9.090000000000000000e+02 1.000000000000000000e+00
1.212000000000000000e+03 1.000000000000000000e+00
1.256000000000000000e+03 1.000000000000000000e+00
1.526000000000000000e+03 1.000000000000000000e+00
1.690000000000000000e+03 1.000000000000000000e+00
1.969000000000000000e+03 1.000000000000000000e+00
2.608000000000000000e+03 1.000000000000000000e+00
2.824000000000000000e+03 1.000000000000000000e+00
3.020000000000000000e+03 1.000000000000000000e+00
