-4.000000000000000000e+00 3.000000000000000000e+00
-3.000000000000000000e+00 7.000000000000000000e+00
-2.000000000000000000e+00 2.000000000000000000e+01
-1.000000000000000000e+00 5.900000000000000000e+01
0.000000000000000000e+00 1.362000000000000000e+03
1.000000000000000000e+00 1.270000000000000000e+02
2.000000000000000000e+00 1.410000000000000000e+02
3.000000000000000000e+00 2.280000000000000000e+02
4.000000000000000000e+00 1.168000000000000000e+03
5.000000000000000000e+00 8.640000000000000000e+03
6.000000000000000000e+00 6.020600000000000000e+04
7.000000000000000000e+00 1.022180000000000000e+05
8.000000000000000000e+00 1.188260000000000000e+05
9.000000000000000000e+00 1.356890000000000000e+05
1.000000000000000000e+01 1.498120000000000000e+05
1.100000000000000000e+01 1.563800000000000000e+05
1.200000000000000000e+01 1.609820000000000000e+05
1.300000000000000000e+01 1.714360000000000000e+05
1.400000000000000000e+01 1.934920000000000000e+05
1.500000000000000000e+01 2.293910000000000000e+05
1.600000000000000000e+01 2.865830000000000000e+05
1.700000000000000000e+01 3.675440000000000000e+05
1.800000000000000000e+01 4.671430000000000000e+05
1.900000000000000000e+01 5.880440000000000000e+05
2.000000000000000000e+01 7.201370000000000000e+05
2.100000000000000000e+01 8.666250000000000000e+05
2.200000000000000000e+01 1.016987000000000000e+06
2.300000000000000000e+01 1.146264000000000000e+06
2.400000000000000000e+01 1.245466000000000000e+06
2.500000000000000000e+01 1.285384000000000000e+06
2.600000000000000000e+01 1.266809000000000000e+06
2.700000000000000000e+01 1.198073000000000000e+06
2.800000000000000000e+01 1.094524000000000000e+06
2.900000000000000000e+01 9.751090000000000000e+05
3.000000000000000000e+01 8.494340000000000000e+05
3.100000000000000000e+01 7.226910000000000000e+05
3.200000000000000000e+01 6.063720000000000000e+05
3.300000000000000000e+01 4.963180000000000000e+05
3.400000000000000000e+01 3.985410000000000000e+05
3.500000000000000000e+01 3.061670000000000000e+05
3.600000000000000000e+01 2.272070000000000000e+05
3.700000000000000000e+01 1.597140000000000000e+05
3.800000000000000000e+01 1.064290000000000000e+05
3.900000000000000000e+01 6.682700000000000000e+04
4.000000000000000000e+01 3.844400000000000000e+04
4.100000000000000000e+01 2.096400000000000000e+04
4.200000000000000000e+01 1.035400000000000000e+04
4.300000000000000000e+01 4.822000000000000000e+03
4.400000000000000000e+01 2.105000000000000000e+03
4.500000000000000000e+01 8.840000000000000000e+02
4.600000000000000000e+01 4.300000000000000000e+02
4.700000000000000000e+01 1.970000000000000000e+02
4.800000000000000000e+01 1.150000000000000000e+02
4.900000000000000000e+01 1.100000000000000000e+02
5.000000000000000000e+01 5.600000000000000000e+01
5.100000000000000000e+01 6.300000000000000000e+01
5.200000000000000000e+01 3.900000000000000000e+01
5.300000000000000000e+01 6.800000000000000000e+01
5.400000000000000000e+01 3.400000000000000000e+01
5.500000000000000000e+01 5.100000000000000000e+01
5.600000000000000000e+01 2.800000000000000000e+01
5.700000000000000000e+01 4.000000000000000000e+01
5.800000000000000000e+01 1.200000000000000000e+01
5.900000000000000000e+01 5.000000000000000000e+01
6.000000000000000000e+01 1.400000000000000000e+01
6.100000000000000000e+01 3.500000000000000000e+01
6.200000000000000000e+01 1.000000000000000000e+01
6.300000000000000000e+01 3.100000000000000000e+01
6.400000000000000000e+01 1.100000000000000000e+01
6.500000000000000000e+01 1.900000000000000000e+01
6.600000000000000000e+01 1.600000000000000000e+01
6.700000000000000000e+01 1.200000000000000000e+01
6.800000000000000000e+01 8.000000000000000000e+00
6.900000000000000000e+01 4.000000000000000000e+00
7.000000000000000000e+01 1.000000000000000000e+01
7.100000000000000000e+01 8.000000000000000000e+00
7.200000000000000000e+01 7.000000000000000000e+00
7.300000000000000000e+01 4.000000000000000000e+00
7.400000000000000000e+01 8.000000000000000000e+00
7.600000000000000000e+01 8.000000000000000000e+00
7.700000000000000000e+01 2.000000000000000000e+00
7.800000000000000000e+01 3.000000000000000000e+00
8.000000000000000000e+01 2.000000000000000000e+00
8.200000000000000000e+01 1.000000000000000000e+00
8.400000000000000000e+01 1.000000000000000000e+00
8.500000000000000000e+01 3.000000000000000000e+00
8.700000000000000000e+01 1.000000000000000000e+00
9.200000000000000000e+01 1.000000000000000000e+00
9.500000000000000000e+01 1.000000000000000000e+00
1.190000000000000000e+02 1.000000000000000000e+00
1.280000000000000000e+02 1.000000000000000000e+00
1.740000000000000000e+02 1.000000000000000000e+00
2.270000000000000000e+02 1.000000000000000000e+00
2.450000000000000000e+02 1.000000000000000000e+00
1.025000000000000000e+03 1.000000000000000000e+00
1.673000000000000000e+03 1.000000000000000000e+00
