-4.000000000000000000e+00 2.000000000000000000e+00
-3.000000000000000000e+00 3.000000000000000000e+00
-2.000000000000000000e+00 6.000000000000000000e+00
-1.000000000000000000e+00 2.300000000000000000e+01
0.000000000000000000e+00 1.334000000000000000e+03
1.000000000000000000e+00 4.900000000000000000e+01
2.000000000000000000e+00 8.400000000000000000e+01
3.000000000000000000e+00 1.500000000000000000e+02
4.000000000000000000e+00 9.790000000000000000e+02
5.000000000000000000e+00 6.507000000000000000e+03
6.000000000000000000e+00 4.386400000000000000e+04
7.000000000000000000e+00 7.432100000000000000e+04
8.000000000000000000e+00 8.679200000000000000e+04
9.000000000000000000e+00 9.815300000000000000e+04
1.000000000000000000e+01 1.072540000000000000e+05
1.100000000000000000e+01 1.105670000000000000e+05
1.200000000000000000e+01 1.116340000000000000e+05
1.300000000000000000e+01 1.150820000000000000e+05
1.400000000000000000e+01 1.256170000000000000e+05
1.500000000000000000e+01 1.463660000000000000e+05
1.600000000000000000e+01 1.794740000000000000e+05
1.700000000000000000e+01 2.279900000000000000e+05
1.800000000000000000e+01 2.913910000000000000e+05
1.900000000000000000e+01 3.680590000000000000e+05
2.000000000000000000e+01 4.544420000000000000e+05
2.100000000000000000e+01 5.510230000000000000e+05
2.200000000000000000e+01 6.546610000000000000e+05
2.300000000000000000e+01 7.479970000000000000e+05
2.400000000000000000e+01 8.199120000000000000e+05
2.500000000000000000e+01 8.588760000000000000e+05
2.600000000000000000e+01 8.542760000000000000e+05
2.700000000000000000e+01 8.167480000000000000e+05
2.800000000000000000e+01 7.551980000000000000e+05
2.900000000000000000e+01 6.831900000000000000e+05
3.000000000000000000e+01 6.035980000000000000e+05
3.100000000000000000e+01 5.225730000000000000e+05
3.200000000000000000e+01 4.450690000000000000e+05
3.300000000000000000e+01 3.689650000000000000e+05
3.400000000000000000e+01 2.985790000000000000e+05
3.500000000000000000e+01 2.346090000000000000e+05
3.600000000000000000e+01 1.757220000000000000e+05
3.700000000000000000e+01 1.248430000000000000e+05
3.800000000000000000e+01 8.449500000000000000e+04
3.900000000000000000e+01 5.379700000000000000e+04
4.000000000000000000e+01 3.163800000000000000e+04
4.100000000000000000e+01 1.742000000000000000e+04
4.200000000000000000e+01 8.430000000000000000e+03
4.300000000000000000e+01 3.862000000000000000e+03
4.400000000000000000e+01 1.734000000000000000e+03
4.500000000000000000e+01 7.610000000000000000e+02
4.600000000000000000e+01 3.550000000000000000e+02
4.700000000000000000e+01 1.450000000000000000e+02
4.800000000000000000e+01 8.300000000000000000e+01
4.900000000000000000e+01 6.200000000000000000e+01
5.000000000000000000e+01 2.600000000000000000e+01
5.100000000000000000e+01 3.000000000000000000e+01
5.200000000000000000e+01 2.700000000000000000e+01
5.300000000000000000e+01 3.800000000000000000e+01
5.400000000000000000e+01 1.200000000000000000e+01
5.500000000000000000e+01 4.000000000000000000e+01
5.600000000000000000e+01 1.700000000000000000e+01
5.700000000000000000e+01 1.400000000000000000e+01
5.800000000000000000e+01 1.100000000000000000e+01
5.900000000000000000e+01 2.500000000000000000e+01
6.000000000000000000e+01 6.000000000000000000e+00
6.100000000000000000e+01 3.300000000000000000e+01
6.200000000000000000e+01 6.000000000000000000e+00
6.300000000000000000e+01 1.800000000000000000e+01
6.400000000000000000e+01 7.000000000000000000e+00
6.500000000000000000e+01 1.200000000000000000e+01
6.600000000000000000e+01 4.000000000000000000e+00
6.700000000000000000e+01 1.000000000000000000e+01
6.800000000000000000e+01 1.000000000000000000e+01
6.900000000000000000e+01 4.000000000000000000e+00
7.000000000000000000e+01 4.000000000000000000e+00
7.100000000000000000e+01 4.000000000000000000e+00
7.200000000000000000e+01 5.000000000000000000e+00
7.300000000000000000e+01 2.000000000000000000e+00
7.400000000000000000e+01 3.000000000000000000e+00
7.600000000000000000e+01 4.000000000000000000e+00
7.700000000000000000e+01 2.000000000000000000e+00
7.800000000000000000e+01 2.000000000000000000e+00
8.000000000000000000e+01 1.000000000000000000e+00
8.100000000000000000e+01 1.000000000000000000e+00
8.200000000000000000e+01 1.000000000000000000e+00
8.400000000000000000e+01 1.000000000000000000e+00
8.700000000000000000e+01 1.000000000000000000e+00
9.000000000000000000e+01 1.000000000000000000e+00
1.000000000000000000e+02 1.000000000000000000e+00
1.640000000000000000e+02 1.000000000000000000e+00
1.680000000000000000e+02 1.000000000000000000e+00
3.610000000000000000e+02 1.000000000000000000e+00
