-4.000000000000000000e+00 4.000000000000000000e+00
-3.000000000000000000e+00 1.000000000000000000e+00
-2.000000000000000000e+00 1.200000000000000000e+01
-1.000000000000000000e+00 4.000000000000000000e+01
0.000000000000000000e+00 1.355000000000000000e+03
1.000000000000000000e+00 5.200000000000000000e+01
2.000000000000000000e+00 8.700000000000000000e+01
3.000000000000000000e+00 1.280000000000000000e+02
4.000000000000000000e+00 7.310000000000000000e+02
5.000000000000000000e+00 4.006000000000000000e+03
6.000000000000000000e+00 2.423500000000000000e+04
7.000000000000000000e+00 4.630100000000000000e+04
8.000000000000000000e+00 6.542800000000000000e+04
9.000000000000000000e+00 9.413000000000000000e+04
1.000000000000000000e+01 1.340900000000000000e+05
1.100000000000000000e+01 1.853240000000000000e+05
1.200000000000000000e+01 2.527890000000000000e+05
1.300000000000000000e+01 3.433590000000000000e+05
1.400000000000000000e+01 4.584700000000000000e+05
1.500000000000000000e+01 5.974300000000000000e+05
1.600000000000000000e+01 7.664840000000000000e+05
1.700000000000000000e+01 9.707170000000000000e+05
1.800000000000000000e+01 1.190178000000000000e+06
1.900000000000000000e+01 1.399219000000000000e+06
2.000000000000000000e+01 1.558690000000000000e+06
2.100000000000000000e+01 1.639382000000000000e+06
2.200000000000000000e+01 1.605526000000000000e+06
2.300000000000000000e+01 1.433246000000000000e+06
2.400000000000000000e+01 1.148305000000000000e+06
2.500000000000000000e+01 7.973310000000000000e+05
2.600000000000000000e+01 4.791860000000000000e+05
2.700000000000000000e+01 2.511020000000000000e+05
2.800000000000000000e+01 1.195320000000000000e+05
2.900000000000000000e+01 5.568600000000000000e+04
3.000000000000000000e+01 2.650300000000000000e+04
3.100000000000000000e+01 1.303300000000000000e+04
3.200000000000000000e+01 5.647000000000000000e+03
3.300000000000000000e+01 2.488000000000000000e+03
3.400000000000000000e+01 9.440000000000000000e+02
3.500000000000000000e+01 4.020000000000000000e+02
3.600000000000000000e+01 1.680000000000000000e+02
3.700000000000000000e+01 9.200000000000000000e+01
3.800000000000000000e+01 7.300000000000000000e+01
3.900000000000000000e+01 1.800000000000000000e+01
4.000000000000000000e+01 7.800000000000000000e+01
4.100000000000000000e+01 5.100000000000000000e+01
4.200000000000000000e+01 5.400000000000000000e+01
4.300000000000000000e+01 4.000000000000000000e+01
4.400000000000000000e+01 6.100000000000000000e+01
4.500000000000000000e+01 3.200000000000000000e+01
4.600000000000000000e+01 5.000000000000000000e+01
4.700000000000000000e+01 3.700000000000000000e+01
4.800000000000000000e+01 1.700000000000000000e+01
4.900000000000000000e+01 3.900000000000000000e+01
5.000000000000000000e+01 8.000000000000000000e+00
5.100000000000000000e+01 2.900000000000000000e+01
5.200000000000000000e+01 1.000000000000000000e+01
5.300000000000000000e+01 2.000000000000000000e+01
5.400000000000000000e+01 7.000000000000000000e+00
5.500000000000000000e+01 4.000000000000000000e+00
5.600000000000000000e+01 4.000000000000000000e+00
5.700000000000000000e+01 6.000000000000000000e+00
5.800000000000000000e+01 1.000000000000000000e+00
5.900000000000000000e+01 2.000000000000000000e+00
6.000000000000000000e+01 4.000000000000000000e+00
6.100000000000000000e+01 1.000000000000000000e+00
6.200000000000000000e+01 1.000000000000000000e+00
6.300000000000000000e+01 2.000000000000000000e+00
6.400000000000000000e+01 2.000000000000000000e+00
6.500000000000000000e+01 1.000000000000000000e+00
6.600000000000000000e+01 3.000000000000000000e+00
6.700000000000000000e+01 2.000000000000000000e+00
6.900000000000000000e+01 1.000000000000000000e+00
7.000000000000000000e+01 1.000000000000000000e+00
7.400000000000000000e+01 1.000000000000000000e+00
7.600000000000000000e+01 1.000000000000000000e+00
8.300000000000000000e+01 1.000000000000000000e+00
8.600000000000000000e+01 1.000000000000000000e+00
9.300000000000000000e+01 1.000000000000000000e+00
9.400000000000000000e+01 1.000000000000000000e+00
9.800000000000000000e+01 1.000000000000000000e+00
1.080000000000000000e+02 1.000000000000000000e+00
1.110000000000000000e+02 1.000000000000000000e+00
1.160000000000000000e+02 1.000000000000000000e+00
1.210000000000000000e+02 1.000000000000000000e+00
1.260000000000000000e+02 1.000000000000000000e+00
1.320000000000000000e+02 1.000000000000000000e+00
1.340000000000000000e+02 1.000000000000000000e+00
1.350000000000000000e+02 1.000000000000000000e+00
1.400000000000000000e+02 1.000000000000000000e+00
1.430000000000000000e+02 1.000000000000000000e+00
1.440000000000000000e+02 1.000000000000000000e+00
1.640000000000000000e+02 1.000000000000000000e+00
1.720000000000000000e+02 1.000000000000000000e+00
1.940000000000000000e+02 1.000000000000000000e+00
1.990000000000000000e+02 1.000000000000000000e+00
2.090000000000000000e+02 1.000000000000000000e+00
2.110000000000000000e+02 1.000000000000000000e+00
2.380000000000000000e+02 1.000000000000000000e+00
2.630000000000000000e+02 1.000000000000000000e+00
2.700000000000000000e+02 1.000000000000000000e+00
2.990000000000000000e+02 1.000000000000000000e+00
3.120000000000000000e+02 1.000000000000000000e+00
3.140000000000000000e+02 1.000000000000000000e+00
4.060000000000000000e+02 1.000000000000000000e+00
4.860000000000000000e+02 1.000000000000000000e+00
5.160000000000000000e+02 1.000000000000000000e+00
5.410000000000000000e+02 1.000000000000000000e+00
7.410000000000000000e+02 1.000000000000000000e+00
1.542000000000000000e+03 1.000000000000000000e+00
1.936000000000000000e+03 1.000000000000000000e+00
2.692000000000000000e+03 1.000000000000000000e+00
3.679000000000000000e+03 1.000000000000000000e+00
