-4.000000000000000000e+00 4.000000000000000000e+00
-3.000000000000000000e+00 3.000000000000000000e+00
-2.000000000000000000e+00 1.100000000000000000e+01
-1.000000000000000000e+00 2.600000000000000000e+01
0.000000000000000000e+00 1.355000000000000000e+03
1.000000000000000000e+00 6.300000000000000000e+01
2.000000000000000000e+00 9.500000000000000000e+01
3.000000000000000000e+00 1.540000000000000000e+02
4.000000000000000000e+00 7.410000000000000000e+02
5.000000000000000000e+00 4.086000000000000000e+03
6.000000000000000000e+00 2.430900000000000000e+04
7.000000000000000000e+00 4.563600000000000000e+04
8.000000000000000000e+00 6.511900000000000000e+04
9.000000000000000000e+00 9.355000000000000000e+04
1.000000000000000000e+01 1.333150000000000000e+05
1.100000000000000000e+01 1.845980000000000000e+05
1.200000000000000000e+01 2.527130000000000000e+05
1.300000000000000000e+01 3.432250000000000000e+05
1.400000000000000000e+01 4.562700000000000000e+05
1.500000000000000000e+01 5.964890000000000000e+05
1.600000000000000000e+01 7.655760000000000000e+05
1.700000000000000000e+01 9.704180000000000000e+05
1.800000000000000000e+01 1.190493000000000000e+06
1.900000000000000000e+01 1.394389000000000000e+06
2.000000000000000000e+01 1.554387000000000000e+06
2.100000000000000000e+01 1.635019000000000000e+06
2.200000000000000000e+01 1.603396000000000000e+06
2.300000000000000000e+01 1.434368000000000000e+06
2.400000000000000000e+01 1.149689000000000000e+06
2.500000000000000000e+01 8.003560000000000000e+05
2.600000000000000000e+01 4.794690000000000000e+05
2.700000000000000000e+01 2.515630000000000000e+05
2.800000000000000000e+01 1.192950000000000000e+05
2.900000000000000000e+01 5.618300000000000000e+04
3.000000000000000000e+01 2.656900000000000000e+04
3.100000000000000000e+01 1.303900000000000000e+04
3.200000000000000000e+01 5.713000000000000000e+03
3.300000000000000000e+01 2.400000000000000000e+03
3.400000000000000000e+01 9.520000000000000000e+02
3.500000000000000000e+01 3.730000000000000000e+02
3.600000000000000000e+01 2.000000000000000000e+02
3.700000000000000000e+01 8.000000000000000000e+01
3.800000000000000000e+01 7.100000000000000000e+01
3.900000000000000000e+01 1.900000000000000000e+01
4.000000000000000000e+01 5.400000000000000000e+01
4.100000000000000000e+01 4.800000000000000000e+01
4.200000000000000000e+01 5.400000000000000000e+01
4.300000000000000000e+01 3.900000000000000000e+01
4.400000000000000000e+01 4.500000000000000000e+01
4.500000000000000000e+01 5.200000000000000000e+01
4.600000000000000000e+01 2.800000000000000000e+01
4.700000000000000000e+01 2.200000000000000000e+01
4.800000000000000000e+01 2.100000000000000000e+01
4.900000000000000000e+01 4.000000000000000000e+01
5.000000000000000000e+01 9.000000000000000000e+00
5.100000000000000000e+01 2.200000000000000000e+01
5.200000000000000000e+01 6.000000000000000000e+00
5.300000000000000000e+01 1.400000000000000000e+01
5.400000000000000000e+01 1.000000000000000000e+01
5.500000000000000000e+01 4.000000000000000000e+00
5.600000000000000000e+01 5.000000000000000000e+00
5.700000000000000000e+01 7.000000000000000000e+00
5.800000000000000000e+01 5.000000000000000000e+00
5.900000000000000000e+01 3.000000000000000000e+00
6.000000000000000000e+01 4.000000000000000000e+00
6.100000000000000000e+01 5.000000000000000000e+00
6.200000000000000000e+01 1.000000000000000000e+00
6.300000000000000000e+01 2.000000000000000000e+00
6.400000000000000000e+01 1.000000000000000000e+00
6.500000000000000000e+01 1.000000000000000000e+00
6.600000000000000000e+01 1.000000000000000000e+00
6.800000000000000000e+01 2.000000000000000000e+00
6.900000000000000000e+01 2.000000000000000000e+00
7.500000000000000000e+01 2.000000000000000000e+00
8.000000000000000000e+01 1.000000000000000000e+00
8.400000000000000000e+01 1.000000000000000000e+00
8.500000000000000000e+01 1.000000000000000000e+00
9.000000000000000000e+01 1.000000000000000000e+00
9.100000000000000000e+01 1.000000000000000000e+00
9.200000000000000000e+01 1.000000000000000000e+00
9.600000000000000000e+01 1.000000000000000000e+00
9.700000000000000000e+01 1.000000000000000000e+00
9.900000000000000000e+01 1.000000000000000000e+00
1.010000000000000000e+02 1.000000000000000000e+00
1.030000000000000000e+02 1.000000000000000000e+00
1.160000000000000000e+02 1.000000000000000000e+00
1.190000000000000000e+02 1.000000000000000000e+00
1.200000000000000000e+02 1.000000000000000000e+00
1.220000000000000000e+02 1.000000000000000000e+00
1.260000000000000000e+02 1.000000000000000000e+00
1.370000000000000000e+02 1.000000000000000000e+00
1.540000000000000000e+02 1.000000000000000000e+00
1.600000000000000000e+02 1.000000000000000000e+00
1.630000000000000000e+02 1.000000000000000000e+00
1.720000000000000000e+02 2.000000000000000000e+00
1.750000000000000000e+02 1.000000000000000000e+00
1.760000000000000000e+02 1.000000000000000000e+00
1.940000000000000000e+02 1.000000000000000000e+00
1.990000000000000000e+02 1.000000000000000000e+00
2.120000000000000000e+02 1.000000000000000000e+00
2.380000000000000000e+02 1.000000000000000000e+00
2.760000000000000000e+02 1.000000000000000000e+00
2.840000000000000000e+02 1.000000000000000000e+00
3.480000000000000000e+02 1.000000000000000000e+00
4.200000000000000000e+02 1.000000000000000000e+00
6.510000000000000000e+02 1.000000000000000000e+00
7.470000000000000000e+02 1.000000000000000000e+00
8.990000000000000000e+02 1.000000000000000000e+00
9.890000000000000000e+02 1.000000000000000000e+00
1.013000000000000000e+03 1.000000000000000000e+00
1.050000000000000000e+03 1.000000000000000000e+00
1.240000000000000000e+03 1.000000000000000000e+00
4.110000000000000000e+03 1.000000000000000000e+00
