-4.000000000000000000e+00 1.200000000000000000e+01
-3.000000000000000000e+00 3.000000000000000000e+00
-2.000000000000000000e+00 1.100000000000000000e+01
-1.000000000000000000e+00 5.400000000000000000e+01
0.000000000000000000e+00 1.361000000000000000e+03
1.000000000000000000e+00 1.150000000000000000e+02
2.000000000000000000e+00 1.320000000000000000e+02
3.000000000000000000e+00 2.080000000000000000e+02
4.000000000000000000e+00 1.165000000000000000e+03
5.000000000000000000e+00 8.629000000000000000e+03
6.000000000000000000e+00 6.072300000000000000e+04
7.000000000000000000e+00 1.022290000000000000e+05
8.000000000000000000e+00 1.181600000000000000e+05
9.000000000000000000e+00 1.353010000000000000e+05
1.000000000000000000e+01 1.497430000000000000e+05
1.100000000000000000e+01 1.560960000000000000e+05
1.200000000000000000e+01 1.611130000000000000e+05
1.300000000000000000e+01 1.698490000000000000e+05
1.400000000000000000e+01 1.920630000000000000e+05
1.500000000000000000e+01 2.279750000000000000e+05
1.600000000000000000e+01 2.837410000000000000e+05
1.700000000000000000e+01 3.625950000000000000e+05
1.800000000000000000e+01 4.636500000000000000e+05
1.900000000000000000e+01 5.821420000000000000e+05
2.000000000000000000e+01 7.142370000000000000e+05
2.100000000000000000e+01 8.595350000000000000e+05
2.200000000000000000e+01 1.010389000000000000e+06
2.300000000000000000e+01 1.141846000000000000e+06
2.400000000000000000e+01 1.239327000000000000e+06
2.500000000000000000e+01 1.282345000000000000e+06
2.600000000000000000e+01 1.266147000000000000e+06
2.700000000000000000e+01 1.199136000000000000e+06
2.800000000000000000e+01 1.096692000000000000e+06
2.900000000000000000e+01 9.775350000000000000e+05
3.000000000000000000e+01 8.519640000000000000e+05
3.100000000000000000e+01 7.271630000000000000e+05
3.200000000000000000e+01 6.086030000000000000e+05
3.300000000000000000e+01 4.996950000000000000e+05
3.400000000000000000e+01 4.002390000000000000e+05
3.500000000000000000e+01 3.103460000000000000e+05
3.600000000000000000e+01 2.298270000000000000e+05
3.700000000000000000e+01 1.619960000000000000e+05
3.800000000000000000e+01 1.083390000000000000e+05
3.900000000000000000e+01 6.821200000000000000e+04
4.000000000000000000e+01 3.938300000000000000e+04
4.100000000000000000e+01 2.102000000000000000e+04
4.200000000000000000e+01 1.053300000000000000e+04
4.300000000000000000e+01 4.939000000000000000e+03
4.400000000000000000e+01 2.151000000000000000e+03
4.500000000000000000e+01 9.320000000000000000e+02
4.600000000000000000e+01 4.320000000000000000e+02
4.700000000000000000e+01 2.210000000000000000e+02
4.800000000000000000e+01 1.110000000000000000e+02
4.900000000000000000e+01 1.070000000000000000e+02
5.000000000000000000e+01 4.700000000000000000e+01
5.100000000000000000e+01 6.300000000000000000e+01
5.200000000000000000e+01 2.800000000000000000e+01
5.300000000000000000e+01 5.800000000000000000e+01
5.400000000000000000e+01 2.700000000000000000e+01
5.500000000000000000e+01 4.400000000000000000e+01
5.600000000000000000e+01 2.000000000000000000e+01
5.700000000000000000e+01 5.200000000000000000e+01
5.800000000000000000e+01 1.800000000000000000e+01
5.900000000000000000e+01 5.700000000000000000e+01
6.000000000000000000e+01 1.600000000000000000e+01
6.100000000000000000e+01 3.300000000000000000e+01
6.200000000000000000e+01 9.000000000000000000e+00
6.300000000000000000e+01 2.900000000000000000e+01
6.400000000000000000e+01 1.600000000000000000e+01
6.500000000000000000e+01 1.600000000000000000e+01
6.600000000000000000e+01 1.400000000000000000e+01
6.700000000000000000e+01 2.000000000000000000e+01
6.800000000000000000e+01 1.000000000000000000e+01
6.900000000000000000e+01 1.300000000000000000e+01
7.000000000000000000e+01 6.000000000000000000e+00
7.100000000000000000e+01 7.000000000000000000e+00
7.200000000000000000e+01 5.000000000000000000e+00
7.300000000000000000e+01 2.000000000000000000e+00
7.600000000000000000e+01 8.000000000000000000e+00
7.700000000000000000e+01 3.000000000000000000e+00
7.900000000000000000e+01 1.000000000000000000e+00
8.000000000000000000e+01 4.000000000000000000e+00
8.200000000000000000e+01 3.000000000000000000e+00
8.400000000000000000e+01 2.000000000000000000e+00
8.500000000000000000e+01 1.000000000000000000e+00
8.600000000000000000e+01 1.000000000000000000e+00
8.700000000000000000e+01 1.000000000000000000e+00
8.800000000000000000e+01 1.000000000000000000e+00
8.900000000000000000e+01 1.000000000000000000e+00
9.800000000000000000e+01 1.000000000000000000e+00
1.640000000000000000e+02 1.000000000000000000e+00
1.830000000000000000e+02 1.000000000000000000e+00
2.050000000000000000e+02 1.000000000000000000e+00
1.152000000000000000e+03 1.000000000000000000e+00
3.039000000000000000e+03 1.000000000000000000e+00
