-4.000000000000000000e+00 5.000000000000000000e+00
-3.000000000000000000e+00 5.000000000000000000e+00
-2.000000000000000000e+00 9.000000000000000000e+00
-1.000000000000000000e+00 2.600000000000000000e+01
0.000000000000000000e+00 1.338000000000000000e+03
1.000000000000000000e+00 6.900000000000000000e+01
2.000000000000000000e+00 7.300000000000000000e+01
3.000000000000000000e+00 1.740000000000000000e+02
4.000000000000000000e+00 9.970000000000000000e+02
5.000000000000000000e+00 6.576000000000000000e+03
6.000000000000000000e+00 4.365200000000000000e+04
7.000000000000000000e+00 7.491300000000000000e+04
8.000000000000000000e+00 8.772000000000000000e+04
9.000000000000000000e+00 9.850200000000000000e+04
1.000000000000000000e+01 1.074620000000000000e+05
1.100000000000000000e+01 1.110330000000000000e+05
1.200000000000000000e+01 1.132950000000000000e+05
1.300000000000000000e+01 1.168430000000000000e+05
1.400000000000000000e+01 1.279970000000000000e+05
1.500000000000000000e+01 1.481370000000000000e+05
1.600000000000000000e+01 1.824490000000000000e+05
1.700000000000000000e+01 2.320070000000000000e+05
1.800000000000000000e+01 2.969710000000000000e+05
1.900000000000000000e+01 3.729020000000000000e+05
2.000000000000000000e+01 4.607410000000000000e+05
2.100000000000000000e+01 5.611560000000000000e+05
2.200000000000000000e+01 6.633030000000000000e+05
2.300000000000000000e+01 7.540700000000000000e+05
2.400000000000000000e+01 8.282000000000000000e+05
2.500000000000000000e+01 8.647580000000000000e+05
2.600000000000000000e+01 8.601960000000000000e+05
2.700000000000000000e+01 8.214980000000000000e+05
2.800000000000000000e+01 7.599620000000000000e+05
2.900000000000000000e+01 6.849980000000000000e+05
3.000000000000000000e+01 6.034310000000000000e+05
3.100000000000000000e+01 5.224620000000000000e+05
3.200000000000000000e+01 4.430030000000000000e+05
3.300000000000000000e+01 3.678560000000000000e+05
3.400000000000000000e+01 2.966320000000000000e+05
3.500000000000000000e+01 2.328180000000000000e+05
3.600000000000000000e+01 1.737160000000000000e+05
3.700000000000000000e+01 1.231440000000000000e+05
3.800000000000000000e+01 8.331500000000000000e+04
3.900000000000000000e+01 5.237100000000000000e+04
4.000000000000000000e+01 3.059000000000000000e+04
4.100000000000000000e+01 1.655700000000000000e+04
4.200000000000000000e+01 8.420000000000000000e+03
4.300000000000000000e+01 3.775000000000000000e+03
4.400000000000000000e+01 1.644000000000000000e+03
4.500000000000000000e+01 7.540000000000000000e+02
4.600000000000000000e+01 3.380000000000000000e+02
4.700000000000000000e+01 1.770000000000000000e+02
4.800000000000000000e+01 7.500000000000000000e+01
4.900000000000000000e+01 7.800000000000000000e+01
5.000000000000000000e+01 3.100000000000000000e+01
5.100000000000000000e+01 3.800000000000000000e+01
5.200000000000000000e+01 2.600000000000000000e+01
5.300000000000000000e+01 2.800000000000000000e+01
5.400000000000000000e+01 2.100000000000000000e+01
5.500000000000000000e+01 2.600000000000000000e+01
5.600000000000000000e+01 6.000000000000000000e+00
5.700000000000000000e+01 1.400000000000000000e+01
5.800000000000000000e+01 1.100000000000000000e+01
5.900000000000000000e+01 1.800000000000000000e+01
6.000000000000000000e+01 5.000000000000000000e+00
6.100000000000000000e+01 1.800000000000000000e+01
6.200000000000000000e+01 4.000000000000000000e+00
6.300000000000000000e+01 2.200000000000000000e+01
6.400000000000000000e+01 1.100000000000000000e+01
6.500000000000000000e+01 1.400000000000000000e+01
6.600000000000000000e+01 8.000000000000000000e+00
6.700000000000000000e+01 1.000000000000000000e+01
6.800000000000000000e+01 6.000000000000000000e+00
6.900000000000000000e+01 3.000000000000000000e+00
7.000000000000000000e+01 6.000000000000000000e+00
7.100000000000000000e+01 4.000000000000000000e+00
7.200000000000000000e+01 3.000000000000000000e+00
7.300000000000000000e+01 2.000000000000000000e+00
7.400000000000000000e+01 5.000000000000000000e+00
7.500000000000000000e+01 1.000000000000000000e+00
7.600000000000000000e+01 3.000000000000000000e+00
7.700000000000000000e+01 2.000000000000000000e+00
7.900000000000000000e+01 2.000000000000000000e+00
8.000000000000000000e+01 1.000000000000000000e+00
8.200000000000000000e+01 1.000000000000000000e+00
8.900000000000000000e+01 1.000000000000000000e+00
1.050000000000000000e+02 1.000000000000000000e+00
1.120000000000000000e+02 1.000000000000000000e+00
1.140000000000000000e+02 1.000000000000000000e+00
1.160000000000000000e+02 1.000000000000000000e+00
1.170000000000000000e+02 1.000000000000000000e+00
1.240000000000000000e+02 1.000000000000000000e+00
1.330000000000000000e+02 1.000000000000000000e+00
2.130000000000000000e+02 1.000000000000000000e+00
5.760000000000000000e+02 1.000000000000000000e+00
6.540000000000000000e+02 1.000000000000000000e+00
1.005000000000000000e+03 1.000000000000000000e+00
1.187000000000000000e+03 1.000000000000000000e+00
