-4.000000000000000000e+00 1.000000000000000000e+00
-2.000000000000000000e+00 1.000000000000000000e+00
-1.000000000000000000e+00 8.000000000000000000e+00
0.000000000000000000e+00 1.320000000000000000e+03
1.000000000000000000e+00 2.300000000000000000e+01
2.000000000000000000e+00 4.900000000000000000e+01
3.000000000000000000e+00 8.800000000000000000e+01
4.000000000000000000e+00 6.790000000000000000e+02
5.000000000000000000e+00 2.862000000000000000e+03
6.000000000000000000e+00 1.416200000000000000e+04
7.000000000000000000e+00 2.616500000000000000e+04
8.000000000000000000e+00 3.695200000000000000e+04
9.000000000000000000e+00 5.284700000000000000e+04
1.000000000000000000e+01 7.346000000000000000e+04
1.100000000000000000e+01 1.012580000000000000e+05
1.200000000000000000e+01 1.400260000000000000e+05
1.300000000000000000e+01 1.916270000000000000e+05
1.400000000000000000e+01 2.575820000000000000e+05
1.500000000000000000e+01 3.416100000000000000e+05
1.600000000000000000e+01 4.465830000000000000e+05
1.700000000000000000e+01 5.768450000000000000e+05
1.800000000000000000e+01 7.208080000000000000e+05
1.900000000000000000e+01 8.681560000000000000e+05
2.000000000000000000e+01 1.003827000000000000e+06
2.100000000000000000e+01 1.117155000000000000e+06
2.200000000000000000e+01 1.202313000000000000e+06
2.300000000000000000e+01 1.232953000000000000e+06
2.400000000000000000e+01 1.204339000000000000e+06
2.500000000000000000e+01 1.108578000000000000e+06
2.600000000000000000e+01 9.541740000000000000e+05
2.700000000000000000e+01 7.653810000000000000e+05
2.800000000000000000e+01 5.625810000000000000e+05
2.900000000000000000e+01 3.740370000000000000e+05
3.000000000000000000e+01 2.216920000000000000e+05
3.100000000000000000e+01 1.170920000000000000e+05
3.200000000000000000e+01 5.399100000000000000e+04
3.300000000000000000e+01 2.271000000000000000e+04
3.400000000000000000e+01 8.726000000000000000e+03
3.500000000000000000e+01 3.403000000000000000e+03
3.600000000000000000e+01 1.189000000000000000e+03
3.700000000000000000e+01 4.790000000000000000e+02
3.800000000000000000e+01 1.770000000000000000e+02
3.900000000000000000e+01 8.200000000000000000e+01
4.000000000000000000e+01 4.500000000000000000e+01
4.100000000000000000e+01 4.500000000000000000e+01
4.200000000000000000e+01 3.800000000000000000e+01
4.300000000000000000e+01 3.800000000000000000e+01
4.400000000000000000e+01 2.400000000000000000e+01
4.500000000000000000e+01 2.300000000000000000e+01
4.600000000000000000e+01 2.100000000000000000e+01
4.700000000000000000e+01 1.700000000000000000e+01
4.800000000000000000e+01 1.600000000000000000e+01
4.900000000000000000e+01 3.100000000000000000e+01
5.000000000000000000e+01 9.000000000000000000e+00
5.100000000000000000e+01 2.800000000000000000e+01
5.200000000000000000e+01 9.000000000000000000e+00
5.300000000000000000e+01 2.100000000000000000e+01
5.400000000000000000e+01 8.000000000000000000e+00
5.500000000000000000e+01 1.500000000000000000e+01
5.600000000000000000e+01 1.000000000000000000e+00
5.700000000000000000e+01 1.400000000000000000e+01
5.800000000000000000e+01 3.000000000000000000e+00
5.900000000000000000e+01 3.000000000000000000e+00
6.000000000000000000e+01 1.000000000000000000e+00
6.100000000000000000e+01 3.000000000000000000e+00
6.200000000000000000e+01 1.000000000000000000e+00
6.300000000000000000e+01 3.000000000000000000e+00
6.400000000000000000e+01 3.000000000000000000e+00
6.500000000000000000e+01 2.000000000000000000e+00
6.600000000000000000e+01 1.000000000000000000e+00
6.900000000000000000e+01 2.000000000000000000e+00
7.000000000000000000e+01 1.000000000000000000e+00
7.100000000000000000e+01 1.000000000000000000e+00
7.600000000000000000e+01 1.000000000000000000e+00
8.300000000000000000e+01 1.000000000000000000e+00
1.130000000000000000e+02 1.000000000000000000e+00
1.320000000000000000e+02 1.000000000000000000e+00
1.350000000000000000e+02 1.000000000000000000e+00
1.410000000000000000e+02 2.000000000000000000e+00
1.470000000000000000e+02 1.000000000000000000e+00
1.930000000000000000e+02 1.000000000000000000e+00
2.110000000000000000e+02 1.000000000000000000e+00
2.970000000000000000e+02 1.000000000000000000e+00
4.430000000000000000e+02 1.000000000000000000e+00
8.340000000000000000e+02 1.000000000000000000e+00
1.410000000000000000e+03 1.000000000000000000e+00
2.477000000000000000e+03 1.000000000000000000e+00
