-4.000000000000000000e+00 3.000000000000000000e+00
-3.000000000000000000e+00 5.000000000000000000e+00
-2.000000000000000000e+00 6.000000000000000000e+00
-1.000000000000000000e+00 4.300000000000000000e+01
0.000000000000000000e+00 1.368000000000000000e+03
1.000000000000000000e+00 1.030000000000000000e+02
2.000000000000000000e+00 1.660000000000000000e+02
3.000000000000000000e+00 2.580000000000000000e+02
4.000000000000000000e+00 1.583000000000000000e+03
5.000000000000000000e+00 1.122100000000000000e+04
6.000000000000000000e+00 7.547900000000000000e+04
7.000000000000000000e+00 1.319940000000000000e+05
8.000000000000000000e+00 1.599370000000000000e+05
9.000000000000000000e+00 1.889200000000000000e+05
1.000000000000000000e+01 2.182680000000000000e+05
1.100000000000000000e+01 2.377340000000000000e+05
1.200000000000000000e+01 2.502630000000000000e+05
1.300000000000000000e+01 2.587940000000000000e+05
1.400000000000000000e+01 2.668190000000000000e+05
1.500000000000000000e+01 2.777430000000000000e+05
1.600000000000000000e+01 2.978650000000000000e+05
1.700000000000000000e+01 3.303700000000000000e+05
1.800000000000000000e+01 3.746900000000000000e+05
1.900000000000000000e+01 4.346770000000000000e+05
2.000000000000000000e+01 5.092170000000000000e+05
2.100000000000000000e+01 6.034320000000000000e+05
2.200000000000000000e+01 7.062430000000000000e+05
2.300000000000000000e+01 8.035710000000000000e+05
2.400000000000000000e+01 8.829780000000000000e+05
2.500000000000000000e+01 9.256660000000000000e+05
2.600000000000000000e+01 9.231880000000000000e+05
2.700000000000000000e+01 8.904520000000000000e+05
2.800000000000000000e+01 8.384790000000000000e+05
2.900000000000000000e+01 7.856080000000000000e+05
3.000000000000000000e+01 7.265440000000000000e+05
3.100000000000000000e+01 6.758260000000000000e+05
3.200000000000000000e+01 6.256000000000000000e+05
3.300000000000000000e+01 5.828890000000000000e+05
3.400000000000000000e+01 5.417450000000000000e+05
3.500000000000000000e+01 5.045410000000000000e+05
3.600000000000000000e+01 4.680370000000000000e+05
3.700000000000000000e+01 4.348030000000000000e+05
3.800000000000000000e+01 3.996270000000000000e+05
3.900000000000000000e+01 3.654790000000000000e+05
4.000000000000000000e+01 3.304250000000000000e+05
4.100000000000000000e+01 2.948230000000000000e+05
4.200000000000000000e+01 2.595500000000000000e+05
4.300000000000000000e+01 2.216280000000000000e+05
4.400000000000000000e+01 1.865900000000000000e+05
4.500000000000000000e+01 1.523090000000000000e+05
4.600000000000000000e+01 1.194110000000000000e+05
4.700000000000000000e+01 9.073300000000000000e+04
4.800000000000000000e+01 6.540200000000000000e+04
4.900000000000000000e+01 4.581300000000000000e+04
5.000000000000000000e+01 2.984500000000000000e+04
5.100000000000000000e+01 1.851000000000000000e+04
5.200000000000000000e+01 1.130300000000000000e+04
5.300000000000000000e+01 6.625000000000000000e+03
5.400000000000000000e+01 3.497000000000000000e+03
5.500000000000000000e+01 1.868000000000000000e+03
5.600000000000000000e+01 9.590000000000000000e+02
5.700000000000000000e+01 5.070000000000000000e+02
5.800000000000000000e+01 2.830000000000000000e+02
5.900000000000000000e+01 1.520000000000000000e+02
6.000000000000000000e+01 1.070000000000000000e+02
6.100000000000000000e+01 6.300000000000000000e+01
6.200000000000000000e+01 5.000000000000000000e+01
6.300000000000000000e+01 5.000000000000000000e+01
6.400000000000000000e+01 2.800000000000000000e+01
6.500000000000000000e+01 4.000000000000000000e+01
6.600000000000000000e+01 2.400000000000000000e+01
6.700000000000000000e+01 1.900000000000000000e+01
6.800000000000000000e+01 3.000000000000000000e+01
6.900000000000000000e+01 1.800000000000000000e+01
7.000000000000000000e+01 1.300000000000000000e+01
7.100000000000000000e+01 1.300000000000000000e+01
7.200000000000000000e+01 1.800000000000000000e+01
7.300000000000000000e+01 1.400000000000000000e+01
7.400000000000000000e+01 1.100000000000000000e+01
7.500000000000000000e+01 6.000000000000000000e+00
7.600000000000000000e+01 2.600000000000000000e+01
7.700000000000000000e+01 7.000000000000000000e+00
7.800000000000000000e+01 8.000000000000000000e+00
7.900000000000000000e+01 5.000000000000000000e+00
8.000000000000000000e+01 1.200000000000000000e+01
8.100000000000000000e+01 5.000000000000000000e+00
8.200000000000000000e+01 1.100000000000000000e+01
8.300000000000000000e+01 4.000000000000000000e+00
8.400000000000000000e+01 7.000000000000000000e+00
8.500000000000000000e+01 1.000000000000000000e+00
8.600000000000000000e+01 7.000000000000000000e+00
8.700000000000000000e+01 5.000000000000000000e+00
8.800000000000000000e+01 5.000000000000000000e+00
8.900000000000000000e+01 1.000000000000000000e+00
9.000000000000000000e+01 5.000000000000000000e+00
9.100000000000000000e+01 2.000000000000000000e+00
9.200000000000000000e+01 2.000000000000000000e+00
9.300000000000000000e+01 4.000000000000000000e+00
9.500000000000000000e+01 2.000000000000000000e+00
9.600000000000000000e+01 2.000000000000000000e+00
9.700000000000000000e+01 2.000000000000000000e+00
9.900000000000000000e+01 2.000000000000000000e+00
1.010000000000000000e+02 1.000000000000000000e+00
1.050000000000000000e+02 2.000000000000000000e+00
1.070000000000000000e+02 1.000000000000000000e+00
1.130000000000000000e+02 1.000000000000000000e+00
1.170000000000000000e+02 1.000000000000000000e+00
1.280000000000000000e+02 2.000000000000000000e+00
1.630000000000000000e+02 1.000000000000000000e+00
2.010000000000000000e+02 1.000000000000000000e+00
3.060000000000000000e+02 1.000000000000000000e+00
4.290000000000000000e+02 1.000000000000000000e+00
7.970000000000000000e+02 1.000000000000000000e+00
8.020000000000000000e+02 1.000000000000000000e+00
8.250000000000000000e+02 1.000000000000000000e+00
9.170000000000000000e+02 1.000000000000000000e+00
