-4.000000000000000000e+00 4.000000000000000000e+00
-3.000000000000000000e+00 6.000000000000000000e+00
-2.000000000000000000e+00 8.000000000000000000e+00
-1.000000000000000000e+00 3.600000000000000000e+01
0.000000000000000000e+00 1.347000000000000000e+03
1.000000000000000000e+00 6.000000000000000000e+01
2.000000000000000000e+00 8.400000000000000000e+01
3.000000000000000000e+00 1.420000000000000000e+02
4.000000000000000000e+00 9.840000000000000000e+02
5.000000000000000000e+00 6.603000000000000000e+03
6.000000000000000000e+00 4.373700000000000000e+04
7.000000000000000000e+00 7.473000000000000000e+04
8.000000000000000000e+00 8.682100000000000000e+04
9.000000000000000000e+00 9.856200000000000000e+04
1.000000000000000000e+01 1.083880000000000000e+05
1.100000000000000000e+01 1.119740000000000000e+05
1.200000000000000000e+01 1.123890000000000000e+05
1.300000000000000000e+01 1.159840000000000000e+05
1.400000000000000000e+01 1.265470000000000000e+05
1.500000000000000000e+01 1.469580000000000000e+05
1.600000000000000000e+01 1.810620000000000000e+05
1.700000000000000000e+01 2.307750000000000000e+05
1.800000000000000000e+01 2.942430000000000000e+05
1.900000000000000000e+01 3.704630000000000000e+05
2.000000000000000000e+01 4.588510000000000000e+05
2.100000000000000000e+01 5.553110000000000000e+05
2.200000000000000000e+01 6.592360000000000000e+05
2.300000000000000000e+01 7.525840000000000000e+05
2.400000000000000000e+01 8.253110000000000000e+05
2.500000000000000000e+01 8.620700000000000000e+05
2.600000000000000000e+01 8.587670000000000000e+05
2.700000000000000000e+01 8.210000000000000000e+05
2.800000000000000000e+01 7.595990000000000000e+05
2.900000000000000000e+01 6.848480000000000000e+05
3.000000000000000000e+01 6.038210000000000000e+05
3.100000000000000000e+01 5.230490000000000000e+05
3.200000000000000000e+01 4.437540000000000000e+05
3.300000000000000000e+01 3.686690000000000000e+05
3.400000000000000000e+01 2.980980000000000000e+05
3.500000000000000000e+01 2.336150000000000000e+05
3.600000000000000000e+01 1.745680000000000000e+05
3.700000000000000000e+01 1.241260000000000000e+05
3.800000000000000000e+01 8.366700000000000000e+04
3.900000000000000000e+01 5.294200000000000000e+04
4.000000000000000000e+01 3.087700000000000000e+04
4.100000000000000000e+01 1.675600000000000000e+04
4.200000000000000000e+01 8.399000000000000000e+03
4.300000000000000000e+01 3.903000000000000000e+03
4.400000000000000000e+01 1.743000000000000000e+03
4.500000000000000000e+01 7.110000000000000000e+02
4.600000000000000000e+01 3.350000000000000000e+02
4.700000000000000000e+01 1.680000000000000000e+02
4.800000000000000000e+01 8.200000000000000000e+01
4.900000000000000000e+01 5.100000000000000000e+01
5.000000000000000000e+01 3.100000000000000000e+01
5.100000000000000000e+01 4.600000000000000000e+01
5.200000000000000000e+01 1.700000000000000000e+01
5.300000000000000000e+01 2.700000000000000000e+01
5.400000000000000000e+01 2.100000000000000000e+01
5.500000000000000000e+01 3.400000000000000000e+01
5.600000000000000000e+01 2.200000000000000000e+01
5.700000000000000000e+01 1.900000000000000000e+01
5.800000000000000000e+01 1.100000000000000000e+01
5.900000000000000000e+01 1.800000000000000000e+01
6.000000000000000000e+01 4.000000000000000000e+00
6.100000000000000000e+01 1.300000000000000000e+01
6.200000000000000000e+01 7.000000000000000000e+00
6.300000000000000000e+01 1.600000000000000000e+01
6.400000000000000000e+01 1.200000000000000000e+01
6.500000000000000000e+01 1.100000000000000000e+01
6.600000000000000000e+01 4.000000000000000000e+00
6.700000000000000000e+01 8.000000000000000000e+00
6.800000000000000000e+01 1.000000000000000000e+00
6.900000000000000000e+01 2.000000000000000000e+00
7.000000000000000000e+01 3.000000000000000000e+00
7.100000000000000000e+01 5.000000000000000000e+00
7.200000000000000000e+01 4.000000000000000000e+00
7.300000000000000000e+01 1.000000000000000000e+00
7.400000000000000000e+01 4.000000000000000000e+00
7.500000000000000000e+01 1.000000000000000000e+00
7.600000000000000000e+01 2.000000000000000000e+00
7.700000000000000000e+01 2.000000000000000000e+00
7.800000000000000000e+01 1.000000000000000000e+00
7.900000000000000000e+01 1.000000000000000000e+00
8.000000000000000000e+01 2.000000000000000000e+00
8.200000000000000000e+01 1.000000000000000000e+00
8.300000000000000000e+01 1.000000000000000000e+00
8.500000000000000000e+01 1.000000000000000000e+00
8.600000000000000000e+01 1.000000000000000000e+00
9.800000000000000000e+01 1.000000000000000000e+00
1.100000000000000000e+02 1.000000000000000000e+00
1.250000000000000000e+02 1.000000000000000000e+00
1.450000000000000000e+02 1.000000000000000000e+00
1.560000000000000000e+02 1.000000000000000000e+00
1.590000000000000000e+02 1.000000000000000000e+00
1.880000000000000000e+02 1.000000000000000000e+00
6.260000000000000000e+02 1.000000000000000000e+00
1.355000000000000000e+03 1.000000000000000000e+00
