-4.000000000000000000e+00 4.000000000000000000e+00
-3.000000000000000000e+00 2.000000000000000000e+00
-2.000000000000000000e+00 8.000000000000000000e+00
-1.000000000000000000e+00 1.700000000000000000e+01
0.000000000000000000e+00 1.352000000000000000e+03
1.000000000000000000e+00 5.300000000000000000e+01
2.000000000000000000e+00 9.600000000000000000e+01
3.000000000000000000e+00 1.360000000000000000e+02
4.000000000000000000e+00 7.000000000000000000e+02
5.000000000000000000e+00 3.977000000000000000e+03
6.000000000000000000e+00 2.326900000000000000e+04
7.000000000000000000e+00 4.470800000000000000e+04
8.000000000000000000e+00 6.298100000000000000e+04
9.000000000000000000e+00 9.118300000000000000e+04
1.000000000000000000e+01 1.289940000000000000e+05
1.100000000000000000e+01 1.800740000000000000e+05
1.200000000000000000e+01 2.455540000000000000e+05
1.300000000000000000e+01 3.328110000000000000e+05
1.400000000000000000e+01 4.454020000000000000e+05
1.500000000000000000e+01 5.799930000000000000e+05
1.600000000000000000e+01 7.458650000000000000e+05
1.700000000000000000e+01 9.457260000000000000e+05
1.800000000000000000e+01 1.163313000000000000e+06
1.900000000000000000e+01 1.366959000000000000e+06
2.000000000000000000e+01 1.524200000000000000e+06
2.100000000000000000e+01 1.606036000000000000e+06
2.200000000000000000e+01 1.577544000000000000e+06
2.300000000000000000e+01 1.410871000000000000e+06
2.400000000000000000e+01 1.132243000000000000e+06
2.500000000000000000e+01 7.877950000000000000e+05
2.600000000000000000e+01 4.750710000000000000e+05
2.700000000000000000e+01 2.497440000000000000e+05
2.800000000000000000e+01 1.194990000000000000e+05
2.900000000000000000e+01 5.563300000000000000e+04
3.000000000000000000e+01 2.664600000000000000e+04
3.100000000000000000e+01 1.293400000000000000e+04
3.200000000000000000e+01 5.831000000000000000e+03
3.300000000000000000e+01 2.323000000000000000e+03
3.400000000000000000e+01 9.670000000000000000e+02
3.500000000000000000e+01 3.610000000000000000e+02
3.600000000000000000e+01 1.580000000000000000e+02
3.700000000000000000e+01 8.100000000000000000e+01
3.800000000000000000e+01 8.500000000000000000e+01
3.900000000000000000e+01 3.100000000000000000e+01
4.000000000000000000e+01 6.000000000000000000e+01
4.100000000000000000e+01 5.800000000000000000e+01
4.200000000000000000e+01 4.300000000000000000e+01
4.300000000000000000e+01 5.000000000000000000e+01
4.400000000000000000e+01 3.600000000000000000e+01
4.500000000000000000e+01 3.600000000000000000e+01
4.600000000000000000e+01 4.300000000000000000e+01
4.700000000000000000e+01 2.700000000000000000e+01
4.800000000000000000e+01 8.000000000000000000e+00
4.900000000000000000e+01 3.100000000000000000e+01
5.000000000000000000e+01 7.000000000000000000e+00
5.100000000000000000e+01 2.700000000000000000e+01
5.200000000000000000e+01 1.100000000000000000e+01
5.300000000000000000e+01 1.300000000000000000e+01
5.400000000000000000e+01 7.000000000000000000e+00
5.500000000000000000e+01 5.000000000000000000e+00
5.600000000000000000e+01 6.000000000000000000e+00
5.700000000000000000e+01 2.000000000000000000e+00
5.800000000000000000e+01 3.000000000000000000e+00
5.900000000000000000e+01 1.000000000000000000e+00
6.000000000000000000e+01 5.000000000000000000e+00
6.300000000000000000e+01 3.000000000000000000e+00
6.400000000000000000e+01 2.000000000000000000e+00
6.500000000000000000e+01 2.000000000000000000e+00
6.600000000000000000e+01 2.000000000000000000e+00
6.800000000000000000e+01 1.000000000000000000e+00
6.900000000000000000e+01 1.000000000000000000e+00
7.000000000000000000e+01 2.000000000000000000e+00
7.100000000000000000e+01 1.000000000000000000e+00
7.300000000000000000e+01 1.000000000000000000e+00
7.400000000000000000e+01 1.000000000000000000e+00
7.700000000000000000e+01 1.000000000000000000e+00
7.900000000000000000e+01 1.000000000000000000e+00
8.200000000000000000e+01 1.000000000000000000e+00
8.400000000000000000e+01 1.000000000000000000e+00
9.000000000000000000e+01 1.000000000000000000e+00
9.600000000000000000e+01 1.000000000000000000e+00
9.700000000000000000e+01 1.000000000000000000e+00
1.040000000000000000e+02 1.000000000000000000e+00
1.050000000000000000e+02 1.000000000000000000e+00
1.120000000000000000e+02 1.000000000000000000e+00
1.190000000000000000e+02 1.000000000000000000e+00
1.210000000000000000e+02 1.000000000000000000e+00
1.340000000000000000e+02 1.000000000000000000e+00
1.410000000000000000e+02 1.000000000000000000e+00
1.480000000000000000e+02 1.000000000000000000e+00
1.500000000000000000e+02 1.000000000000000000e+00
1.540000000000000000e+02 1.000000000000000000e+00
1.660000000000000000e+02 1.000000000000000000e+00
1.720000000000000000e+02 1.000000000000000000e+00
1.850000000000000000e+02 1.000000000000000000e+00
1.870000000000000000e+02 1.000000000000000000e+00
2.120000000000000000e+02 1.000000000000000000e+00
2.460000000000000000e+02 1.000000000000000000e+00
2.650000000000000000e+02 1.000000000000000000e+00
2.710000000000000000e+02 1.000000000000000000e+00
3.690000000000000000e+02 1.000000000000000000e+00
3.990000000000000000e+02 1.000000000000000000e+00
4.000000000000000000e+02 1.000000000000000000e+00
7.750000000000000000e+02 1.000000000000000000e+00
8.400000000000000000e+02 1.000000000000000000e+00
9.030000000000000000e+02 1.000000000000000000e+00
1.054000000000000000e+03 1.000000000000000000e+00
1.220000000000000000e+03 1.000000000000000000e+00
1.229000000000000000e+03 1.000000000000000000e+00
2.387000000000000000e+03 1.000000000000000000e+00
