-4.000000000000000000e+00 2.000000000000000000e+00
-2.000000000000000000e+00 4.000000000000000000e+00
-1.000000000000000000e+00 1.000000000000000000e+01
0.000000000000000000e+00 1.331000000000000000e+03
1.000000000000000000e+00 1.100000000000000000e+01
2.000000000000000000e+00 3.300000000000000000e+01
3.000000000000000000e+00 7.700000000000000000e+01
4.000000000000000000e+00 4.620000000000000000e+02
5.000000000000000000e+00 2.413000000000000000e+03
6.000000000000000000e+00 1.320500000000000000e+04
7.000000000000000000e+00 2.477700000000000000e+04
8.000000000000000000e+00 3.518500000000000000e+04
9.000000000000000000e+00 5.060700000000000000e+04
1.000000000000000000e+01 7.172100000000000000e+04
1.100000000000000000e+01 9.800500000000000000e+04
1.200000000000000000e+01 1.342020000000000000e+05
1.300000000000000000e+01 1.809390000000000000e+05
1.400000000000000000e+01 2.403980000000000000e+05
1.500000000000000000e+01 3.112480000000000000e+05
1.600000000000000000e+01 3.979170000000000000e+05
1.700000000000000000e+01 5.028170000000000000e+05
1.800000000000000000e+01 6.124670000000000000e+05
1.900000000000000000e+01 7.166530000000000000e+05
2.000000000000000000e+01 7.905160000000000000e+05
2.100000000000000000e+01 8.224330000000000000e+05
2.200000000000000000e+01 7.972310000000000000e+05
2.300000000000000000e+01 7.033400000000000000e+05
2.400000000000000000e+01 5.535710000000000000e+05
2.500000000000000000e+01 3.765000000000000000e+05
2.600000000000000000e+01 2.220380000000000000e+05
2.700000000000000000e+01 1.138390000000000000e+05
2.800000000000000000e+01 5.409000000000000000e+04
2.900000000000000000e+01 2.553800000000000000e+04
3.000000000000000000e+01 1.259500000000000000e+04
3.100000000000000000e+01 6.090000000000000000e+03
3.200000000000000000e+01 2.767000000000000000e+03
3.300000000000000000e+01 1.121000000000000000e+03
3.400000000000000000e+01 4.250000000000000000e+02
3.500000000000000000e+01 1.620000000000000000e+02
3.600000000000000000e+01 6.800000000000000000e+01
3.700000000000000000e+01 3.000000000000000000e+01
3.800000000000000000e+01 1.800000000000000000e+01
3.900000000000000000e+01 8.000000000000000000e+00
4.000000000000000000e+01 1.800000000000000000e+01
4.100000000000000000e+01 8.000000000000000000e+00
4.200000000000000000e+01 1.200000000000000000e+01
4.300000000000000000e+01 1.800000000000000000e+01
4.400000000000000000e+01 2.000000000000000000e+01
4.500000000000000000e+01 4.000000000000000000e+00
4.600000000000000000e+01 1.300000000000000000e+01
4.700000000000000000e+01 4.000000000000000000e+00
4.800000000000000000e+01 2.000000000000000000e+00
4.900000000000000000e+01 1.200000000000000000e+01
5.000000000000000000e+01 2.000000000000000000e+00
5.100000000000000000e+01 2.000000000000000000e+00
5.200000000000000000e+01 2.000000000000000000e+00
5.300000000000000000e+01 4.000000000000000000e+00
5.500000000000000000e+01 1.000000000000000000e+00
5.600000000000000000e+01 5.000000000000000000e+00
5.700000000000000000e+01 1.000000000000000000e+00
5.900000000000000000e+01 1.000000000000000000e+00
6.200000000000000000e+01 1.000000000000000000e+00
7.000000000000000000e+01 1.000000000000000000e+00
7.400000000000000000e+01 1.000000000000000000e+00
8.400000000000000000e+01 1.000000000000000000e+00
9.500000000000000000e+01 1.000000000000000000e+00
9.900000000000000000e+01 1.000000000000000000e+00
1.050000000000000000e+02 1.000000000000000000e+00
1.130000000000000000e+02 1.000000000000000000e+00
1.200000000000000000e+02 2.000000000000000000e+00
1.230000000000000000e+02 1.000000000000000000e+00
1.240000000000000000e+02 1.000000000000000000e+00
1.290000000000000000e+02 1.000000000000000000e+00
1.320000000000000000e+02 1.000000000000000000e+00
1.340000000000000000e+02 1.000000000000000000e+00
1.390000000000000000e+02 1.000000000000000000e+00
1.460000000000000000e+02 1.000000000000000000e+00
1.480000000000000000e+02 1.000000000000000000e+00
1.570000000000000000e+02 1.000000000000000000e+00
1.720000000000000000e+02 1.000000000000000000e+00
1.980000000000000000e+02 1.000000000000000000e+00
2.000000000000000000e+02 1.000000000000000000e+00
2.170000000000000000e+02 1.000000000000000000e+00
2.200000000000000000e+02 1.000000000000000000e+00
2.340000000000000000e+02 1.000000000000000000e+00
2.590000000000000000e+02 1.000000000000000000e+00
2.760000000000000000e+02 1.000000000000000000e+00
2.840000000000000000e+02 1.000000000000000000e+00
3.190000000000000000e+02 1.000000000000000000e+00
3.200000000000000000e+02 1.000000000000000000e+00
3.390000000000000000e+02 1.000000000000000000e+00
3.420000000000000000e+02 1.000000000000000000e+00
3.920000000000000000e+02 1.000000000000000000e+00
4.690000000000000000e+02 1.000000000000000000e+00
5.820000000000000000e+02 1.000000000000000000e+00
6.370000000000000000e+02 1.000000000000000000e+00
6.750000000000000000e+02 1.000000000000000000e+00
9.660000000000000000e+02 1.000000000000000000e+00
1.098000000000000000e+03 1.000000000000000000e+00
1.154000000000000000e+03 1.000000000000000000e+00
1.299000000000000000e+03 1.000000000000000000e+00
1.416000000000000000e+03 1.000000000000000000e+00
1.752000000000000000e+03 1.000000000000000000e+00
2.076000000000000000e+03 1.000000000000000000e+00
2.259000000000000000e+03 1.000000000000000000e+00
