-4.000000000000000000e+00 9.000000000000000000e+00
-3.000000000000000000e+00 6.000000000000000000e+00
-2.000000000000000000e+00 2.600000000000000000e+01
-1.000000000000000000e+00 9.100000000000000000e+01
0.000000000000000000e+00 1.420000000000000000e+03
1.000000000000000000e+00 1.890000000000000000e+02
2.000000000000000000e+00 2.710000000000000000e+02
3.000000000000000000e+00 4.260000000000000000e+02
4.000000000000000000e+00 2.094000000000000000e+03
5.000000000000000000e+00 1.553900000000000000e+04
6.000000000000000000e+00 1.105420000000000000e+05
7.000000000000000000e+00 1.923310000000000000e+05
8.000000000000000000e+00 2.313710000000000000e+05
9.000000000000000000e+00 2.722090000000000000e+05
1.000000000000000000e+01 3.156890000000000000e+05
1.100000000000000000e+01 3.436790000000000000e+05
1.200000000000000000e+01 3.635360000000000000e+05
1.300000000000000000e+01 3.784360000000000000e+05
1.400000000000000000e+01 3.961880000000000000e+05
1.500000000000000000e+01 4.217830000000000000e+05
1.600000000000000000e+01 4.596300000000000000e+05
1.700000000000000000e+01 5.207750000000000000e+05
1.800000000000000000e+01 6.011600000000000000e+05
1.900000000000000000e+01 7.046960000000000000e+05
2.000000000000000000e+01 8.335150000000000000e+05
2.100000000000000000e+01 9.825170000000000000e+05
2.200000000000000000e+01 1.145929000000000000e+06
2.300000000000000000e+01 1.291331000000000000e+06
2.400000000000000000e+01 1.407304000000000000e+06
2.500000000000000000e+01 1.453492000000000000e+06
2.600000000000000000e+01 1.434944000000000000e+06
2.700000000000000000e+01 1.366106000000000000e+06
2.800000000000000000e+01 1.273560000000000000e+06
2.900000000000000000e+01 1.176491000000000000e+06
3.000000000000000000e+01 1.077544000000000000e+06
3.100000000000000000e+01 9.855800000000000000e+05
3.200000000000000000e+01 9.030820000000000000e+05
3.300000000000000000e+01 8.299680000000000000e+05
3.400000000000000000e+01 7.657100000000000000e+05
3.500000000000000000e+01 7.089660000000000000e+05
3.600000000000000000e+01 6.506730000000000000e+05
3.700000000000000000e+01 5.989330000000000000e+05
3.800000000000000000e+01 5.465520000000000000e+05
3.900000000000000000e+01 4.973210000000000000e+05
4.000000000000000000e+01 4.470350000000000000e+05
4.100000000000000000e+01 3.952800000000000000e+05
4.200000000000000000e+01 3.449850000000000000e+05
4.300000000000000000e+01 2.934710000000000000e+05
4.400000000000000000e+01 2.448080000000000000e+05
4.500000000000000000e+01 1.990590000000000000e+05
4.600000000000000000e+01 1.556430000000000000e+05
4.700000000000000000e+01 1.175250000000000000e+05
4.800000000000000000e+01 8.456200000000000000e+04
4.900000000000000000e+01 5.805900000000000000e+04
5.000000000000000000e+01 3.825400000000000000e+04
5.100000000000000000e+01 2.350500000000000000e+04
5.200000000000000000e+01 1.401600000000000000e+04
5.300000000000000000e+01 8.036000000000000000e+03
5.400000000000000000e+01 4.374000000000000000e+03
5.500000000000000000e+01 2.322000000000000000e+03
5.600000000000000000e+01 1.266000000000000000e+03
5.700000000000000000e+01 6.570000000000000000e+02
5.800000000000000000e+01 3.520000000000000000e+02
5.900000000000000000e+01 2.350000000000000000e+02
6.000000000000000000e+01 1.230000000000000000e+02
6.100000000000000000e+01 1.330000000000000000e+02
6.200000000000000000e+01 8.000000000000000000e+01
6.300000000000000000e+01 7.800000000000000000e+01
6.400000000000000000e+01 5.400000000000000000e+01
6.500000000000000000e+01 6.000000000000000000e+01
6.600000000000000000e+01 3.700000000000000000e+01
6.700000000000000000e+01 4.300000000000000000e+01
6.800000000000000000e+01 3.700000000000000000e+01
6.900000000000000000e+01 3.700000000000000000e+01
7.000000000000000000e+01 2.200000000000000000e+01
7.100000000000000000e+01 2.500000000000000000e+01
7.200000000000000000e+01 3.300000000000000000e+01
7.300000000000000000e+01 3.400000000000000000e+01
7.400000000000000000e+01 3.300000000000000000e+01
7.500000000000000000e+01 1.400000000000000000e+01
7.600000000000000000e+01 3.300000000000000000e+01
7.700000000000000000e+01 7.000000000000000000e+00
7.800000000000000000e+01 3.300000000000000000e+01
7.900000000000000000e+01 7.000000000000000000e+00
8.000000000000000000e+01 1.900000000000000000e+01
8.100000000000000000e+01 9.000000000000000000e+00
8.200000000000000000e+01 2.100000000000000000e+01
8.300000000000000000e+01 1.000000000000000000e+00
8.400000000000000000e+01 1.400000000000000000e+01
8.500000000000000000e+01 7.000000000000000000e+00
8.600000000000000000e+01 1.300000000000000000e+01
8.700000000000000000e+01 2.000000000000000000e+00
8.800000000000000000e+01 5.000000000000000000e+00
8.900000000000000000e+01 7.000000000000000000e+00
9.000000000000000000e+01 1.300000000000000000e+01
9.100000000000000000e+01 7.000000000000000000e+00
9.200000000000000000e+01 9.000000000000000000e+00
9.300000000000000000e+01 5.000000000000000000e+00
9.400000000000000000e+01 2.000000000000000000e+00
9.600000000000000000e+01 5.000000000000000000e+00
9.800000000000000000e+01 2.000000000000000000e+00
1.010000000000000000e+02 1.000000000000000000e+00
1.030000000000000000e+02 2.000000000000000000e+00
1.050000000000000000e+02 2.000000000000000000e+00
1.090000000000000000e+02 2.000000000000000000e+00
1.110000000000000000e+02 1.000000000000000000e+00
1.270000000000000000e+02 1.000000000000000000e+00
1.280000000000000000e+02 1.000000000000000000e+00
1.590000000000000000e+02 1.000000000000000000e+00
1.820000000000000000e+02 1.000000000000000000e+00
8.840000000000000000e+02 1.000000000000000000e+00
1.007000000000000000e+03 1.000000000000000000e+00
1.531000000000000000e+03 1.000000000000000000e+00
