-4.000000000000000000e+00 6.000000000000000000e+00
-3.000000000000000000e+00 3.000000000000000000e+00
-2.000000000000000000e+00 1.500000000000000000e+01
-1.000000000000000000e+00 4.900000000000000000e+01
0.000000000000000000e+00 1.359000000000000000e+03
1.000000000000000000e+00 1.070000000000000000e+02
2.000000000000000000e+00 1.530000000000000000e+02
3.000000000000000000e+00 2.160000000000000000e+02
4.000000000000000000e+00 1.155000000000000000e+03
5.000000000000000000e+00 8.823000000000000000e+03
6.000000000000000000e+00 6.054400000000000000e+04
7.000000000000000000e+00 1.021310000000000000e+05
8.000000000000000000e+00 1.190890000000000000e+05
9.000000000000000000e+00 1.354950000000000000e+05
1.000000000000000000e+01 1.494830000000000000e+05
1.100000000000000000e+01 1.574370000000000000e+05
1.200000000000000000e+01 1.621310000000000000e+05
1.300000000000000000e+01 1.708590000000000000e+05
1.400000000000000000e+01 1.929410000000000000e+05
1.500000000000000000e+01 2.292940000000000000e+05
1.600000000000000000e+01 2.843860000000000000e+05
1.700000000000000000e+01 3.655360000000000000e+05
1.800000000000000000e+01 4.661270000000000000e+05
1.900000000000000000e+01 5.841370000000000000e+05
2.000000000000000000e+01 7.196490000000000000e+05
2.100000000000000000e+01 8.648350000000000000e+05
2.200000000000000000e+01 1.017880000000000000e+06
2.300000000000000000e+01 1.145623000000000000e+06
2.400000000000000000e+01 1.247902000000000000e+06
2.500000000000000000e+01 1.290613000000000000e+06
2.600000000000000000e+01 1.272356000000000000e+06
2.700000000000000000e+01 1.206590000000000000e+06
2.800000000000000000e+01 1.103088000000000000e+06
2.900000000000000000e+01 9.840390000000000000e+05
3.000000000000000000e+01 8.549280000000000000e+05
3.100000000000000000e+01 7.290960000000000000e+05
3.200000000000000000e+01 6.112370000000000000e+05
3.300000000000000000e+01 5.009530000000000000e+05
3.400000000000000000e+01 4.023090000000000000e+05
3.500000000000000000e+01 3.110140000000000000e+05
3.600000000000000000e+01 2.313900000000000000e+05
3.700000000000000000e+01 1.627560000000000000e+05
3.800000000000000000e+01 1.090490000000000000e+05
3.900000000000000000e+01 6.865300000000000000e+04
4.000000000000000000e+01 4.011700000000000000e+04
4.100000000000000000e+01 2.145300000000000000e+04
4.200000000000000000e+01 1.084300000000000000e+04
4.300000000000000000e+01 4.892000000000000000e+03
4.400000000000000000e+01 2.187000000000000000e+03
4.500000000000000000e+01 9.650000000000000000e+02
4.600000000000000000e+01 4.030000000000000000e+02
4.700000000000000000e+01 2.030000000000000000e+02
4.800000000000000000e+01 1.440000000000000000e+02
4.900000000000000000e+01 1.170000000000000000e+02
5.000000000000000000e+01 5.800000000000000000e+01
5.100000000000000000e+01 1.000000000000000000e+02
5.200000000000000000e+01 3.200000000000000000e+01
5.300000000000000000e+01 7.000000000000000000e+01
5.400000000000000000e+01 3.000000000000000000e+01
5.500000000000000000e+01 6.700000000000000000e+01
5.600000000000000000e+01 2.300000000000000000e+01
5.700000000000000000e+01 5.800000000000000000e+01
5.800000000000000000e+01 2.300000000000000000e+01
5.900000000000000000e+01 4.700000000000000000e+01
6.000000000000000000e+01 2.100000000000000000e+01
6.100000000000000000e+01 3.400000000000000000e+01
6.200000000000000000e+01 1.400000000000000000e+01
6.300000000000000000e+01 3.300000000000000000e+01
6.400000000000000000e+01 2.000000000000000000e+01
6.500000000000000000e+01 1.300000000000000000e+01
6.600000000000000000e+01 8.000000000000000000e+00
6.700000000000000000e+01 1.300000000000000000e+01
6.800000000000000000e+01 2.000000000000000000e+00
6.900000000000000000e+01 1.400000000000000000e+01
7.000000000000000000e+01 1.300000000000000000e+01
7.100000000000000000e+01 8.000000000000000000e+00
7.200000000000000000e+01 2.000000000000000000e+00
7.300000000000000000e+01 5.000000000000000000e+00
7.400000000000000000e+01 4.000000000000000000e+00
7.500000000000000000e+01 1.000000000000000000e+00
7.600000000000000000e+01 7.000000000000000000e+00
7.700000000000000000e+01 1.000000000000000000e+00
7.800000000000000000e+01 3.000000000000000000e+00
7.900000000000000000e+01 1.000000000000000000e+00
8.100000000000000000e+01 1.000000000000000000e+00
8.200000000000000000e+01 1.000000000000000000e+00
8.300000000000000000e+01 1.000000000000000000e+00
8.400000000000000000e+01 2.000000000000000000e+00
8.900000000000000000e+01 1.000000000000000000e+00
1.320000000000000000e+02 1.000000000000000000e+00
2.060000000000000000e+02 1.000000000000000000e+00
2.100000000000000000e+02 1.000000000000000000e+00
2.120000000000000000e+02 1.000000000000000000e+00
2.770000000000000000e+02 1.000000000000000000e+00
3.220000000000000000e+02 1.000000000000000000e+00
3.340000000000000000e+02 1.000000000000000000e+00
5.290000000000000000e+02 1.000000000000000000e+00
6.770000000000000000e+02 1.000000000000000000e+00
1.462000000000000000e+03 1.000000000000000000e+00
