-4.000000000000000000e+00 1.600000000000000000e+01
-3.000000000000000000e+00 5.000000000000000000e+00
-2.000000000000000000e+00 2.400000000000000000e+01
-1.000000000000000000e+00 8.900000000000000000e+01
0.000000000000000000e+00 1.416000000000000000e+03
1.000000000000000000e+00 1.910000000000000000e+02
2.000000000000000000e+00 2.610000000000000000e+02
3.000000000000000000e+00 3.690000000000000000e+02
4.000000000000000000e+00 2.048000000000000000e+03
5.000000000000000000e+00 1.569300000000000000e+04
6.000000000000000000e+00 1.102700000000000000e+05
7.000000000000000000e+00 1.915010000000000000e+05
8.000000000000000000e+00 2.294410000000000000e+05
9.000000000000000000e+00 2.727370000000000000e+05
1.000000000000000000e+01 3.151030000000000000e+05
1.100000000000000000e+01 3.445400000000000000e+05
1.200000000000000000e+01 3.642710000000000000e+05
1.300000000000000000e+01 3.787690000000000000e+05
1.400000000000000000e+01 3.974470000000000000e+05
1.500000000000000000e+01 4.201220000000000000e+05
1.600000000000000000e+01 4.590130000000000000e+05
1.700000000000000000e+01 5.186670000000000000e+05
1.800000000000000000e+01 6.014700000000000000e+05
1.900000000000000000e+01 7.056310000000000000e+05
2.000000000000000000e+01 8.325210000000000000e+05
2.100000000000000000e+01 9.839170000000000000e+05
2.200000000000000000e+01 1.146548000000000000e+06
2.300000000000000000e+01 1.290585000000000000e+06
2.400000000000000000e+01 1.406280000000000000e+06
2.500000000000000000e+01 1.451614000000000000e+06
2.600000000000000000e+01 1.432448000000000000e+06
2.700000000000000000e+01 1.365025000000000000e+06
2.800000000000000000e+01 1.271476000000000000e+06
2.900000000000000000e+01 1.176561000000000000e+06
3.000000000000000000e+01 1.076680000000000000e+06
3.100000000000000000e+01 9.842540000000000000e+05
3.200000000000000000e+01 9.041410000000000000e+05
3.300000000000000000e+01 8.298740000000000000e+05
3.400000000000000000e+01 7.653730000000000000e+05
3.500000000000000000e+01 7.081050000000000000e+05
3.600000000000000000e+01 6.517650000000000000e+05
3.700000000000000000e+01 5.977470000000000000e+05
3.800000000000000000e+01 5.467120000000000000e+05
3.900000000000000000e+01 4.973880000000000000e+05
4.000000000000000000e+01 4.452720000000000000e+05
4.100000000000000000e+01 3.949630000000000000e+05
4.200000000000000000e+01 3.454980000000000000e+05
4.300000000000000000e+01 2.931820000000000000e+05
4.400000000000000000e+01 2.456580000000000000e+05
4.500000000000000000e+01 1.986270000000000000e+05
4.600000000000000000e+01 1.557460000000000000e+05
4.700000000000000000e+01 1.175710000000000000e+05
4.800000000000000000e+01 8.486600000000000000e+04
4.900000000000000000e+01 5.881500000000000000e+04
5.000000000000000000e+01 3.807400000000000000e+04
5.100000000000000000e+01 2.354600000000000000e+04
5.200000000000000000e+01 1.410600000000000000e+04
5.300000000000000000e+01 8.245000000000000000e+03
5.400000000000000000e+01 4.211000000000000000e+03
5.500000000000000000e+01 2.471000000000000000e+03
5.600000000000000000e+01 1.250000000000000000e+03
5.700000000000000000e+01 6.820000000000000000e+02
5.800000000000000000e+01 3.590000000000000000e+02
5.900000000000000000e+01 2.130000000000000000e+02
6.000000000000000000e+01 1.190000000000000000e+02
6.100000000000000000e+01 1.240000000000000000e+02
6.200000000000000000e+01 7.800000000000000000e+01
6.300000000000000000e+01 7.900000000000000000e+01
6.400000000000000000e+01 5.900000000000000000e+01
6.500000000000000000e+01 4.900000000000000000e+01
6.600000000000000000e+01 5.000000000000000000e+01
6.700000000000000000e+01 2.800000000000000000e+01
6.800000000000000000e+01 4.200000000000000000e+01
6.900000000000000000e+01 3.000000000000000000e+01
7.000000000000000000e+01 2.600000000000000000e+01
7.100000000000000000e+01 2.800000000000000000e+01
7.200000000000000000e+01 2.200000000000000000e+01
7.300000000000000000e+01 2.200000000000000000e+01
7.400000000000000000e+01 2.800000000000000000e+01
7.500000000000000000e+01 1.000000000000000000e+01
7.600000000000000000e+01 3.500000000000000000e+01
7.700000000000000000e+01 9.000000000000000000e+00
7.800000000000000000e+01 2.500000000000000000e+01
7.900000000000000000e+01 7.000000000000000000e+00
8.000000000000000000e+01 2.100000000000000000e+01
8.100000000000000000e+01 5.000000000000000000e+00
8.200000000000000000e+01 1.000000000000000000e+01
8.400000000000000000e+01 2.000000000000000000e+01
8.500000000000000000e+01 1.000000000000000000e+00
8.600000000000000000e+01 1.600000000000000000e+01
8.700000000000000000e+01 1.200000000000000000e+01
8.800000000000000000e+01 4.000000000000000000e+00
8.900000000000000000e+01 2.000000000000000000e+00
9.000000000000000000e+01 5.000000000000000000e+00
9.100000000000000000e+01 2.000000000000000000e+00
9.200000000000000000e+01 5.000000000000000000e+00
9.300000000000000000e+01 1.000000000000000000e+00
9.400000000000000000e+01 4.000000000000000000e+00
9.500000000000000000e+01 5.000000000000000000e+00
9.600000000000000000e+01 4.000000000000000000e+00
9.800000000000000000e+01 5.000000000000000000e+00
1.000000000000000000e+02 1.000000000000000000e+00
1.010000000000000000e+02 1.000000000000000000e+00
1.050000000000000000e+02 1.000000000000000000e+00
1.070000000000000000e+02 1.000000000000000000e+00
1.150000000000000000e+02 2.000000000000000000e+00
1.190000000000000000e+02 1.000000000000000000e+00
1.460000000000000000e+02 1.000000000000000000e+00
1.530000000000000000e+02 1.000000000000000000e+00
1.870000000000000000e+02 1.000000000000000000e+00
2.000000000000000000e+02 1.000000000000000000e+00
2.190000000000000000e+02 1.000000000000000000e+00
2.230000000000000000e+02 1.000000000000000000e+00
2.430000000000000000e+02 1.000000000000000000e+00
2.790000000000000000e+02 1.000000000000000000e+00
3.160000000000000000e+02 1.000000000000000000e+00
5.430000000000000000e+02 1.000000000000000000e+00
8.170000000000000000e+02 1.000000000000000000e+00
1.569000000000000000e+03 1.000000000000000000e+00
