-4.000000000000000000e+00 3.000000000000000000e+00
-3.000000000000000000e+00 9.000000000000000000e+00
-2.000000000000000000e+00 3.000000000000000000e+01
-1.000000000000000000e+00 9.500000000000000000e+01
0.000000000000000000e+00 1.408000000000000000e+03
1.000000000000000000e+00 2.150000000000000000e+02
2.000000000000000000e+00 2.460000000000000000e+02
3.000000000000000000e+00 4.040000000000000000e+02
4.000000000000000000e+00 2.040000000000000000e+03
5.000000000000000000e+00 1.550900000000000000e+04
6.000000000000000000e+00 1.103240000000000000e+05
7.000000000000000000e+00 1.910520000000000000e+05
8.000000000000000000e+00 2.300220000000000000e+05
9.000000000000000000e+00 2.721340000000000000e+05
1.000000000000000000e+01 3.159300000000000000e+05
1.100000000000000000e+01 3.436000000000000000e+05
1.200000000000000000e+01 3.633510000000000000e+05
1.300000000000000000e+01 3.783960000000000000e+05
1.400000000000000000e+01 3.973770000000000000e+05
1.500000000000000000e+01 4.207940000000000000e+05
1.600000000000000000e+01 4.587320000000000000e+05
1.700000000000000000e+01 5.206590000000000000e+05
1.800000000000000000e+01 6.013480000000000000e+05
1.900000000000000000e+01 7.053000000000000000e+05
2.000000000000000000e+01 8.322130000000000000e+05
2.100000000000000000e+01 9.800140000000000000e+05
2.200000000000000000e+01 1.143207000000000000e+06
2.300000000000000000e+01 1.288743000000000000e+06
2.400000000000000000e+01 1.403449000000000000e+06
2.500000000000000000e+01 1.455704000000000000e+06
2.600000000000000000e+01 1.435106000000000000e+06
2.700000000000000000e+01 1.366280000000000000e+06
2.800000000000000000e+01 1.274731000000000000e+06
2.900000000000000000e+01 1.177495000000000000e+06
3.000000000000000000e+01 1.077776000000000000e+06
3.100000000000000000e+01 9.869570000000000000e+05
3.200000000000000000e+01 9.043020000000000000e+05
3.300000000000000000e+01 8.305620000000000000e+05
3.400000000000000000e+01 7.682790000000000000e+05
3.500000000000000000e+01 7.084860000000000000e+05
3.600000000000000000e+01 6.534390000000000000e+05
3.700000000000000000e+01 5.973830000000000000e+05
3.800000000000000000e+01 5.481530000000000000e+05
3.900000000000000000e+01 4.988590000000000000e+05
4.000000000000000000e+01 4.459450000000000000e+05
4.100000000000000000e+01 3.961750000000000000e+05
4.200000000000000000e+01 3.460360000000000000e+05
4.300000000000000000e+01 2.946560000000000000e+05
4.400000000000000000e+01 2.465570000000000000e+05
4.500000000000000000e+01 1.992570000000000000e+05
4.600000000000000000e+01 1.563810000000000000e+05
4.700000000000000000e+01 1.179500000000000000e+05
4.800000000000000000e+01 8.510000000000000000e+04
4.900000000000000000e+01 5.865600000000000000e+04
5.000000000000000000e+01 3.791300000000000000e+04
5.100000000000000000e+01 2.396300000000000000e+04
5.200000000000000000e+01 1.419700000000000000e+04
5.300000000000000000e+01 8.151000000000000000e+03
5.400000000000000000e+01 4.427000000000000000e+03
5.500000000000000000e+01 2.352000000000000000e+03
5.600000000000000000e+01 1.227000000000000000e+03
5.700000000000000000e+01 6.560000000000000000e+02
5.800000000000000000e+01 3.310000000000000000e+02
5.900000000000000000e+01 2.030000000000000000e+02
6.000000000000000000e+01 1.440000000000000000e+02
6.100000000000000000e+01 1.300000000000000000e+02
6.200000000000000000e+01 8.000000000000000000e+01
6.300000000000000000e+01 7.500000000000000000e+01
6.400000000000000000e+01 5.400000000000000000e+01
6.500000000000000000e+01 5.100000000000000000e+01
6.600000000000000000e+01 4.400000000000000000e+01
6.700000000000000000e+01 3.800000000000000000e+01
6.800000000000000000e+01 4.400000000000000000e+01
6.900000000000000000e+01 3.000000000000000000e+01
7.000000000000000000e+01 3.600000000000000000e+01
7.100000000000000000e+01 2.900000000000000000e+01
7.200000000000000000e+01 2.400000000000000000e+01
7.300000000000000000e+01 2.100000000000000000e+01
7.400000000000000000e+01 2.400000000000000000e+01
7.500000000000000000e+01 1.500000000000000000e+01
7.600000000000000000e+01 2.200000000000000000e+01
7.700000000000000000e+01 1.100000000000000000e+01
7.800000000000000000e+01 3.000000000000000000e+01
7.900000000000000000e+01 6.000000000000000000e+00
8.000000000000000000e+01 2.100000000000000000e+01
8.100000000000000000e+01 7.000000000000000000e+00
8.200000000000000000e+01 1.300000000000000000e+01
8.300000000000000000e+01 6.000000000000000000e+00
8.400000000000000000e+01 1.700000000000000000e+01
8.500000000000000000e+01 4.000000000000000000e+00
8.600000000000000000e+01 1.600000000000000000e+01
8.700000000000000000e+01 1.000000000000000000e+01
8.800000000000000000e+01 7.000000000000000000e+00
8.900000000000000000e+01 5.000000000000000000e+00
9.000000000000000000e+01 9.000000000000000000e+00
9.100000000000000000e+01 7.000000000000000000e+00
9.200000000000000000e+01 4.000000000000000000e+00
9.300000000000000000e+01 4.000000000000000000e+00
9.400000000000000000e+01 2.000000000000000000e+00
9.500000000000000000e+01 5.000000000000000000e+00
9.600000000000000000e+01 2.000000000000000000e+00
9.700000000000000000e+01 4.000000000000000000e+00
9.800000000000000000e+01 2.000000000000000000e+00
9.900000000000000000e+01 1.000000000000000000e+00
1.010000000000000000e+02 4.000000000000000000e+00
1.020000000000000000e+02 1.000000000000000000e+00
1.030000000000000000e+02 3.000000000000000000e+00
1.050000000000000000e+02 1.000000000000000000e+00
1.070000000000000000e+02 1.000000000000000000e+00
1.110000000000000000e+02 1.000000000000000000e+00
1.250000000000000000e+02 1.000000000000000000e+00
1.330000000000000000e+02 1.000000000000000000e+00
2.010000000000000000e+02 1.000000000000000000e+00
2.250000000000000000e+02 1.000000000000000000e+00
2.840000000000000000e+02 1.000000000000000000e+00
3.310000000000000000e+02 1.000000000000000000e+00
4.910000000000000000e+02 1.000000000000000000e+00
6.090000000000000000e+02 1.000000000000000000e+00
9.150000000000000000e+02 1.000000000000000000e+00
1.518000000000000000e+03 1.000000000000000000e+00
