-4.000000000000000000e+00 2.000000000000000000e+00
-3.000000000000000000e+00 2.000000000000000000e+00
-2.000000000000000000e+00 1.000000000000000000e+01
-1.000000000000000000e+00 2.800000000000000000e+01
0.000000000000000000e+00 1.328000000000000000e+03
1.000000000000000000e+00 7.000000000000000000e+01
2.000000000000000000e+00 1.030000000000000000e+02
3.000000000000000000e+00 1.510000000000000000e+02
4.000000000000000000e+00 9.720000000000000000e+02
5.000000000000000000e+00 6.491000000000000000e+03
6.000000000000000000e+00 4.379900000000000000e+04
7.000000000000000000e+00 7.499900000000000000e+04
8.000000000000000000e+00 8.677900000000000000e+04
9.000000000000000000e+00 9.895400000000000000e+04
1.000000000000000000e+01 1.077740000000000000e+05
1.100000000000000000e+01 1.120320000000000000e+05
1.200000000000000000e+01 1.126440000000000000e+05
1.300000000000000000e+01 1.158750000000000000e+05
1.400000000000000000e+01 1.274460000000000000e+05
1.500000000000000000e+01 1.481300000000000000e+05
1.600000000000000000e+01 1.820230000000000000e+05
1.700000000000000000e+01 2.318180000000000000e+05
1.800000000000000000e+01 2.967400000000000000e+05
1.900000000000000000e+01 3.719560000000000000e+05
2.000000000000000000e+01 4.628180000000000000e+05
2.100000000000000000e+01 5.605310000000000000e+05
2.200000000000000000e+01 6.630850000000000000e+05
2.300000000000000000e+01 7.559710000000000000e+05
2.400000000000000000e+01 8.290740000000000000e+05
2.500000000000000000e+01 8.670180000000000000e+05
2.600000000000000000e+01 8.630590000000000000e+05
2.700000000000000000e+01 8.239750000000000000e+05
2.800000000000000000e+01 7.616880000000000000e+05
2.900000000000000000e+01 6.874240000000000000e+05
3.000000000000000000e+01 6.064600000000000000e+05
3.100000000000000000e+01 5.234460000000000000e+05
3.200000000000000000e+01 4.454270000000000000e+05
3.300000000000000000e+01 3.701130000000000000e+05
3.400000000000000000e+01 2.988100000000000000e+05
3.500000000000000000e+01 2.345530000000000000e+05
3.600000000000000000e+01 1.744170000000000000e+05
3.700000000000000000e+01 1.252600000000000000e+05
3.800000000000000000e+01 8.324000000000000000e+04
3.900000000000000000e+01 5.323400000000000000e+04
4.000000000000000000e+01 3.143700000000000000e+04
4.100000000000000000e+01 1.684100000000000000e+04
4.200000000000000000e+01 8.349000000000000000e+03
4.300000000000000000e+01 3.918000000000000000e+03
4.400000000000000000e+01 1.792000000000000000e+03
4.500000000000000000e+01 7.600000000000000000e+02
4.600000000000000000e+01 3.290000000000000000e+02
4.700000000000000000e+01 1.350000000000000000e+02
4.800000000000000000e+01 8.200000000000000000e+01
4.900000000000000000e+01 6.200000000000000000e+01
5.000000000000000000e+01 4.000000000000000000e+01
5.100000000000000000e+01 3.200000000000000000e+01
5.200000000000000000e+01 2.300000000000000000e+01
5.300000000000000000e+01 3.800000000000000000e+01
5.400000000000000000e+01 2.100000000000000000e+01
5.500000000000000000e+01 2.200000000000000000e+01
5.600000000000000000e+01 1.600000000000000000e+01
5.700000000000000000e+01 2.900000000000000000e+01
5.800000000000000000e+01 1.500000000000000000e+01
5.900000000000000000e+01 2.600000000000000000e+01
6.000000000000000000e+01 9.000000000000000000e+00
6.100000000000000000e+01 2.000000000000000000e+01
6.200000000000000000e+01 5.000000000000000000e+00
6.300000000000000000e+01 1.500000000000000000e+01
6.400000000000000000e+01 8.000000000000000000e+00
6.500000000000000000e+01 1.000000000000000000e+01
6.600000000000000000e+01 1.000000000000000000e+01
6.700000000000000000e+01 4.000000000000000000e+00
6.800000000000000000e+01 5.000000000000000000e+00
6.900000000000000000e+01 6.000000000000000000e+00
7.000000000000000000e+01 6.000000000000000000e+00
7.100000000000000000e+01 4.000000000000000000e+00
7.200000000000000000e+01 3.000000000000000000e+00
7.300000000000000000e+01 2.000000000000000000e+00
7.400000000000000000e+01 1.000000000000000000e+00
7.500000000000000000e+01 4.000000000000000000e+00
7.600000000000000000e+01 1.000000000000000000e+00
7.800000000000000000e+01 1.000000000000000000e+00
7.900000000000000000e+01 2.000000000000000000e+00
8.100000000000000000e+01 1.000000000000000000e+00
8.200000000000000000e+01 1.000000000000000000e+00
8.400000000000000000e+01 1.000000000000000000e+00
9.500000000000000000e+01 1.000000000000000000e+00
1.070000000000000000e+02 1.000000000000000000e+00
1.460000000000000000e+02 1.000000000000000000e+00
1.900000000000000000e+02 1.000000000000000000e+00
2.140000000000000000e+02 1.000000000000000000e+00
2.550000000000000000e+02 1.000000000000000000e+00
2.610000000000000000e+02 1.000000000000000000e+00
3.530000000000000000e+02 1.000000000000000000e+00
4.100000000000000000e+02 1.000000000000000000e+00
4.620000000000000000e+02 1.000000000000000000e+00
5.240000000000000000e+02 1.000000000000000000e+00
