-4.000000000000000000e+00 7.000000000000000000e+00
-3.000000000000000000e+00 9.000000000000000000e+00
-2.000000000000000000e+00 2.400000000000000000e+01
-1.000000000000000000e+00 1.080000000000000000e+02
0.000000000000000000e+00 1.403000000000000000e+03
1.000000000000000000e+00 1.860000000000000000e+02
2.000000000000000000e+00 2.500000000000000000e+02
3.000000000000000000e+00 4.340000000000000000e+02
4.000000000000000000e+00 2.155000000000000000e+03
5.000000000000000000e+00 1.600600000000000000e+04
6.000000000000000000e+00 1.109390000000000000e+05
7.000000000000000000e+00 1.917270000000000000e+05
8.000000000000000000e+00 2.313870000000000000e+05
9.000000000000000000e+00 2.736690000000000000e+05
1.000000000000000000e+01 3.162420000000000000e+05
1.100000000000000000e+01 3.456210000000000000e+05
1.200000000000000000e+01 3.653360000000000000e+05
1.300000000000000000e+01 3.823990000000000000e+05
1.400000000000000000e+01 4.007330000000000000e+05
1.500000000000000000e+01 4.257550000000000000e+05
1.600000000000000000e+01 4.673110000000000000e+05
1.700000000000000000e+01 5.291710000000000000e+05
1.800000000000000000e+01 6.136220000000000000e+05
1.900000000000000000e+01 7.217530000000000000e+05
2.000000000000000000e+01 8.514050000000000000e+05
2.100000000000000000e+01 1.003338000000000000e+06
2.200000000000000000e+01 1.167382000000000000e+06
2.300000000000000000e+01 1.313044000000000000e+06
2.400000000000000000e+01 1.421198000000000000e+06
2.500000000000000000e+01 1.459291000000000000e+06
2.600000000000000000e+01 1.430146000000000000e+06
2.700000000000000000e+01 1.355072000000000000e+06
2.800000000000000000e+01 1.261430000000000000e+06
2.900000000000000000e+01 1.163989000000000000e+06
3.000000000000000000e+01 1.065670000000000000e+06
3.100000000000000000e+01 9.754960000000000000e+05
3.200000000000000000e+01 8.941950000000000000e+05
3.300000000000000000e+01 8.228760000000000000e+05
3.400000000000000000e+01 7.585210000000000000e+05
3.500000000000000000e+01 7.012350000000000000e+05
3.600000000000000000e+01 6.450150000000000000e+05
3.700000000000000000e+01 5.907960000000000000e+05
3.800000000000000000e+01 5.405590000000000000e+05
3.900000000000000000e+01 4.893010000000000000e+05
4.000000000000000000e+01 4.381600000000000000e+05
4.100000000000000000e+01 3.893440000000000000e+05
4.200000000000000000e+01 3.380320000000000000e+05
4.300000000000000000e+01 2.868040000000000000e+05
4.400000000000000000e+01 2.392690000000000000e+05
4.500000000000000000e+01 1.921620000000000000e+05
4.600000000000000000e+01 1.508120000000000000e+05
4.700000000000000000e+01 1.114820000000000000e+05
4.800000000000000000e+01 8.029000000000000000e+04
4.900000000000000000e+01 5.509700000000000000e+04
5.000000000000000000e+01 3.541700000000000000e+04
5.100000000000000000e+01 2.207400000000000000e+04
5.200000000000000000e+01 1.328100000000000000e+04
5.300000000000000000e+01 7.365000000000000000e+03
5.400000000000000000e+01 4.071000000000000000e+03
5.500000000000000000e+01 2.222000000000000000e+03
5.600000000000000000e+01 1.130000000000000000e+03
5.700000000000000000e+01 6.370000000000000000e+02
5.800000000000000000e+01 2.980000000000000000e+02
5.900000000000000000e+01 2.240000000000000000e+02
6.000000000000000000e+01 1.100000000000000000e+02
6.100000000000000000e+01 1.090000000000000000e+02
6.200000000000000000e+01 6.500000000000000000e+01
6.300000000000000000e+01 9.300000000000000000e+01
6.400000000000000000e+01 5.100000000000000000e+01
6.500000000000000000e+01 4.600000000000000000e+01
6.600000000000000000e+01 4.700000000000000000e+01
6.700000000000000000e+01 3.400000000000000000e+01
6.800000000000000000e+01 3.100000000000000000e+01
6.900000000000000000e+01 3.200000000000000000e+01
7.000000000000000000e+01 3.800000000000000000e+01
7.100000000000000000e+01 2.200000000000000000e+01
7.200000000000000000e+01 1.900000000000000000e+01
7.300000000000000000e+01 2.000000000000000000e+01
7.400000000000000000e+01 2.200000000000000000e+01
7.500000000000000000e+01 8.000000000000000000e+00
7.600000000000000000e+01 2.900000000000000000e+01
7.700000000000000000e+01 9.000000000000000000e+00
7.800000000000000000e+01 2.200000000000000000e+01
7.900000000000000000e+01 9.000000000000000000e+00
8.000000000000000000e+01 1.500000000000000000e+01
8.100000000000000000e+01 5.000000000000000000e+00
8.200000000000000000e+01 1.500000000000000000e+01
8.300000000000000000e+01 7.000000000000000000e+00
8.400000000000000000e+01 1.500000000000000000e+01
8.500000000000000000e+01 3.000000000000000000e+00
8.600000000000000000e+01 1.300000000000000000e+01
8.700000000000000000e+01 9.000000000000000000e+00
8.800000000000000000e+01 7.000000000000000000e+00
8.900000000000000000e+01 9.000000000000000000e+00
9.000000000000000000e+01 7.000000000000000000e+00
9.100000000000000000e+01 2.000000000000000000e+00
9.200000000000000000e+01 2.000000000000000000e+00
9.300000000000000000e+01 9.000000000000000000e+00
9.400000000000000000e+01 5.000000000000000000e+00
9.500000000000000000e+01 3.000000000000000000e+00
9.600000000000000000e+01 3.000000000000000000e+00
9.700000000000000000e+01 2.000000000000000000e+00
9.800000000000000000e+01 3.000000000000000000e+00
1.000000000000000000e+02 1.000000000000000000e+00
1.010000000000000000e+02 2.000000000000000000e+00
1.020000000000000000e+02 1.000000000000000000e+00
1.050000000000000000e+02 4.000000000000000000e+00
1.070000000000000000e+02 1.000000000000000000e+00
1.200000000000000000e+02 1.000000000000000000e+00
1.430000000000000000e+02 1.000000000000000000e+00
1.530000000000000000e+02 1.000000000000000000e+00
1.680000000000000000e+02 1.000000000000000000e+00
4.570000000000000000e+02 1.000000000000000000e+00
1.174000000000000000e+03 1.000000000000000000e+00
