-4.000000000000000000e+00 7.000000000000000000e+00
-3.000000000000000000e+00 7.000000000000000000e+00
-2.000000000000000000e+00 2.500000000000000000e+01
-1.000000000000000000e+00 1.070000000000000000e+02
0.000000000000000000e+00 1.415000000000000000e+03
1.000000000000000000e+00 1.970000000000000000e+02
2.000000000000000000e+00 2.650000000000000000e+02
3.000000000000000000e+00 3.860000000000000000e+02
4.000000000000000000e+00 2.112000000000000000e+03
5.000000000000000000e+00 1.574900000000000000e+04
6.000000000000000000e+00 1.102640000000000000e+05
7.000000000000000000e+00 1.917030000000000000e+05
8.000000000000000000e+00 2.295330000000000000e+05
9.000000000000000000e+00 2.730200000000000000e+05
1.000000000000000000e+01 3.147490000000000000e+05
1.100000000000000000e+01 3.434400000000000000e+05
1.200000000000000000e+01 3.640410000000000000e+05
1.300000000000000000e+01 3.798190000000000000e+05
1.400000000000000000e+01 3.960040000000000000e+05
1.500000000000000000e+01 4.212330000000000000e+05
1.600000000000000000e+01 4.611260000000000000e+05
1.700000000000000000e+01 5.215110000000000000e+05
1.800000000000000000e+01 6.022390000000000000e+05
1.900000000000000000e+01 7.059080000000000000e+05
2.000000000000000000e+01 8.339070000000000000e+05
2.100000000000000000e+01 9.846150000000000000e+05
2.200000000000000000e+01 1.147801000000000000e+06
2.300000000000000000e+01 1.296575000000000000e+06
2.400000000000000000e+01 1.405907000000000000e+06
2.500000000000000000e+01 1.451334000000000000e+06
2.600000000000000000e+01 1.431438000000000000e+06
2.700000000000000000e+01 1.364758000000000000e+06
2.800000000000000000e+01 1.273207000000000000e+06
2.900000000000000000e+01 1.174643000000000000e+06
3.000000000000000000e+01 1.075786000000000000e+06
3.100000000000000000e+01 9.836650000000000000e+05
3.200000000000000000e+01 9.040350000000000000e+05
3.300000000000000000e+01 8.293780000000000000e+05
3.400000000000000000e+01 7.647210000000000000e+05
3.500000000000000000e+01 7.060040000000000000e+05
3.600000000000000000e+01 6.524880000000000000e+05
3.700000000000000000e+01 5.974850000000000000e+05
3.800000000000000000e+01 5.467190000000000000e+05
3.900000000000000000e+01 4.946490000000000000e+05
4.000000000000000000e+01 4.451210000000000000e+05
4.100000000000000000e+01 3.947540000000000000e+05
4.200000000000000000e+01 3.440570000000000000e+05
4.300000000000000000e+01 2.934720000000000000e+05
4.400000000000000000e+01 2.443530000000000000e+05
4.500000000000000000e+01 1.976320000000000000e+05
4.600000000000000000e+01 1.554550000000000000e+05
4.700000000000000000e+01 1.169720000000000000e+05
4.800000000000000000e+01 8.393200000000000000e+04
4.900000000000000000e+01 5.791200000000000000e+04
5.000000000000000000e+01 3.820100000000000000e+04
5.100000000000000000e+01 2.354500000000000000e+04
5.200000000000000000e+01 1.407800000000000000e+04
5.300000000000000000e+01 7.991000000000000000e+03
5.400000000000000000e+01 4.247000000000000000e+03
5.500000000000000000e+01 2.292000000000000000e+03
5.600000000000000000e+01 1.175000000000000000e+03
5.700000000000000000e+01 7.110000000000000000e+02
5.800000000000000000e+01 3.310000000000000000e+02
5.900000000000000000e+01 2.230000000000000000e+02
6.000000000000000000e+01 1.370000000000000000e+02
6.100000000000000000e+01 1.210000000000000000e+02
6.200000000000000000e+01 6.200000000000000000e+01
6.300000000000000000e+01 9.200000000000000000e+01
6.400000000000000000e+01 5.100000000000000000e+01
6.500000000000000000e+01 5.100000000000000000e+01
6.600000000000000000e+01 4.800000000000000000e+01
6.700000000000000000e+01 4.500000000000000000e+01
6.800000000000000000e+01 4.000000000000000000e+01
6.900000000000000000e+01 2.400000000000000000e+01
7.000000000000000000e+01 3.200000000000000000e+01
7.100000000000000000e+01 2.300000000000000000e+01
7.200000000000000000e+01 2.800000000000000000e+01
7.300000000000000000e+01 1.900000000000000000e+01
7.400000000000000000e+01 1.400000000000000000e+01
7.500000000000000000e+01 1.200000000000000000e+01
7.600000000000000000e+01 3.100000000000000000e+01
7.700000000000000000e+01 1.000000000000000000e+01
7.800000000000000000e+01 2.900000000000000000e+01
7.900000000000000000e+01 8.000000000000000000e+00
8.000000000000000000e+01 1.200000000000000000e+01
8.100000000000000000e+01 6.000000000000000000e+00
8.200000000000000000e+01 1.600000000000000000e+01
8.300000000000000000e+01 3.000000000000000000e+00
8.400000000000000000e+01 1.300000000000000000e+01
8.500000000000000000e+01 3.000000000000000000e+00
8.600000000000000000e+01 1.300000000000000000e+01
8.700000000000000000e+01 8.000000000000000000e+00
8.800000000000000000e+01 5.000000000000000000e+00
8.900000000000000000e+01 1.000000000000000000e+01
9.000000000000000000e+01 1.300000000000000000e+01
9.100000000000000000e+01 5.000000000000000000e+00
9.200000000000000000e+01 3.000000000000000000e+00
9.300000000000000000e+01 5.000000000000000000e+00
9.400000000000000000e+01 1.000000000000000000e+00
9.500000000000000000e+01 2.000000000000000000e+00
9.600000000000000000e+01 2.000000000000000000e+00
9.800000000000000000e+01 1.000000000000000000e+00
1.000000000000000000e+02 1.000000000000000000e+00
1.030000000000000000e+02 3.000000000000000000e+00
1.040000000000000000e+02 1.000000000000000000e+00
1.070000000000000000e+02 1.000000000000000000e+00
1.080000000000000000e+02 1.000000000000000000e+00
1.130000000000000000e+02 1.000000000000000000e+00
1.160000000000000000e+02 1.000000000000000000e+00
1.190000000000000000e+02 1.000000000000000000e+00
1.330000000000000000e+02 1.000000000000000000e+00
2.230000000000000000e+02 1.000000000000000000e+00
