-4.000000000000000000e+00 7.000000000000000000e+00
-3.000000000000000000e+00 3.000000000000000000e+00
-2.000000000000000000e+00 1.000000000000000000e+01
-1.000000000000000000e+00 4.900000000000000000e+01
0.000000000000000000e+00 1.376000000000000000e+03
1.000000000000000000e+00 1.150000000000000000e+02
2.000000000000000000e+00 1.460000000000000000e+02
3.000000000000000000e+00 2.970000000000000000e+02
4.000000000000000000e+00 1.518000000000000000e+03
5.000000000000000000e+00 1.130100000000000000e+04
6.000000000000000000e+00 7.581600000000000000e+04
7.000000000000000000e+00 1.320390000000000000e+05
8.000000000000000000e+00 1.592210000000000000e+05
9.000000000000000000e+00 1.894370000000000000e+05
1.000000000000000000e+01 2.186300000000000000e+05
1.100000000000000000e+01 2.387840000000000000e+05
1.200000000000000000e+01 2.504350000000000000e+05
1.300000000000000000e+01 2.598120000000000000e+05
1.400000000000000000e+01 2.671580000000000000e+05
1.500000000000000000e+01 2.784490000000000000e+05
1.600000000000000000e+01 2.992140000000000000e+05
1.700000000000000000e+01 3.307110000000000000e+05
1.800000000000000000e+01 3.745460000000000000e+05
1.900000000000000000e+01 4.353700000000000000e+05
2.000000000000000000e+01 5.100970000000000000e+05
2.100000000000000000e+01 6.027820000000000000e+05
2.200000000000000000e+01 7.068160000000000000e+05
2.300000000000000000e+01 8.043460000000000000e+05
2.400000000000000000e+01 8.834380000000000000e+05
2.500000000000000000e+01 9.244580000000000000e+05
2.600000000000000000e+01 9.239090000000000000e+05
2.700000000000000000e+01 8.913970000000000000e+05
2.800000000000000000e+01 8.413170000000000000e+05
2.900000000000000000e+01 7.864170000000000000e+05
3.000000000000000000e+01 7.280760000000000000e+05
3.100000000000000000e+01 6.742450000000000000e+05
3.200000000000000000e+01 6.266140000000000000e+05
3.300000000000000000e+01 5.817260000000000000e+05
3.400000000000000000e+01 5.414920000000000000e+05
3.500000000000000000e+01 5.041780000000000000e+05
3.600000000000000000e+01 4.692280000000000000e+05
3.700000000000000000e+01 4.338100000000000000e+05
3.800000000000000000e+01 3.996410000000000000e+05
3.900000000000000000e+01 3.650870000000000000e+05
4.000000000000000000e+01 3.306570000000000000e+05
4.100000000000000000e+01 2.947480000000000000e+05
4.200000000000000000e+01 2.591840000000000000e+05
4.300000000000000000e+01 2.217410000000000000e+05
4.400000000000000000e+01 1.867570000000000000e+05
4.500000000000000000e+01 1.525910000000000000e+05
4.600000000000000000e+01 1.197300000000000000e+05
4.700000000000000000e+01 9.056500000000000000e+04
4.800000000000000000e+01 6.550200000000000000e+04
4.900000000000000000e+01 4.574400000000000000e+04
5.000000000000000000e+01 3.037600000000000000e+04
5.100000000000000000e+01 1.891200000000000000e+04
5.200000000000000000e+01 1.132500000000000000e+04
5.300000000000000000e+01 6.469000000000000000e+03
5.400000000000000000e+01 3.438000000000000000e+03
5.500000000000000000e+01 1.865000000000000000e+03
5.600000000000000000e+01 9.940000000000000000e+02
5.700000000000000000e+01 5.430000000000000000e+02
5.800000000000000000e+01 2.590000000000000000e+02
5.900000000000000000e+01 1.520000000000000000e+02
6.000000000000000000e+01 9.100000000000000000e+01
6.100000000000000000e+01 6.900000000000000000e+01
6.200000000000000000e+01 3.800000000000000000e+01
6.300000000000000000e+01 4.600000000000000000e+01
6.400000000000000000e+01 3.200000000000000000e+01
6.500000000000000000e+01 2.800000000000000000e+01
6.600000000000000000e+01 2.300000000000000000e+01
6.700000000000000000e+01 2.800000000000000000e+01
6.800000000000000000e+01 2.100000000000000000e+01
6.900000000000000000e+01 1.700000000000000000e+01
7.000000000000000000e+01 1.800000000000000000e+01
7.100000000000000000e+01 1.500000000000000000e+01
7.200000000000000000e+01 1.200000000000000000e+01
7.300000000000000000e+01 1.100000000000000000e+01
7.400000000000000000e+01 1.200000000000000000e+01
7.500000000000000000e+01 7.000000000000000000e+00
7.600000000000000000e+01 1.900000000000000000e+01
7.700000000000000000e+01 1.200000000000000000e+01
7.800000000000000000e+01 1.300000000000000000e+01
7.900000000000000000e+01 7.000000000000000000e+00
8.000000000000000000e+01 2.100000000000000000e+01
8.100000000000000000e+01 4.000000000000000000e+00
8.200000000000000000e+01 4.000000000000000000e+00
8.300000000000000000e+01 4.000000000000000000e+00
8.400000000000000000e+01 5.000000000000000000e+00
8.500000000000000000e+01 3.000000000000000000e+00
8.600000000000000000e+01 9.000000000000000000e+00
8.700000000000000000e+01 4.000000000000000000e+00
8.800000000000000000e+01 4.000000000000000000e+00
8.900000000000000000e+01 2.000000000000000000e+00
9.000000000000000000e+01 5.000000000000000000e+00
9.100000000000000000e+01 4.000000000000000000e+00
9.200000000000000000e+01 4.000000000000000000e+00
9.300000000000000000e+01 5.000000000000000000e+00
9.400000000000000000e+01 2.000000000000000000e+00
9.500000000000000000e+01 2.000000000000000000e+00
9.600000000000000000e+01 3.000000000000000000e+00
9.700000000000000000e+01 4.000000000000000000e+00
9.800000000000000000e+01 2.000000000000000000e+00
1.020000000000000000e+02 3.000000000000000000e+00
1.040000000000000000e+02 1.000000000000000000e+00
1.060000000000000000e+02 1.000000000000000000e+00
1.110000000000000000e+02 1.000000000000000000e+00
1.150000000000000000e+02 1.000000000000000000e+00
1.250000000000000000e+02 1.000000000000000000e+00
1.390000000000000000e+02 1.000000000000000000e+00
1.630000000000000000e+02 1.000000000000000000e+00
1.660000000000000000e+02 1.000000000000000000e+00
1.710000000000000000e+02 1.000000000000000000e+00
1.800000000000000000e+02 1.000000000000000000e+00
2.110000000000000000e+02 1.000000000000000000e+00
3.680000000000000000e+02 1.000000000000000000e+00
7.460000000000000000e+02 1.000000000000000000e+00
1.339000000000000000e+03 1.000000000000000000e+00
1.356000000000000000e+03 1.000000000000000000e+00
