-4.000000000000000000e+00 6.000000000000000000e+00
-3.000000000000000000e+00 2.000000000000000000e+00
-2.000000000000000000e+00 1.600000000000000000e+01
-1.000000000000000000e+00 5.500000000000000000e+01
0.000000000000000000e+00 1.356000000000000000e+03
1.000000000000000000e+00 9.800000000000000000e+01
2.000000000000000000e+00 1.410000000000000000e+02
3.000000000000000000e+00 2.100000000000000000e+02
4.000000000000000000e+00 1.179000000000000000e+03
5.000000000000000000e+00 8.471000000000000000e+03
6.000000000000000000e+00 5.957100000000000000e+04
7.000000000000000000e+00 1.010190000000000000e+05
8.000000000000000000e+00 1.182310000000000000e+05
9.000000000000000000e+00 1.349630000000000000e+05
1.000000000000000000e+01 1.476890000000000000e+05
1.100000000000000000e+01 1.552480000000000000e+05
1.200000000000000000e+01 1.588570000000000000e+05
1.300000000000000000e+01 1.692270000000000000e+05
1.400000000000000000e+01 1.908790000000000000e+05
1.500000000000000000e+01 2.259400000000000000e+05
1.600000000000000000e+01 2.816350000000000000e+05
1.700000000000000000e+01 3.600540000000000000e+05
1.800000000000000000e+01 4.599400000000000000e+05
1.900000000000000000e+01 5.783160000000000000e+05
2.000000000000000000e+01 7.107540000000000000e+05
2.100000000000000000e+01 8.541880000000000000e+05
2.200000000000000000e+01 1.005070000000000000e+06
2.300000000000000000e+01 1.129386000000000000e+06
2.400000000000000000e+01 1.232699000000000000e+06
2.500000000000000000e+01 1.274358000000000000e+06
2.600000000000000000e+01 1.260834000000000000e+06
2.700000000000000000e+01 1.192026000000000000e+06
2.800000000000000000e+01 1.090909000000000000e+06
2.900000000000000000e+01 9.744740000000000000e+05
3.000000000000000000e+01 8.473800000000000000e+05
3.100000000000000000e+01 7.232140000000000000e+05
3.200000000000000000e+01 6.060550000000000000e+05
3.300000000000000000e+01 4.959960000000000000e+05
3.400000000000000000e+01 3.975550000000000000e+05
3.500000000000000000e+01 3.070150000000000000e+05
3.600000000000000000e+01 2.285080000000000000e+05
3.700000000000000000e+01 1.609460000000000000e+05
3.800000000000000000e+01 1.077600000000000000e+05
3.900000000000000000e+01 6.765900000000000000e+04
4.000000000000000000e+01 3.959000000000000000e+04
4.100000000000000000e+01 2.122500000000000000e+04
4.200000000000000000e+01 1.048600000000000000e+04
4.300000000000000000e+01 4.933000000000000000e+03
4.400000000000000000e+01 2.109000000000000000e+03
4.500000000000000000e+01 9.460000000000000000e+02
4.600000000000000000e+01 4.580000000000000000e+02
4.700000000000000000e+01 2.130000000000000000e+02
4.800000000000000000e+01 1.250000000000000000e+02
4.900000000000000000e+01 1.100000000000000000e+02
5.000000000000000000e+01 4.600000000000000000e+01
5.100000000000000000e+01 8.200000000000000000e+01
5.200000000000000000e+01 3.600000000000000000e+01
5.300000000000000000e+01 8.000000000000000000e+01
5.400000000000000000e+01 3.200000000000000000e+01
5.500000000000000000e+01 6.200000000000000000e+01
5.600000000000000000e+01 2.500000000000000000e+01
5.700000000000000000e+01 4.000000000000000000e+01
5.800000000000000000e+01 2.600000000000000000e+01
5.900000000000000000e+01 3.800000000000000000e+01
6.000000000000000000e+01 1.800000000000000000e+01
6.100000000000000000e+01 4.100000000000000000e+01
6.200000000000000000e+01 9.000000000000000000e+00
6.300000000000000000e+01 2.400000000000000000e+01
6.400000000000000000e+01 2.000000000000000000e+01
6.500000000000000000e+01 2.000000000000000000e+01
6.600000000000000000e+01 1.100000000000000000e+01
6.700000000000000000e+01 1.800000000000000000e+01
6.800000000000000000e+01 1.600000000000000000e+01
6.900000000000000000e+01 1.200000000000000000e+01
7.000000000000000000e+01 1.300000000000000000e+01
7.100000000000000000e+01 8.000000000000000000e+00
7.200000000000000000e+01 7.000000000000000000e+00
7.300000000000000000e+01 1.000000000000000000e+01
7.400000000000000000e+01 9.000000000000000000e+00
7.500000000000000000e+01 1.000000000000000000e+00
7.600000000000000000e+01 6.000000000000000000e+00
7.800000000000000000e+01 3.000000000000000000e+00
7.900000000000000000e+01 1.000000000000000000e+00
8.000000000000000000e+01 4.000000000000000000e+00
8.500000000000000000e+01 1.000000000000000000e+00
8.600000000000000000e+01 1.000000000000000000e+00
1.000000000000000000e+02 1.000000000000000000e+00
1.250000000000000000e+02 1.000000000000000000e+00
1.710000000000000000e+02 1.000000000000000000e+00
1.850000000000000000e+02 1.000000000000000000e+00
2.390000000000000000e+02 1.000000000000000000e+00
2.470000000000000000e+02 1.000000000000000000e+00
2.560000000000000000e+02 1.000000000000000000e+00
2.700000000000000000e+02 1.000000000000000000e+00
6.040000000000000000e+02 1.000000000000000000e+00
1.184000000000000000e+03 1.000000000000000000e+00
1.389000000000000000e+03 1.000000000000000000e+00
2.065000000000000000e+03 1.000000000000000000e+00
2.243000000000000000e+03 1.000000000000000000e+00
