-4.000000000000000000e+00 3.000000000000000000e+00
-3.000000000000000000e+00 2.000000000000000000e+00
-2.000000000000000000e+00 7.000000000000000000e+00
-1.000000000000000000e+00 2.500000000000000000e+01
0.000000000000000000e+00 1.329000000000000000e+03
1.000000000000000000e+00 6.000000000000000000e+01
2.000000000000000000e+00 8.500000000000000000e+01
3.000000000000000000e+00 1.750000000000000000e+02
4.000000000000000000e+00 9.740000000000000000e+02
5.000000000000000000e+00 6.561000000000000000e+03
6.000000000000000000e+00 4.395200000000000000e+04
7.000000000000000000e+00 7.495800000000000000e+04
8.000000000000000000e+00 8.703800000000000000e+04
9.000000000000000000e+00 9.880100000000000000e+04
1.000000000000000000e+01 1.076130000000000000e+05
1.100000000000000000e+01 1.115450000000000000e+05
1.200000000000000000e+01 1.126240000000000000e+05
1.300000000000000000e+01 1.156070000000000000e+05
1.400000000000000000e+01 1.268070000000000000e+05
1.500000000000000000e+01 1.476520000000000000e+05
1.600000000000000000e+01 1.810560000000000000e+05
1.700000000000000000e+01 2.315610000000000000e+05
1.800000000000000000e+01 2.952170000000000000e+05
1.900000000000000000e+01 3.713300000000000000e+05
2.000000000000000000e+01 4.605840000000000000e+05
2.100000000000000000e+01 5.582590000000000000e+05
2.200000000000000000e+01 6.620070000000000000e+05
2.300000000000000000e+01 7.543770000000000000e+05
2.400000000000000000e+01 8.262980000000000000e+05
2.500000000000000000e+01 8.650430000000000000e+05
2.600000000000000000e+01 8.601110000000000000e+05
2.700000000000000000e+01 8.212050000000000000e+05
2.800000000000000000e+01 7.600620000000000000e+05
2.900000000000000000e+01 6.840250000000000000e+05
3.000000000000000000e+01 6.042790000000000000e+05
3.100000000000000000e+01 5.218350000000000000e+05
3.200000000000000000e+01 4.451960000000000000e+05
3.300000000000000000e+01 3.680320000000000000e+05
3.400000000000000000e+01 2.982180000000000000e+05
3.500000000000000000e+01 2.332430000000000000e+05
3.600000000000000000e+01 1.753860000000000000e+05
3.700000000000000000e+01 1.241740000000000000e+05
3.800000000000000000e+01 8.368800000000000000e+04
3.900000000000000000e+01 5.297800000000000000e+04
4.000000000000000000e+01 3.136700000000000000e+04
4.100000000000000000e+01 1.681100000000000000e+04
4.200000000000000000e+01 8.262000000000000000e+03
4.300000000000000000e+01 3.946000000000000000e+03
4.400000000000000000e+01 1.658000000000000000e+03
4.500000000000000000e+01 7.400000000000000000e+02
4.600000000000000000e+01 3.180000000000000000e+02
4.700000000000000000e+01 1.580000000000000000e+02
4.800000000000000000e+01 5.900000000000000000e+01
4.900000000000000000e+01 6.500000000000000000e+01
5.000000000000000000e+01 3.200000000000000000e+01
5.100000000000000000e+01 4.000000000000000000e+01
5.200000000000000000e+01 2.200000000000000000e+01
5.300000000000000000e+01 3.000000000000000000e+01
5.400000000000000000e+01 1.700000000000000000e+01
5.500000000000000000e+01 3.600000000000000000e+01
5.600000000000000000e+01 1.200000000000000000e+01
5.700000000000000000e+01 2.600000000000000000e+01
5.800000000000000000e+01 1.000000000000000000e+01
5.900000000000000000e+01 2.400000000000000000e+01
6.000000000000000000e+01 1.100000000000000000e+01
6.100000000000000000e+01 1.600000000000000000e+01
6.200000000000000000e+01 3.000000000000000000e+00
6.300000000000000000e+01 1.300000000000000000e+01
6.400000000000000000e+01 1.100000000000000000e+01
6.500000000000000000e+01 9.000000000000000000e+00
6.600000000000000000e+01 7.000000000000000000e+00
6.700000000000000000e+01 8.000000000000000000e+00
6.800000000000000000e+01 1.000000000000000000e+00
6.900000000000000000e+01 1.100000000000000000e+01
7.000000000000000000e+01 3.000000000000000000e+00
7.100000000000000000e+01 5.000000000000000000e+00
7.200000000000000000e+01 2.000000000000000000e+00
7.300000000000000000e+01 3.000000000000000000e+00
7.400000000000000000e+01 1.000000000000000000e+00
7.500000000000000000e+01 2.000000000000000000e+00
7.600000000000000000e+01 4.000000000000000000e+00
7.700000000000000000e+01 4.000000000000000000e+00
7.800000000000000000e+01 3.000000000000000000e+00
7.900000000000000000e+01 1.000000000000000000e+00
8.000000000000000000e+01 1.000000000000000000e+00
8.200000000000000000e+01 1.000000000000000000e+00
8.300000000000000000e+01 1.000000000000000000e+00
8.400000000000000000e+01 2.000000000000000000e+00
9.200000000000000000e+01 1.000000000000000000e+00
9.800000000000000000e+01 1.000000000000000000e+00
1.290000000000000000e+02 1.000000000000000000e+00
2.160000000000000000e+02 1.000000000000000000e+00
