-4.000000000000000000e+00 1.000000000000000000e+01
-3.000000000000000000e+00 7.000000000000000000e+00
-2.000000000000000000e+00 2.600000000000000000e+01
-1.000000000000000000e+00 1.030000000000000000e+02
0.000000000000000000e+00 1.404000000000000000e+03
1.000000000000000000e+00 1.830000000000000000e+02
2.000000000000000000e+00 2.680000000000000000e+02
3.000000000000000000e+00 4.120000000000000000e+02
4.000000000000000000e+00 2.173000000000000000e+03
5.000000000000000000e+00 1.577200000000000000e+04
6.000000000000000000e+00 1.116430000000000000e+05
7.000000000000000000e+00 1.926730000000000000e+05
8.000000000000000000e+00 2.307180000000000000e+05
9.000000000000000000e+00 2.728710000000000000e+05
1.000000000000000000e+01 3.151830000000000000e+05
1.100000000000000000e+01 3.454510000000000000e+05
1.200000000000000000e+01 3.649620000000000000e+05
1.300000000000000000e+01 3.817630000000000000e+05
1.400000000000000000e+01 4.012040000000000000e+05
1.500000000000000000e+01 4.258190000000000000e+05
1.600000000000000000e+01 4.654540000000000000e+05
1.700000000000000000e+01 5.287900000000000000e+05
1.800000000000000000e+01 6.139160000000000000e+05
1.900000000000000000e+01 7.195500000000000000e+05
2.000000000000000000e+01 8.487020000000000000e+05
2.100000000000000000e+01 1.000484000000000000e+06
2.200000000000000000e+01 1.164295000000000000e+06
2.300000000000000000e+01 1.309851000000000000e+06
2.400000000000000000e+01 1.417944000000000000e+06
2.500000000000000000e+01 1.455260000000000000e+06
2.600000000000000000e+01 1.429556000000000000e+06
2.700000000000000000e+01 1.358015000000000000e+06
2.800000000000000000e+01 1.263911000000000000e+06
2.900000000000000000e+01 1.168181000000000000e+06
3.000000000000000000e+01 1.065973000000000000e+06
3.100000000000000000e+01 9.756550000000000000e+05
3.200000000000000000e+01 8.959300000000000000e+05
3.300000000000000000e+01 8.244550000000000000e+05
3.400000000000000000e+01 7.604510000000000000e+05
3.500000000000000000e+01 7.009160000000000000e+05
3.600000000000000000e+01 6.468690000000000000e+05
3.700000000000000000e+01 5.911680000000000000e+05
3.800000000000000000e+01 5.413840000000000000e+05
3.900000000000000000e+01 4.897330000000000000e+05
4.000000000000000000e+01 4.395130000000000000e+05
4.100000000000000000e+01 3.885910000000000000e+05
4.200000000000000000e+01 3.395240000000000000e+05
4.300000000000000000e+01 2.883130000000000000e+05
4.400000000000000000e+01 2.391020000000000000e+05
4.500000000000000000e+01 1.928850000000000000e+05
4.600000000000000000e+01 1.505080000000000000e+05
4.700000000000000000e+01 1.133290000000000000e+05
4.800000000000000000e+01 8.146300000000000000e+04
4.900000000000000000e+01 5.543700000000000000e+04
5.000000000000000000e+01 3.594100000000000000e+04
5.100000000000000000e+01 2.231300000000000000e+04
5.200000000000000000e+01 1.307100000000000000e+04
5.300000000000000000e+01 7.429000000000000000e+03
5.400000000000000000e+01 3.969000000000000000e+03
5.500000000000000000e+01 2.176000000000000000e+03
5.600000000000000000e+01 1.130000000000000000e+03
5.700000000000000000e+01 5.910000000000000000e+02
5.800000000000000000e+01 3.050000000000000000e+02
5.900000000000000000e+01 2.140000000000000000e+02
6.000000000000000000e+01 1.140000000000000000e+02
6.100000000000000000e+01 1.160000000000000000e+02
6.200000000000000000e+01 5.000000000000000000e+01
6.300000000000000000e+01 8.100000000000000000e+01
6.400000000000000000e+01 4.100000000000000000e+01
6.500000000000000000e+01 4.100000000000000000e+01
6.600000000000000000e+01 5.200000000000000000e+01
6.700000000000000000e+01 4.500000000000000000e+01
6.800000000000000000e+01 3.600000000000000000e+01
6.900000000000000000e+01 3.000000000000000000e+01
7.000000000000000000e+01 2.400000000000000000e+01
7.100000000000000000e+01 2.900000000000000000e+01
7.200000000000000000e+01 2.200000000000000000e+01
7.300000000000000000e+01 2.700000000000000000e+01
7.400000000000000000e+01 2.000000000000000000e+01
7.500000000000000000e+01 7.000000000000000000e+00
7.600000000000000000e+01 3.500000000000000000e+01
7.700000000000000000e+01 9.000000000000000000e+00
7.800000000000000000e+01 1.700000000000000000e+01
7.900000000000000000e+01 9.000000000000000000e+00
8.000000000000000000e+01 2.500000000000000000e+01
8.100000000000000000e+01 7.000000000000000000e+00
8.200000000000000000e+01 2.200000000000000000e+01
8.300000000000000000e+01 3.000000000000000000e+00
8.400000000000000000e+01 2.100000000000000000e+01
8.600000000000000000e+01 1.200000000000000000e+01
8.700000000000000000e+01 4.000000000000000000e+00
8.800000000000000000e+01 8.000000000000000000e+00
8.900000000000000000e+01 9.000000000000000000e+00
9.000000000000000000e+01 1.200000000000000000e+01
9.100000000000000000e+01 9.000000000000000000e+00
9.200000000000000000e+01 3.000000000000000000e+00
9.300000000000000000e+01 5.000000000000000000e+00
9.400000000000000000e+01 3.000000000000000000e+00
9.500000000000000000e+01 3.000000000000000000e+00
9.600000000000000000e+01 2.000000000000000000e+00
9.700000000000000000e+01 1.000000000000000000e+00
1.030000000000000000e+02 1.000000000000000000e+00
1.050000000000000000e+02 3.000000000000000000e+00
1.150000000000000000e+02 1.000000000000000000e+00
1.230000000000000000e+02 1.000000000000000000e+00
2.330000000000000000e+02 1.000000000000000000e+00
2.610000000000000000e+02 1.000000000000000000e+00
5.600000000000000000e+02 1.000000000000000000e+00
7.340000000000000000e+02 1.000000000000000000e+00
