-4.000000000000000000e+00 1.000000000000000000e+00
-3.000000000000000000e+00 3.000000000000000000e+00
-2.000000000000000000e+00 7.000000000000000000e+00
-1.000000000000000000e+00 3.300000000000000000e+01
0.000000000000000000e+00 1.342000000000000000e+03
1.000000000000000000e+00 6.800000000000000000e+01
2.000000000000000000e+00 7.200000000000000000e+01
3.000000000000000000e+00 1.570000000000000000e+02
4.000000000000000000e+00 9.340000000000000000e+02
5.000000000000000000e+00 6.666000000000000000e+03
6.000000000000000000e+00 4.366000000000000000e+04
7.000000000000000000e+00 7.417600000000000000e+04
8.000000000000000000e+00 8.684900000000000000e+04
9.000000000000000000e+00 9.814600000000000000e+04
1.000000000000000000e+01 1.084050000000000000e+05
1.100000000000000000e+01 1.106390000000000000e+05
1.200000000000000000e+01 1.125670000000000000e+05
1.300000000000000000e+01 1.166140000000000000e+05
1.400000000000000000e+01 1.265300000000000000e+05
1.500000000000000000e+01 1.476060000000000000e+05
1.600000000000000000e+01 1.807640000000000000e+05
1.700000000000000000e+01 2.295830000000000000e+05
1.800000000000000000e+01 2.942930000000000000e+05
1.900000000000000000e+01 3.712840000000000000e+05
2.000000000000000000e+01 4.594680000000000000e+05
2.100000000000000000e+01 5.584530000000000000e+05
2.200000000000000000e+01 6.608860000000000000e+05
2.300000000000000000e+01 7.520520000000000000e+05
2.400000000000000000e+01 8.274690000000000000e+05
2.500000000000000000e+01 8.627680000000000000e+05
2.600000000000000000e+01 8.594540000000000000e+05
2.700000000000000000e+01 8.215250000000000000e+05
2.800000000000000000e+01 7.594620000000000000e+05
2.900000000000000000e+01 6.848680000000000000e+05
3.000000000000000000e+01 6.053800000000000000e+05
3.100000000000000000e+01 5.222250000000000000e+05
3.200000000000000000e+01 4.433670000000000000e+05
3.300000000000000000e+01 3.690590000000000000e+05
3.400000000000000000e+01 2.981980000000000000e+05
3.500000000000000000e+01 2.324380000000000000e+05
3.600000000000000000e+01 1.748730000000000000e+05
3.700000000000000000e+01 1.240710000000000000e+05
3.800000000000000000e+01 8.377800000000000000e+04
3.900000000000000000e+01 5.336100000000000000e+04
4.000000000000000000e+01 3.122800000000000000e+04
4.100000000000000000e+01 1.704500000000000000e+04
4.200000000000000000e+01 8.452000000000000000e+03
4.300000000000000000e+01 3.832000000000000000e+03
4.400000000000000000e+01 1.745000000000000000e+03
4.500000000000000000e+01 7.280000000000000000e+02
4.600000000000000000e+01 2.970000000000000000e+02
4.700000000000000000e+01 1.410000000000000000e+02
4.800000000000000000e+01 7.900000000000000000e+01
4.900000000000000000e+01 6.600000000000000000e+01
5.000000000000000000e+01 3.400000000000000000e+01
5.100000000000000000e+01 4.400000000000000000e+01
5.200000000000000000e+01 1.900000000000000000e+01
5.300000000000000000e+01 3.900000000000000000e+01
5.400000000000000000e+01 1.900000000000000000e+01
5.500000000000000000e+01 3.000000000000000000e+01
5.600000000000000000e+01 1.500000000000000000e+01
5.700000000000000000e+01 1.900000000000000000e+01
5.800000000000000000e+01 9.000000000000000000e+00
5.900000000000000000e+01 2.100000000000000000e+01
6.000000000000000000e+01 1.200000000000000000e+01
6.100000000000000000e+01 1.800000000000000000e+01
6.200000000000000000e+01 5.000000000000000000e+00
6.300000000000000000e+01 1.000000000000000000e+01
6.400000000000000000e+01 6.000000000000000000e+00
6.500000000000000000e+01 1.000000000000000000e+01
6.600000000000000000e+01 5.000000000000000000e+00
6.700000000000000000e+01 8.000000000000000000e+00
6.800000000000000000e+01 2.000000000000000000e+00
6.900000000000000000e+01 5.000000000000000000e+00
7.000000000000000000e+01 2.000000000000000000e+00
7.100000000000000000e+01 7.000000000000000000e+00
7.200000000000000000e+01 2.000000000000000000e+00
7.300000000000000000e+01 3.000000000000000000e+00
7.400000000000000000e+01 2.000000000000000000e+00
7.500000000000000000e+01 1.000000000000000000e+00
7.600000000000000000e+01 2.000000000000000000e+00
7.700000000000000000e+01 3.000000000000000000e+00
7.800000000000000000e+01 3.000000000000000000e+00
8.000000000000000000e+01 2.000000000000000000e+00
8.100000000000000000e+01 2.000000000000000000e+00
8.200000000000000000e+01 2.000000000000000000e+00
8.300000000000000000e+01 1.000000000000000000e+00
8.400000000000000000e+01 1.000000000000000000e+00
8.600000000000000000e+01 1.000000000000000000e+00
1.010000000000000000e+02 1.000000000000000000e+00
1.140000000000000000e+02 1.000000000000000000e+00
1.150000000000000000e+02 1.000000000000000000e+00
1.170000000000000000e+02 1.000000000000000000e+00
1.190000000000000000e+02 1.000000000000000000e+00
1.510000000000000000e+02 1.000000000000000000e+00
1.580000000000000000e+02 1.000000000000000000e+00
1.650000000000000000e+02 1.000000000000000000e+00
1.820000000000000000e+02 1.000000000000000000e+00
2.200000000000000000e+02 1.000000000000000000e+00
2.770000000000000000e+02 1.000000000000000000e+00
3.940000000000000000e+02 1.000000000000000000e+00
1.287000000000000000e+03 1.000000000000000000e+00
1.351000000000000000e+03 1.000000000000000000e+00
2.452000000000000000e+03 1.000000000000000000e+00
