-4.000000000000000000e+00 2.000000000000000000e+00
-2.000000000000000000e+00 1.100000000000000000e+01
-1.000000000000000000e+00 1.900000000000000000e+01
0.000000000000000000e+00 1.351000000000000000e+03
1.000000000000000000e+00 7.300000000000000000e+01
2.000000000000000000e+00 1.110000000000000000e+02
3.000000000000000000e+00 1.490000000000000000e+02
4.000000000000000000e+00 6.940000000000000000e+02
5.000000000000000000e+00 3.977000000000000000e+03
6.000000000000000000e+00 2.392300000000000000e+04
7.000000000000000000e+00 4.514800000000000000e+04
8.000000000000000000e+00 6.402200000000000000e+04
9.000000000000000000e+00 9.290600000000000000e+04
1.000000000000000000e+01 1.310960000000000000e+05
1.100000000000000000e+01 1.821140000000000000e+05
1.200000000000000000e+01 2.495700000000000000e+05
1.300000000000000000e+01 3.383940000000000000e+05
1.400000000000000000e+01 4.521410000000000000e+05
1.500000000000000000e+01 5.885390000000000000e+05
1.600000000000000000e+01 7.571270000000000000e+05
1.700000000000000000e+01 9.584800000000000000e+05
1.800000000000000000e+01 1.179372000000000000e+06
1.900000000000000000e+01 1.383375000000000000e+06
2.000000000000000000e+01 1.543470000000000000e+06
2.100000000000000000e+01 1.625074000000000000e+06
2.200000000000000000e+01 1.594761000000000000e+06
2.300000000000000000e+01 1.425991000000000000e+06
2.400000000000000000e+01 1.143833000000000000e+06
2.500000000000000000e+01 7.968000000000000000e+05
2.600000000000000000e+01 4.813570000000000000e+05
2.700000000000000000e+01 2.532820000000000000e+05
2.800000000000000000e+01 1.200900000000000000e+05
2.900000000000000000e+01 5.637100000000000000e+04
3.000000000000000000e+01 2.676800000000000000e+04
3.100000000000000000e+01 1.274900000000000000e+04
3.200000000000000000e+01 5.764000000000000000e+03
3.300000000000000000e+01 2.508000000000000000e+03
3.400000000000000000e+01 1.006000000000000000e+03
3.500000000000000000e+01 3.680000000000000000e+02
3.600000000000000000e+01 1.650000000000000000e+02
3.700000000000000000e+01 8.500000000000000000e+01
3.800000000000000000e+01 7.900000000000000000e+01
3.900000000000000000e+01 2.600000000000000000e+01
4.000000000000000000e+01 8.300000000000000000e+01
4.100000000000000000e+01 7.500000000000000000e+01
4.200000000000000000e+01 3.700000000000000000e+01
4.300000000000000000e+01 5.000000000000000000e+01
4.400000000000000000e+01 2.800000000000000000e+01
4.500000000000000000e+01 3.300000000000000000e+01
4.600000000000000000e+01 3.200000000000000000e+01
4.700000000000000000e+01 2.500000000000000000e+01
4.800000000000000000e+01 1.400000000000000000e+01
4.900000000000000000e+01 3.300000000000000000e+01
5.000000000000000000e+01 1.600000000000000000e+01
5.100000000000000000e+01 2.300000000000000000e+01
5.200000000000000000e+01 9.000000000000000000e+00
5.300000000000000000e+01 1.200000000000000000e+01
5.400000000000000000e+01 7.000000000000000000e+00
5.500000000000000000e+01 1.300000000000000000e+01
5.600000000000000000e+01 1.200000000000000000e+01
5.700000000000000000e+01 1.100000000000000000e+01
5.800000000000000000e+01 3.000000000000000000e+00
5.900000000000000000e+01 1.000000000000000000e+00
6.000000000000000000e+01 1.000000000000000000e+00
6.100000000000000000e+01 1.000000000000000000e+00
6.200000000000000000e+01 3.000000000000000000e+00
6.300000000000000000e+01 1.000000000000000000e+00
6.800000000000000000e+01 1.000000000000000000e+00
6.900000000000000000e+01 1.000000000000000000e+00
7.700000000000000000e+01 1.000000000000000000e+00
7.900000000000000000e+01 1.000000000000000000e+00
8.400000000000000000e+01 1.000000000000000000e+00
8.500000000000000000e+01 1.000000000000000000e+00
9.600000000000000000e+01 1.000000000000000000e+00
1.000000000000000000e+02 1.000000000000000000e+00
1.020000000000000000e+02 1.000000000000000000e+00
1.030000000000000000e+02 1.000000000000000000e+00
1.130000000000000000e+02 2.000000000000000000e+00
1.250000000000000000e+02 1.000000000000000000e+00
1.570000000000000000e+02 2.000000000000000000e+00
1.600000000000000000e+02 1.000000000000000000e+00
1.760000000000000000e+02 1.000000000000000000e+00
1.950000000000000000e+02 1.000000000000000000e+00
2.020000000000000000e+02 1.000000000000000000e+00
2.120000000000000000e+02 1.000000000000000000e+00
2.190000000000000000e+02 1.000000000000000000e+00
2.650000000000000000e+02 1.000000000000000000e+00
2.970000000000000000e+02 1.000000000000000000e+00
3.270000000000000000e+02 1.000000000000000000e+00
3.460000000000000000e+02 1.000000000000000000e+00
3.490000000000000000e+02 1.000000000000000000e+00
3.670000000000000000e+02 1.000000000000000000e+00
3.810000000000000000e+02 1.000000000000000000e+00
4.660000000000000000e+02 1.000000000000000000e+00
5.250000000000000000e+02 1.000000000000000000e+00
1.909000000000000000e+03 1.000000000000000000e+00
3.671000000000000000e+03 1.000000000000000000e+00
