-4.000000000000000000e+00 9.000000000000000000e+00
-3.000000000000000000e+00 8.000000000000000000e+00
-2.000000000000000000e+00 2.600000000000000000e+01
-1.000000000000000000e+00 1.030000000000000000e+02
0.000000000000000000e+00 1.407000000000000000e+03
1.000000000000000000e+00 1.780000000000000000e+02
2.000000000000000000e+00 2.590000000000000000e+02
3.000000000000000000e+00 3.990000000000000000e+02
4.000000000000000000e+00 2.004000000000000000e+03
5.000000000000000000e+00 1.573900000000000000e+04
6.000000000000000000e+00 1.104500000000000000e+05
7.000000000000000000e+00 1.908780000000000000e+05
8.000000000000000000e+00 2.301320000000000000e+05
9.000000000000000000e+00 2.727980000000000000e+05
1.000000000000000000e+01 3.145490000000000000e+05
1.100000000000000000e+01 3.424240000000000000e+05
1.200000000000000000e+01 3.634270000000000000e+05
1.300000000000000000e+01 3.788930000000000000e+05
1.400000000000000000e+01 3.962340000000000000e+05
1.500000000000000000e+01 4.201820000000000000e+05
1.600000000000000000e+01 4.574300000000000000e+05
1.700000000000000000e+01 5.172750000000000000e+05
1.800000000000000000e+01 6.004280000000000000e+05
1.900000000000000000e+01 6.993190000000000000e+05
2.000000000000000000e+01 8.272420000000000000e+05
2.100000000000000000e+01 9.785370000000000000e+05
2.200000000000000000e+01 1.137662000000000000e+06
2.300000000000000000e+01 1.285817000000000000e+06
2.400000000000000000e+01 1.403121000000000000e+06
2.500000000000000000e+01 1.450843000000000000e+06
2.600000000000000000e+01 1.435413000000000000e+06
2.700000000000000000e+01 1.368101000000000000e+06
2.800000000000000000e+01 1.276202000000000000e+06
2.900000000000000000e+01 1.181573000000000000e+06
3.000000000000000000e+01 1.079429000000000000e+06
3.100000000000000000e+01 9.871230000000000000e+05
3.200000000000000000e+01 9.057780000000000000e+05
3.300000000000000000e+01 8.318810000000000000e+05
3.400000000000000000e+01 7.676310000000000000e+05
3.500000000000000000e+01 7.083260000000000000e+05
3.600000000000000000e+01 6.535710000000000000e+05
3.700000000000000000e+01 5.990400000000000000e+05
3.800000000000000000e+01 5.482870000000000000e+05
3.900000000000000000e+01 4.976700000000000000e+05
4.000000000000000000e+01 4.478190000000000000e+05
4.100000000000000000e+01 3.975880000000000000e+05
4.200000000000000000e+01 3.465440000000000000e+05
4.300000000000000000e+01 2.948180000000000000e+05
4.400000000000000000e+01 2.470230000000000000e+05
4.500000000000000000e+01 1.998300000000000000e+05
4.600000000000000000e+01 1.569220000000000000e+05
4.700000000000000000e+01 1.191510000000000000e+05
4.800000000000000000e+01 8.557100000000000000e+04
4.900000000000000000e+01 5.962000000000000000e+04
5.000000000000000000e+01 3.887500000000000000e+04
5.100000000000000000e+01 2.408400000000000000e+04
5.200000000000000000e+01 1.443700000000000000e+04
5.300000000000000000e+01 8.209000000000000000e+03
5.400000000000000000e+01 4.309000000000000000e+03
5.500000000000000000e+01 2.481000000000000000e+03
5.600000000000000000e+01 1.246000000000000000e+03
5.700000000000000000e+01 6.810000000000000000e+02
5.800000000000000000e+01 3.500000000000000000e+02
5.900000000000000000e+01 2.470000000000000000e+02
6.000000000000000000e+01 1.370000000000000000e+02
6.100000000000000000e+01 1.150000000000000000e+02
6.200000000000000000e+01 6.200000000000000000e+01
6.300000000000000000e+01 7.600000000000000000e+01
6.400000000000000000e+01 4.200000000000000000e+01
6.500000000000000000e+01 5.700000000000000000e+01
6.600000000000000000e+01 3.800000000000000000e+01
6.700000000000000000e+01 3.900000000000000000e+01
6.800000000000000000e+01 3.500000000000000000e+01
6.900000000000000000e+01 3.200000000000000000e+01
7.000000000000000000e+01 3.200000000000000000e+01
7.100000000000000000e+01 3.000000000000000000e+01
7.200000000000000000e+01 2.400000000000000000e+01
7.300000000000000000e+01 2.500000000000000000e+01
7.400000000000000000e+01 2.100000000000000000e+01
7.500000000000000000e+01 1.200000000000000000e+01
7.600000000000000000e+01 2.400000000000000000e+01
7.700000000000000000e+01 1.200000000000000000e+01
7.800000000000000000e+01 2.400000000000000000e+01
7.900000000000000000e+01 7.000000000000000000e+00
8.000000000000000000e+01 2.100000000000000000e+01
8.100000000000000000e+01 8.000000000000000000e+00
8.200000000000000000e+01 1.300000000000000000e+01
8.300000000000000000e+01 4.000000000000000000e+00
8.400000000000000000e+01 2.000000000000000000e+01
8.500000000000000000e+01 6.000000000000000000e+00
8.600000000000000000e+01 1.700000000000000000e+01
8.700000000000000000e+01 6.000000000000000000e+00
8.800000000000000000e+01 3.000000000000000000e+00
8.900000000000000000e+01 7.000000000000000000e+00
9.000000000000000000e+01 4.000000000000000000e+00
9.100000000000000000e+01 4.000000000000000000e+00
9.200000000000000000e+01 4.000000000000000000e+00
9.300000000000000000e+01 4.000000000000000000e+00
9.400000000000000000e+01 8.000000000000000000e+00
9.500000000000000000e+01 6.000000000000000000e+00
9.600000000000000000e+01 4.000000000000000000e+00
9.700000000000000000e+01 4.000000000000000000e+00
9.800000000000000000e+01 1.000000000000000000e+00
9.900000000000000000e+01 1.000000000000000000e+00
1.000000000000000000e+02 1.000000000000000000e+00
1.010000000000000000e+02 3.000000000000000000e+00
1.020000000000000000e+02 1.000000000000000000e+00
1.050000000000000000e+02 1.000000000000000000e+00
1.070000000000000000e+02 1.000000000000000000e+00
1.350000000000000000e+02 1.000000000000000000e+00
1.360000000000000000e+02 1.000000000000000000e+00
1.600000000000000000e+02 1.000000000000000000e+00
1.690000000000000000e+02 1.000000000000000000e+00
1.730000000000000000e+02 1.000000000000000000e+00
1.870000000000000000e+02 1.000000000000000000e+00
1.880000000000000000e+02 1.000000000000000000e+00
2.630000000000000000e+02 1.000000000000000000e+00
5.540000000000000000e+02 1.000000000000000000e+00
5.580000000000000000e+02 1.000000000000000000e+00
5.650000000000000000e+02 1.000000000000000000e+00
6.830000000000000000e+02 1.000000000000000000e+00
6.990000000000000000e+02 1.000000000000000000e+00
3.929000000000000000e+03 1.000000000000000000e+00
