-4.000000000000000000e+00 1.000000000000000000e+00
-2.000000000000000000e+00 5.000000000000000000e+00
-1.000000000000000000e+00 6.000000000000000000e+00
0.000000000000000000e+00 1.325000000000000000e+03
1.000000000000000000e+00 2.100000000000000000e+01
2.000000000000000000e+00 2.800000000000000000e+01
3.000000000000000000e+00 7.500000000000000000e+01
4.000000000000000000e+00 5.060000000000000000e+02
5.000000000000000000e+00 2.561000000000000000e+03
6.000000000000000000e+00 1.351600000000000000e+04
7.000000000000000000e+00 2.496500000000000000e+04
8.000000000000000000e+00 3.589400000000000000e+04
9.000000000000000000e+00 5.146400000000000000e+04
1.000000000000000000e+01 7.279700000000000000e+04
1.100000000000000000e+01 9.945600000000000000e+04
1.200000000000000000e+01 1.361680000000000000e+05
1.300000000000000000e+01 1.842660000000000000e+05
1.400000000000000000e+01 2.443920000000000000e+05
1.500000000000000000e+01 3.161380000000000000e+05
1.600000000000000000e+01 4.028810000000000000e+05
1.700000000000000000e+01 5.064220000000000000e+05
1.800000000000000000e+01 6.171010000000000000e+05
1.900000000000000000e+01 7.154890000000000000e+05
2.000000000000000000e+01 7.826660000000000000e+05
2.100000000000000000e+01 8.016830000000000000e+05
2.200000000000000000e+01 7.637480000000000000e+05
2.300000000000000000e+01 6.544930000000000000e+05
2.400000000000000000e+01 4.983620000000000000e+05
2.500000000000000000e+01 3.263880000000000000e+05
2.600000000000000000e+01 1.837470000000000000e+05
2.700000000000000000e+01 9.152000000000000000e+04
2.800000000000000000e+01 4.264600000000000000e+04
2.900000000000000000e+01 2.037500000000000000e+04
3.000000000000000000e+01 9.873000000000000000e+03
3.100000000000000000e+01 4.667000000000000000e+03
3.200000000000000000e+01 2.009000000000000000e+03
3.300000000000000000e+01 8.290000000000000000e+02
3.400000000000000000e+01 3.220000000000000000e+02
3.500000000000000000e+01 1.170000000000000000e+02
3.600000000000000000e+01 4.100000000000000000e+01
3.700000000000000000e+01 2.100000000000000000e+01
3.800000000000000000e+01 1.700000000000000000e+01
3.900000000000000000e+01 8.000000000000000000e+00
4.000000000000000000e+01 1.500000000000000000e+01
4.100000000000000000e+01 1.000000000000000000e+01
4.200000000000000000e+01 1.200000000000000000e+01
4.300000000000000000e+01 9.000000000000000000e+00
4.400000000000000000e+01 7.000000000000000000e+00
4.500000000000000000e+01 4.000000000000000000e+00
4.600000000000000000e+01 5.000000000000000000e+00
4.700000000000000000e+01 6.000000000000000000e+00
4.800000000000000000e+01 2.000000000000000000e+00
4.900000000000000000e+01 6.000000000000000000e+00
5.000000000000000000e+01 2.000000000000000000e+00
5.100000000000000000e+01 8.000000000000000000e+00
5.300000000000000000e+01 1.000000000000000000e+00
5.400000000000000000e+01 1.000000000000000000e+00
5.600000000000000000e+01 1.000000000000000000e+00
5.700000000000000000e+01 3.000000000000000000e+00
5.800000000000000000e+01 1.000000000000000000e+00
5.900000000000000000e+01 1.000000000000000000e+00
6.000000000000000000e+01 2.000000000000000000e+00
6.200000000000000000e+01 1.000000000000000000e+00
6.700000000000000000e+01 1.000000000000000000e+00
6.800000000000000000e+01 2.000000000000000000e+00
7.000000000000000000e+01 2.000000000000000000e+00
7.500000000000000000e+01 1.000000000000000000e+00
7.800000000000000000e+01 1.000000000000000000e+00
8.000000000000000000e+01 1.000000000000000000e+00
8.100000000000000000e+01 1.000000000000000000e+00
8.300000000000000000e+01 1.000000000000000000e+00
8.400000000000000000e+01 2.000000000000000000e+00
8.600000000000000000e+01 1.000000000000000000e+00
9.600000000000000000e+01 1.000000000000000000e+00
1.030000000000000000e+02 1.000000000000000000e+00
1.060000000000000000e+02 1.000000000000000000e+00
1.110000000000000000e+02 1.000000000000000000e+00
1.120000000000000000e+02 1.000000000000000000e+00
1.160000000000000000e+02 1.000000000000000000e+00
1.210000000000000000e+02 2.000000000000000000e+00
1.290000000000000000e+02 1.000000000000000000e+00
1.390000000000000000e+02 1.000000000000000000e+00
1.520000000000000000e+02 1.000000000000000000e+00
1.570000000000000000e+02 1.000000000000000000e+00
1.680000000000000000e+02 1.000000000000000000e+00
1.760000000000000000e+02 1.000000000000000000e+00
1.850000000000000000e+02 1.000000000000000000e+00
1.920000000000000000e+02 1.000000000000000000e+00
2.040000000000000000e+02 1.000000000000000000e+00
2.420000000000000000e+02 1.000000000000000000e+00
2.700000000000000000e+02 1.000000000000000000e+00
2.960000000000000000e+02 1.000000000000000000e+00
3.020000000000000000e+02 1.000000000000000000e+00
3.090000000000000000e+02 1.000000000000000000e+00
3.150000000000000000e+02 1.000000000000000000e+00
3.300000000000000000e+02 1.000000000000000000e+00
7.980000000000000000e+02 1.000000000000000000e+00
8.470000000000000000e+02 1.000000000000000000e+00
9.840000000000000000e+02 1.000000000000000000e+00
1.032000000000000000e+03 1.000000000000000000e+00
1.193000000000000000e+03 1.000000000000000000e+00
1.557000000000000000e+03 1.000000000000000000e+00
1.922000000000000000e+03 1.000000000000000000e+00
