-4.000000000000000000e+00 1.000000000000000000e+00
-3.000000000000000000e+00 3.000000000000000000e+00
-2.000000000000000000e+00 1.100000000000000000e+01
-1.000000000000000000e+00 4.700000000000000000e+01
0.000000000000000000e+00 1.356000000000000000e+03
1.000000000000000000e+00 1.010000000000000000e+02
2.000000000000000000e+00 1.280000000000000000e+02
3.000000000000000000e+00 1.910000000000000000e+02
4.000000000000000000e+00 1.111000000000000000e+03
5.000000000000000000e+00 8.257000000000000000e+03
6.000000000000000000e+00 5.787300000000000000e+04
7.000000000000000000e+00 9.803600000000000000e+04
8.000000000000000000e+00 1.144030000000000000e+05
9.000000000000000000e+00 1.308480000000000000e+05
1.000000000000000000e+01 1.439570000000000000e+05
1.100000000000000000e+01 1.506460000000000000e+05
1.200000000000000000e+01 1.558170000000000000e+05
1.300000000000000000e+01 1.650490000000000000e+05
1.400000000000000000e+01 1.863330000000000000e+05
1.500000000000000000e+01 2.205010000000000000e+05
1.600000000000000000e+01 2.758620000000000000e+05
1.700000000000000000e+01 3.509150000000000000e+05
1.800000000000000000e+01 4.504120000000000000e+05
1.900000000000000000e+01 5.647130000000000000e+05
2.000000000000000000e+01 6.930560000000000000e+05
2.100000000000000000e+01 8.340790000000000000e+05
2.200000000000000000e+01 9.777240000000000000e+05
2.300000000000000000e+01 1.103326000000000000e+06
2.400000000000000000e+01 1.197836000000000000e+06
2.500000000000000000e+01 1.238022000000000000e+06
2.600000000000000000e+01 1.218064000000000000e+06
2.700000000000000000e+01 1.148904000000000000e+06
2.800000000000000000e+01 1.053316000000000000e+06
2.900000000000000000e+01 9.396170000000000000e+05
3.000000000000000000e+01 8.146960000000000000e+05
3.100000000000000000e+01 6.949170000000000000e+05
3.200000000000000000e+01 5.838040000000000000e+05
3.300000000000000000e+01 4.768730000000000000e+05
3.400000000000000000e+01 3.824100000000000000e+05
3.500000000000000000e+01 2.953900000000000000e+05
3.600000000000000000e+01 2.183010000000000000e+05
3.700000000000000000e+01 1.540350000000000000e+05
3.800000000000000000e+01 1.026750000000000000e+05
3.900000000000000000e+01 6.472900000000000000e+04
4.000000000000000000e+01 3.744700000000000000e+04
4.100000000000000000e+01 2.025400000000000000e+04
4.200000000000000000e+01 1.013900000000000000e+04
4.300000000000000000e+01 4.607000000000000000e+03
4.400000000000000000e+01 1.987000000000000000e+03
4.500000000000000000e+01 8.950000000000000000e+02
4.600000000000000000e+01 4.030000000000000000e+02
4.700000000000000000e+01 1.980000000000000000e+02
4.800000000000000000e+01 1.010000000000000000e+02
4.900000000000000000e+01 9.000000000000000000e+01
5.000000000000000000e+01 3.900000000000000000e+01
5.100000000000000000e+01 5.800000000000000000e+01
5.200000000000000000e+01 4.500000000000000000e+01
5.300000000000000000e+01 7.600000000000000000e+01
5.400000000000000000e+01 3.000000000000000000e+01
5.500000000000000000e+01 5.700000000000000000e+01
5.600000000000000000e+01 2.400000000000000000e+01
5.700000000000000000e+01 3.700000000000000000e+01
5.800000000000000000e+01 1.400000000000000000e+01
5.900000000000000000e+01 5.000000000000000000e+01
6.000000000000000000e+01 1.400000000000000000e+01
6.100000000000000000e+01 2.100000000000000000e+01
6.200000000000000000e+01 9.000000000000000000e+00
6.300000000000000000e+01 4.400000000000000000e+01
6.400000000000000000e+01 1.900000000000000000e+01
6.500000000000000000e+01 1.700000000000000000e+01
6.600000000000000000e+01 1.700000000000000000e+01
6.700000000000000000e+01 8.000000000000000000e+00
6.800000000000000000e+01 6.000000000000000000e+00
6.900000000000000000e+01 1.100000000000000000e+01
7.000000000000000000e+01 9.000000000000000000e+00
7.100000000000000000e+01 7.000000000000000000e+00
7.200000000000000000e+01 7.000000000000000000e+00
7.300000000000000000e+01 1.100000000000000000e+01
7.400000000000000000e+01 5.000000000000000000e+00
7.600000000000000000e+01 6.000000000000000000e+00
7.700000000000000000e+01 2.000000000000000000e+00
7.800000000000000000e+01 3.000000000000000000e+00
8.000000000000000000e+01 1.000000000000000000e+00
8.300000000000000000e+01 1.000000000000000000e+00
8.500000000000000000e+01 1.000000000000000000e+00
9.400000000000000000e+01 1.000000000000000000e+00
9.500000000000000000e+01 1.000000000000000000e+00
1.000000000000000000e+02 1.000000000000000000e+00
1.110000000000000000e+02 1.000000000000000000e+00
1.350000000000000000e+02 1.000000000000000000e+00
1.490000000000000000e+02 1.000000000000000000e+00
2.020000000000000000e+02 1.000000000000000000e+00
2.310000000000000000e+02 1.000000000000000000e+00
2.380000000000000000e+02 1.000000000000000000e+00
4.830000000000000000e+02 1.000000000000000000e+00
5.030000000000000000e+02 1.000000000000000000e+00
1.049000000000000000e+03 1.000000000000000000e+00
1.131000000000000000e+03 1.000000000000000000e+00
1.959000000000000000e+03 1.000000000000000000e+00
