-4.000000000000000000e+00 2.000000000000000000e+00
-3.000000000000000000e+00 1.000000000000000000e+00
-2.000000000000000000e+00 5.000000000000000000e+00
-1.000000000000000000e+00 2.500000000000000000e+01
0.000000000000000000e+00 1.344000000000000000e+03
1.000000000000000000e+00 5.800000000000000000e+01
2.000000000000000000e+00 8.700000000000000000e+01
3.000000000000000000e+00 1.540000000000000000e+02
4.000000000000000000e+00 7.210000000000000000e+02
5.000000000000000000e+00 3.965000000000000000e+03
6.000000000000000000e+00 2.425700000000000000e+04
7.000000000000000000e+00 4.567400000000000000e+04
8.000000000000000000e+00 6.486300000000000000e+04
9.000000000000000000e+00 9.348600000000000000e+04
1.000000000000000000e+01 1.328320000000000000e+05
1.100000000000000000e+01 1.834710000000000000e+05
1.200000000000000000e+01 2.516520000000000000e+05
1.300000000000000000e+01 3.415240000000000000e+05
1.400000000000000000e+01 4.549540000000000000e+05
1.500000000000000000e+01 5.922750000000000000e+05
1.600000000000000000e+01 7.597950000000000000e+05
1.700000000000000000e+01 9.645960000000000000e+05
1.800000000000000000e+01 1.182487000000000000e+06
1.900000000000000000e+01 1.390800000000000000e+06
2.000000000000000000e+01 1.548890000000000000e+06
2.100000000000000000e+01 1.632178000000000000e+06
2.200000000000000000e+01 1.602812000000000000e+06
2.300000000000000000e+01 1.431794000000000000e+06
2.400000000000000000e+01 1.149582000000000000e+06
2.500000000000000000e+01 8.003070000000000000e+05
2.600000000000000000e+01 4.815940000000000000e+05
2.700000000000000000e+01 2.533970000000000000e+05
2.800000000000000000e+01 1.209480000000000000e+05
2.900000000000000000e+01 5.572800000000000000e+04
3.000000000000000000e+01 2.673400000000000000e+04
3.100000000000000000e+01 1.297000000000000000e+04
3.200000000000000000e+01 5.771000000000000000e+03
3.300000000000000000e+01 2.369000000000000000e+03
3.400000000000000000e+01 9.750000000000000000e+02
3.500000000000000000e+01 3.210000000000000000e+02
3.600000000000000000e+01 1.700000000000000000e+02
3.700000000000000000e+01 7.400000000000000000e+01
3.800000000000000000e+01 8.700000000000000000e+01
3.900000000000000000e+01 2.100000000000000000e+01
4.000000000000000000e+01 6.600000000000000000e+01
4.100000000000000000e+01 5.400000000000000000e+01
4.200000000000000000e+01 5.100000000000000000e+01
4.300000000000000000e+01 5.300000000000000000e+01
4.400000000000000000e+01 3.700000000000000000e+01
4.500000000000000000e+01 4.200000000000000000e+01
4.600000000000000000e+01 4.400000000000000000e+01
4.700000000000000000e+01 3.300000000000000000e+01
4.800000000000000000e+01 1.400000000000000000e+01
4.900000000000000000e+01 4.300000000000000000e+01
5.000000000000000000e+01 1.700000000000000000e+01
5.100000000000000000e+01 3.100000000000000000e+01
5.200000000000000000e+01 9.000000000000000000e+00
5.300000000000000000e+01 1.200000000000000000e+01
5.400000000000000000e+01 4.000000000000000000e+00
5.500000000000000000e+01 7.000000000000000000e+00
5.600000000000000000e+01 3.000000000000000000e+00
5.700000000000000000e+01 6.000000000000000000e+00
5.800000000000000000e+01 3.000000000000000000e+00
5.900000000000000000e+01 6.000000000000000000e+00
6.000000000000000000e+01 2.000000000000000000e+00
6.100000000000000000e+01 1.000000000000000000e+00
6.200000000000000000e+01 2.000000000000000000e+00
6.300000000000000000e+01 1.000000000000000000e+00
6.400000000000000000e+01 1.000000000000000000e+00
6.600000000000000000e+01 1.000000000000000000e+00
6.800000000000000000e+01 2.000000000000000000e+00
6.900000000000000000e+01 1.000000000000000000e+00
7.000000000000000000e+01 2.000000000000000000e+00
7.100000000000000000e+01 1.000000000000000000e+00
7.600000000000000000e+01 1.000000000000000000e+00
7.700000000000000000e+01 1.000000000000000000e+00
8.000000000000000000e+01 1.000000000000000000e+00
8.600000000000000000e+01 1.000000000000000000e+00
9.600000000000000000e+01 1.000000000000000000e+00
9.700000000000000000e+01 1.000000000000000000e+00
1.010000000000000000e+02 2.000000000000000000e+00
1.040000000000000000e+02 1.000000000000000000e+00
1.050000000000000000e+02 1.000000000000000000e+00
1.130000000000000000e+02 1.000000000000000000e+00
1.260000000000000000e+02 1.000000000000000000e+00
1.340000000000000000e+02 1.000000000000000000e+00
1.470000000000000000e+02 1.000000000000000000e+00
1.540000000000000000e+02 1.000000000000000000e+00
1.610000000000000000e+02 1.000000000000000000e+00
1.750000000000000000e+02 1.000000000000000000e+00
1.860000000000000000e+02 2.000000000000000000e+00
2.050000000000000000e+02 2.000000000000000000e+00
2.080000000000000000e+02 1.000000000000000000e+00
2.140000000000000000e+02 1.000000000000000000e+00
2.490000000000000000e+02 1.000000000000000000e+00
3.230000000000000000e+02 1.000000000000000000e+00
3.430000000000000000e+02 1.000000000000000000e+00
3.480000000000000000e+02 1.000000000000000000e+00
4.350000000000000000e+02 1.000000000000000000e+00
4.850000000000000000e+02 1.000000000000000000e+00
5.020000000000000000e+02 1.000000000000000000e+00
6.710000000000000000e+02 1.000000000000000000e+00
7.480000000000000000e+02 1.000000000000000000e+00
1.320000000000000000e+03 1.000000000000000000e+00
1.578000000000000000e+03 1.000000000000000000e+00
