-4.000000000000000000e+00 2.000000000000000000e+00
-3.000000000000000000e+00 3.000000000000000000e+00
-2.000000000000000000e+00 1.100000000000000000e+01
-1.000000000000000000e+00 2.400000000000000000e+01
0.000000000000000000e+00 1.351000000000000000e+03
1.000000000000000000e+00 6.100000000000000000e+01
2.000000000000000000e+00 8.700000000000000000e+01
3.000000000000000000e+00 1.350000000000000000e+02
4.000000000000000000e+00 7.500000000000000000e+02
5.000000000000000000e+00 4.093000000000000000e+03
6.000000000000000000e+00 2.418400000000000000e+04
7.000000000000000000e+00 4.505900000000000000e+04
8.000000000000000000e+00 6.427400000000000000e+04
9.000000000000000000e+00 9.368500000000000000e+04
1.000000000000000000e+01 1.315340000000000000e+05
1.100000000000000000e+01 1.824190000000000000e+05
1.200000000000000000e+01 2.485550000000000000e+05
1.300000000000000000e+01 3.388620000000000000e+05
1.400000000000000000e+01 4.523770000000000000e+05
1.500000000000000000e+01 5.892400000000000000e+05
1.600000000000000000e+01 7.560710000000000000e+05
1.700000000000000000e+01 9.600930000000000000e+05
1.800000000000000000e+01 1.179789000000000000e+06
1.900000000000000000e+01 1.387587000000000000e+06
2.000000000000000000e+01 1.546264000000000000e+06
2.100000000000000000e+01 1.628986000000000000e+06
2.200000000000000000e+01 1.600422000000000000e+06
2.300000000000000000e+01 1.436463000000000000e+06
2.400000000000000000e+01 1.153895000000000000e+06
2.500000000000000000e+01 8.050300000000000000e+05
2.600000000000000000e+01 4.870770000000000000e+05
2.700000000000000000e+01 2.562860000000000000e+05
2.800000000000000000e+01 1.224870000000000000e+05
2.900000000000000000e+01 5.701300000000000000e+04
3.000000000000000000e+01 2.676600000000000000e+04
3.100000000000000000e+01 1.283500000000000000e+04
3.200000000000000000e+01 5.893000000000000000e+03
3.300000000000000000e+01 2.357000000000000000e+03
3.400000000000000000e+01 9.970000000000000000e+02
3.500000000000000000e+01 3.750000000000000000e+02
3.600000000000000000e+01 1.870000000000000000e+02
3.700000000000000000e+01 7.700000000000000000e+01
3.800000000000000000e+01 8.600000000000000000e+01
3.900000000000000000e+01 2.800000000000000000e+01
4.000000000000000000e+01 7.200000000000000000e+01
4.100000000000000000e+01 5.000000000000000000e+01
4.200000000000000000e+01 3.700000000000000000e+01
4.300000000000000000e+01 3.400000000000000000e+01
4.400000000000000000e+01 2.700000000000000000e+01
4.500000000000000000e+01 3.100000000000000000e+01
4.600000000000000000e+01 5.300000000000000000e+01
4.700000000000000000e+01 3.200000000000000000e+01
4.800000000000000000e+01 1.800000000000000000e+01
4.900000000000000000e+01 4.800000000000000000e+01
5.000000000000000000e+01 1.200000000000000000e+01
5.100000000000000000e+01 2.200000000000000000e+01
5.200000000000000000e+01 5.000000000000000000e+00
5.300000000000000000e+01 2.300000000000000000e+01
5.400000000000000000e+01 1.000000000000000000e+01
5.500000000000000000e+01 1.000000000000000000e+01
5.600000000000000000e+01 3.000000000000000000e+00
5.700000000000000000e+01 6.000000000000000000e+00
5.800000000000000000e+01 3.000000000000000000e+00
5.900000000000000000e+01 2.000000000000000000e+00
6.000000000000000000e+01 2.000000000000000000e+00
6.100000000000000000e+01 2.000000000000000000e+00
6.300000000000000000e+01 2.000000000000000000e+00
6.400000000000000000e+01 1.000000000000000000e+00
6.800000000000000000e+01 1.000000000000000000e+00
6.900000000000000000e+01 1.000000000000000000e+00
7.500000000000000000e+01 2.000000000000000000e+00
7.600000000000000000e+01 1.000000000000000000e+00
8.000000000000000000e+01 1.000000000000000000e+00
8.600000000000000000e+01 1.000000000000000000e+00
9.600000000000000000e+01 1.000000000000000000e+00
1.000000000000000000e+02 1.000000000000000000e+00
1.040000000000000000e+02 1.000000000000000000e+00
1.140000000000000000e+02 1.000000000000000000e+00
1.240000000000000000e+02 2.000000000000000000e+00
1.290000000000000000e+02 1.000000000000000000e+00
1.510000000000000000e+02 1.000000000000000000e+00
1.540000000000000000e+02 1.000000000000000000e+00
1.560000000000000000e+02 1.000000000000000000e+00
1.570000000000000000e+02 1.000000000000000000e+00
1.580000000000000000e+02 2.000000000000000000e+00
1.700000000000000000e+02 1.000000000000000000e+00
1.820000000000000000e+02 1.000000000000000000e+00
2.000000000000000000e+02 1.000000000000000000e+00
2.110000000000000000e+02 1.000000000000000000e+00
2.140000000000000000e+02 2.000000000000000000e+00
2.170000000000000000e+02 1.000000000000000000e+00
2.480000000000000000e+02 1.000000000000000000e+00
3.090000000000000000e+02 1.000000000000000000e+00
4.370000000000000000e+02 1.000000000000000000e+00
6.950000000000000000e+02 1.000000000000000000e+00
8.800000000000000000e+02 1.000000000000000000e+00
9.210000000000000000e+02 1.000000000000000000e+00
1.267000000000000000e+03 1.000000000000000000e+00
