-4.000000000000000000e+00 1.000000000000000000e+00
-3.000000000000000000e+00 1.000000000000000000e+00
-2.000000000000000000e+00 1.000000000000000000e+01
-1.000000000000000000e+00 2.700000000000000000e+01
0.000000000000000000e+00 1.365000000000000000e+03
1.000000000000000000e+00 5.400000000000000000e+01
2.000000000000000000e+00 8.500000000000000000e+01
3.000000000000000000e+00 1.320000000000000000e+02
4.000000000000000000e+00 7.040000000000000000e+02
5.000000000000000000e+00 3.863000000000000000e+03
6.000000000000000000e+00 2.314100000000000000e+04
7.000000000000000000e+00 4.451900000000000000e+04
8.000000000000000000e+00 6.246300000000000000e+04
9.000000000000000000e+00 9.098400000000000000e+04
1.000000000000000000e+01 1.286430000000000000e+05
1.100000000000000000e+01 1.787710000000000000e+05
1.200000000000000000e+01 2.452020000000000000e+05
1.300000000000000000e+01 3.331860000000000000e+05
1.400000000000000000e+01 4.434690000000000000e+05
1.500000000000000000e+01 5.779270000000000000e+05
1.600000000000000000e+01 7.432400000000000000e+05
1.700000000000000000e+01 9.455300000000000000e+05
1.800000000000000000e+01 1.158091000000000000e+06
1.900000000000000000e+01 1.362134000000000000e+06
2.000000000000000000e+01 1.519371000000000000e+06
2.100000000000000000e+01 1.599607000000000000e+06
2.200000000000000000e+01 1.573938000000000000e+06
2.300000000000000000e+01 1.407654000000000000e+06
2.400000000000000000e+01 1.130720000000000000e+06
2.500000000000000000e+01 7.877910000000000000e+05
2.600000000000000000e+01 4.743520000000000000e+05
2.700000000000000000e+01 2.495640000000000000e+05
2.800000000000000000e+01 1.194320000000000000e+05
2.900000000000000000e+01 5.535200000000000000e+04
3.000000000000000000e+01 2.669700000000000000e+04
3.100000000000000000e+01 1.271400000000000000e+04
3.200000000000000000e+01 5.711000000000000000e+03
3.300000000000000000e+01 2.426000000000000000e+03
3.400000000000000000e+01 9.520000000000000000e+02
3.500000000000000000e+01 3.180000000000000000e+02
3.600000000000000000e+01 1.880000000000000000e+02
3.700000000000000000e+01 9.900000000000000000e+01
3.800000000000000000e+01 6.900000000000000000e+01
3.900000000000000000e+01 2.800000000000000000e+01
4.000000000000000000e+01 6.500000000000000000e+01
4.100000000000000000e+01 4.900000000000000000e+01
4.200000000000000000e+01 6.000000000000000000e+01
4.300000000000000000e+01 3.500000000000000000e+01
4.400000000000000000e+01 4.900000000000000000e+01
4.500000000000000000e+01 3.700000000000000000e+01
4.600000000000000000e+01 3.100000000000000000e+01
4.700000000000000000e+01 2.300000000000000000e+01
4.800000000000000000e+01 1.500000000000000000e+01
4.900000000000000000e+01 4.500000000000000000e+01
5.000000000000000000e+01 9.000000000000000000e+00
5.100000000000000000e+01 2.000000000000000000e+01
5.200000000000000000e+01 8.000000000000000000e+00
5.300000000000000000e+01 1.600000000000000000e+01
5.400000000000000000e+01 7.000000000000000000e+00
5.500000000000000000e+01 6.000000000000000000e+00
5.600000000000000000e+01 5.000000000000000000e+00
5.700000000000000000e+01 4.000000000000000000e+00
5.900000000000000000e+01 2.000000000000000000e+00
6.000000000000000000e+01 3.000000000000000000e+00
6.100000000000000000e+01 4.000000000000000000e+00
6.200000000000000000e+01 2.000000000000000000e+00
6.400000000000000000e+01 1.000000000000000000e+00
6.500000000000000000e+01 1.000000000000000000e+00
6.800000000000000000e+01 2.000000000000000000e+00
7.300000000000000000e+01 1.000000000000000000e+00
7.600000000000000000e+01 1.000000000000000000e+00
7.800000000000000000e+01 1.000000000000000000e+00
8.500000000000000000e+01 1.000000000000000000e+00
9.300000000000000000e+01 1.000000000000000000e+00
9.400000000000000000e+01 2.000000000000000000e+00
1.050000000000000000e+02 1.000000000000000000e+00
1.080000000000000000e+02 1.000000000000000000e+00
1.210000000000000000e+02 1.000000000000000000e+00
1.240000000000000000e+02 1.000000000000000000e+00
1.260000000000000000e+02 1.000000000000000000e+00
1.630000000000000000e+02 1.000000000000000000e+00
1.700000000000000000e+02 1.000000000000000000e+00
1.710000000000000000e+02 1.000000000000000000e+00
1.850000000000000000e+02 1.000000000000000000e+00
2.050000000000000000e+02 1.000000000000000000e+00
2.140000000000000000e+02 1.000000000000000000e+00
2.320000000000000000e+02 1.000000000000000000e+00
2.470000000000000000e+02 1.000000000000000000e+00
2.730000000000000000e+02 1.000000000000000000e+00
2.760000000000000000e+02 1.000000000000000000e+00
4.040000000000000000e+02 1.000000000000000000e+00
4.150000000000000000e+02 1.000000000000000000e+00
4.490000000000000000e+02 1.000000000000000000e+00
5.400000000000000000e+02 1.000000000000000000e+00
5.990000000000000000e+02 1.000000000000000000e+00
6.840000000000000000e+02 1.000000000000000000e+00
1.144000000000000000e+03 1.000000000000000000e+00
1.202000000000000000e+03 1.000000000000000000e+00
1.717000000000000000e+03 1.000000000000000000e+00
