-4.000000000000000000e+00 3.000000000000000000e+00
-3.000000000000000000e+00 1.000000000000000000e+00
-2.000000000000000000e+00 1.100000000000000000e+01
-1.000000000000000000e+00 3.500000000000000000e+01
0.000000000000000000e+00 1.364000000000000000e+03
1.000000000000000000e+00 1.070000000000000000e+02
2.000000000000000000e+00 1.090000000000000000e+02
3.000000000000000000e+00 1.550000000000000000e+02
4.000000000000000000e+00 9.390000000000000000e+02
5.000000000000000000e+00 4.895000000000000000e+03
6.000000000000000000e+00 2.642600000000000000e+04
7.000000000000000000e+00 4.918000000000000000e+04
8.000000000000000000e+00 6.905300000000000000e+04
9.000000000000000000e+00 9.905500000000000000e+04
1.000000000000000000e+01 1.392800000000000000e+05
1.100000000000000000e+01 1.915240000000000000e+05
1.200000000000000000e+01 2.637820000000000000e+05
1.300000000000000000e+01 3.607510000000000000e+05
1.400000000000000000e+01 4.868740000000000000e+05
1.500000000000000000e+01 6.439100000000000000e+05
1.600000000000000000e+01 8.398850000000000000e+05
1.700000000000000000e+01 1.082907000000000000e+06
1.800000000000000000e+01 1.349688000000000000e+06
1.900000000000000000e+01 1.617397000000000000e+06
2.000000000000000000e+01 1.862121000000000000e+06
2.100000000000000000e+01 2.063679000000000000e+06
2.200000000000000000e+01 2.206112000000000000e+06
2.300000000000000000e+01 2.243371000000000000e+06
2.400000000000000000e+01 2.174451000000000000e+06
2.500000000000000000e+01 1.980303000000000000e+06
2.600000000000000000e+01 1.694134000000000000e+06
2.700000000000000000e+01 1.349545000000000000e+06
2.800000000000000000e+01 9.847450000000000000e+05
2.900000000000000000e+01 6.522910000000000000e+05
3.000000000000000000e+01 3.848360000000000000e+05
3.100000000000000000e+01 2.032400000000000000e+05
3.200000000000000000e+01 9.440600000000000000e+04
3.300000000000000000e+01 3.940200000000000000e+04
3.400000000000000000e+01 1.533100000000000000e+04
3.500000000000000000e+01 5.981000000000000000e+03
3.600000000000000000e+01 2.064000000000000000e+03
3.700000000000000000e+01 8.170000000000000000e+02
3.800000000000000000e+01 3.570000000000000000e+02
3.900000000000000000e+01 1.570000000000000000e+02
4.000000000000000000e+01 1.760000000000000000e+02
4.100000000000000000e+01 9.600000000000000000e+01
4.200000000000000000e+01 9.400000000000000000e+01
4.300000000000000000e+01 1.100000000000000000e+02
4.400000000000000000e+01 7.400000000000000000e+01
4.500000000000000000e+01 6.100000000000000000e+01
4.600000000000000000e+01 7.200000000000000000e+01
4.700000000000000000e+01 7.900000000000000000e+01
4.800000000000000000e+01 3.200000000000000000e+01
4.900000000000000000e+01 8.100000000000000000e+01
5.000000000000000000e+01 2.200000000000000000e+01
5.100000000000000000e+01 6.200000000000000000e+01
5.200000000000000000e+01 1.900000000000000000e+01
5.300000000000000000e+01 6.400000000000000000e+01
5.400000000000000000e+01 1.700000000000000000e+01
5.500000000000000000e+01 4.600000000000000000e+01
5.600000000000000000e+01 1.400000000000000000e+01
5.700000000000000000e+01 3.900000000000000000e+01
5.800000000000000000e+01 1.000000000000000000e+01
5.900000000000000000e+01 2.000000000000000000e+01
6.000000000000000000e+01 5.000000000000000000e+00
6.100000000000000000e+01 1.700000000000000000e+01
6.200000000000000000e+01 2.000000000000000000e+00
6.300000000000000000e+01 5.000000000000000000e+00
6.500000000000000000e+01 1.000000000000000000e+00
6.600000000000000000e+01 2.000000000000000000e+00
6.700000000000000000e+01 3.000000000000000000e+00
6.800000000000000000e+01 2.000000000000000000e+00
6.900000000000000000e+01 2.000000000000000000e+00
7.000000000000000000e+01 1.000000000000000000e+00
7.300000000000000000e+01 2.000000000000000000e+00
7.400000000000000000e+01 2.000000000000000000e+00
7.700000000000000000e+01 1.000000000000000000e+00
7.800000000000000000e+01 1.000000000000000000e+00
8.300000000000000000e+01 1.000000000000000000e+00
9.400000000000000000e+01 2.000000000000000000e+00
9.500000000000000000e+01 1.000000000000000000e+00
9.600000000000000000e+01 1.000000000000000000e+00
1.040000000000000000e+02 1.000000000000000000e+00
1.050000000000000000e+02 1.000000000000000000e+00
1.150000000000000000e+02 1.000000000000000000e+00
1.180000000000000000e+02 1.000000000000000000e+00
1.190000000000000000e+02 1.000000000000000000e+00
1.230000000000000000e+02 1.000000000000000000e+00
1.240000000000000000e+02 1.000000000000000000e+00
1.340000000000000000e+02 1.000000000000000000e+00
1.400000000000000000e+02 1.000000000000000000e+00
1.740000000000000000e+02 1.000000000000000000e+00
1.810000000000000000e+02 1.000000000000000000e+00
2.280000000000000000e+02 1.000000000000000000e+00
3.400000000000000000e+02 1.000000000000000000e+00
3.440000000000000000e+02 1.000000000000000000e+00
3.490000000000000000e+02 1.000000000000000000e+00
4.210000000000000000e+02 1.000000000000000000e+00
6.880000000000000000e+02 1.000000000000000000e+00
8.610000000000000000e+02 1.000000000000000000e+00
8.700000000000000000e+02 1.000000000000000000e+00
1.437000000000000000e+03 1.000000000000000000e+00
1.751000000000000000e+03 1.000000000000000000e+00
2.184000000000000000e+03 1.000000000000000000e+00
3.141000000000000000e+03 1.000000000000000000e+00
5.900000000000000000e+03 1.000000000000000000e+00
