-4.000000000000000000e+00 5.000000000000000000e+00
-3.000000000000000000e+00 5.000000000000000000e+00
-2.000000000000000000e+00 1.700000000000000000e+01
-1.000000000000000000e+00 4.200000000000000000e+01
0.000000000000000000e+00 1.365000000000000000e+03
1.000000000000000000e+00 1.200000000000000000e+02
2.000000000000000000e+00 1.280000000000000000e+02
3.000000000000000000e+00 2.510000000000000000e+02
4.000000000000000000e+00 1.185000000000000000e+03
5.000000000000000000e+00 8.474000000000000000e+03
6.000000000000000000e+00 5.908000000000000000e+04
7.000000000000000000e+00 1.010270000000000000e+05
8.000000000000000000e+00 1.176600000000000000e+05
9.000000000000000000e+00 1.338120000000000000e+05
1.000000000000000000e+01 1.473090000000000000e+05
1.100000000000000000e+01 1.545310000000000000e+05
1.200000000000000000e+01 1.598240000000000000e+05
1.300000000000000000e+01 1.703700000000000000e+05
1.400000000000000000e+01 1.908370000000000000e+05
1.500000000000000000e+01 2.259220000000000000e+05
1.600000000000000000e+01 2.818460000000000000e+05
1.700000000000000000e+01 3.612290000000000000e+05
1.800000000000000000e+01 4.637340000000000000e+05
1.900000000000000000e+01 5.804930000000000000e+05
2.000000000000000000e+01 7.113860000000000000e+05
2.100000000000000000e+01 8.556090000000000000e+05
2.200000000000000000e+01 1.002984000000000000e+06
2.300000000000000000e+01 1.130464000000000000e+06
2.400000000000000000e+01 1.230606000000000000e+06
2.500000000000000000e+01 1.270067000000000000e+06
2.600000000000000000e+01 1.253567000000000000e+06
2.700000000000000000e+01 1.184584000000000000e+06
2.800000000000000000e+01 1.084470000000000000e+06
2.900000000000000000e+01 9.670510000000000000e+05
3.000000000000000000e+01 8.394110000000000000e+05
3.100000000000000000e+01 7.149380000000000000e+05
3.200000000000000000e+01 5.990540000000000000e+05
3.300000000000000000e+01 4.908360000000000000e+05
3.400000000000000000e+01 3.930080000000000000e+05
3.500000000000000000e+01 3.043610000000000000e+05
3.600000000000000000e+01 2.257720000000000000e+05
3.700000000000000000e+01 1.583470000000000000e+05
3.800000000000000000e+01 1.059230000000000000e+05
3.900000000000000000e+01 6.642500000000000000e+04
4.000000000000000000e+01 3.859500000000000000e+04
4.100000000000000000e+01 2.097800000000000000e+04
4.200000000000000000e+01 1.019200000000000000e+04
4.300000000000000000e+01 4.771000000000000000e+03
4.400000000000000000e+01 2.094000000000000000e+03
4.500000000000000000e+01 9.800000000000000000e+02
4.600000000000000000e+01 4.300000000000000000e+02
4.700000000000000000e+01 1.980000000000000000e+02
4.800000000000000000e+01 9.700000000000000000e+01
4.900000000000000000e+01 1.220000000000000000e+02
5.000000000000000000e+01 4.600000000000000000e+01
5.100000000000000000e+01 8.500000000000000000e+01
5.200000000000000000e+01 4.100000000000000000e+01
5.300000000000000000e+01 6.400000000000000000e+01
5.400000000000000000e+01 3.200000000000000000e+01
5.500000000000000000e+01 5.800000000000000000e+01
5.600000000000000000e+01 3.000000000000000000e+01
5.700000000000000000e+01 4.800000000000000000e+01
5.800000000000000000e+01 2.000000000000000000e+01
5.900000000000000000e+01 4.400000000000000000e+01
6.000000000000000000e+01 1.300000000000000000e+01
6.100000000000000000e+01 3.800000000000000000e+01
6.200000000000000000e+01 1.200000000000000000e+01
6.300000000000000000e+01 3.700000000000000000e+01
6.400000000000000000e+01 1.400000000000000000e+01
6.500000000000000000e+01 2.000000000000000000e+01
6.600000000000000000e+01 9.000000000000000000e+00
6.700000000000000000e+01 1.600000000000000000e+01
6.800000000000000000e+01 8.000000000000000000e+00
6.900000000000000000e+01 6.000000000000000000e+00
7.000000000000000000e+01 1.000000000000000000e+01
7.100000000000000000e+01 8.000000000000000000e+00
7.200000000000000000e+01 5.000000000000000000e+00
7.300000000000000000e+01 9.000000000000000000e+00
7.400000000000000000e+01 2.000000000000000000e+00
7.500000000000000000e+01 4.000000000000000000e+00
7.600000000000000000e+01 8.000000000000000000e+00
7.700000000000000000e+01 1.000000000000000000e+00
7.800000000000000000e+01 8.000000000000000000e+00
7.900000000000000000e+01 1.000000000000000000e+00
8.000000000000000000e+01 1.000000000000000000e+00
8.200000000000000000e+01 1.000000000000000000e+00
8.400000000000000000e+01 2.000000000000000000e+00
9.300000000000000000e+01 1.000000000000000000e+00
9.800000000000000000e+01 1.000000000000000000e+00
1.020000000000000000e+02 1.000000000000000000e+00
1.150000000000000000e+02 1.000000000000000000e+00
1.600000000000000000e+02 1.000000000000000000e+00
1.620000000000000000e+02 1.000000000000000000e+00
2.940000000000000000e+02 1.000000000000000000e+00
3.860000000000000000e+02 1.000000000000000000e+00
9.780000000000000000e+02 1.000000000000000000e+00
1.002000000000000000e+03 1.000000000000000000e+00
