-4.000000000000000000e+00 1.000000000000000000e+00
-2.000000000000000000e+00 3.000000000000000000e+00
-1.000000000000000000e+00 7.000000000000000000e+00
0.000000000000000000e+00 1.337000000000000000e+03
1.000000000000000000e+00 2.500000000000000000e+01
2.000000000000000000e+00 3.500000000000000000e+01
3.000000000000000000e+00 6.500000000000000000e+01
4.000000000000000000e+00 4.580000000000000000e+02
5.000000000000000000e+00 2.446000000000000000e+03
6.000000000000000000e+00 1.310100000000000000e+04
7.000000000000000000e+00 2.426100000000000000e+04
8.000000000000000000e+00 3.468100000000000000e+04
9.000000000000000000e+00 5.049900000000000000e+04
1.000000000000000000e+01 7.051100000000000000e+04
1.100000000000000000e+01 9.762000000000000000e+04
1.200000000000000000e+01 1.330530000000000000e+05
1.300000000000000000e+01 1.798830000000000000e+05
1.400000000000000000e+01 2.383580000000000000e+05
1.500000000000000000e+01 3.106150000000000000e+05
1.600000000000000000e+01 3.966810000000000000e+05
1.700000000000000000e+01 5.003260000000000000e+05
1.800000000000000000e+01 6.120350000000000000e+05
1.900000000000000000e+01 7.138350000000000000e+05
2.000000000000000000e+01 7.855750000000000000e+05
2.100000000000000000e+01 8.166200000000000000e+05
2.200000000000000000e+01 7.937560000000000000e+05
2.300000000000000000e+01 6.944000000000000000e+05
2.400000000000000000e+01 5.461980000000000000e+05
2.500000000000000000e+01 3.711950000000000000e+05
2.600000000000000000e+01 2.164590000000000000e+05
2.700000000000000000e+01 1.115460000000000000e+05
2.800000000000000000e+01 5.287400000000000000e+04
2.900000000000000000e+01 2.503400000000000000e+04
3.000000000000000000e+01 1.226000000000000000e+04
3.100000000000000000e+01 6.018000000000000000e+03
3.200000000000000000e+01 2.597000000000000000e+03
3.300000000000000000e+01 1.074000000000000000e+03
3.400000000000000000e+01 4.030000000000000000e+02
3.500000000000000000e+01 1.550000000000000000e+02
3.600000000000000000e+01 6.500000000000000000e+01
3.700000000000000000e+01 3.500000000000000000e+01
3.800000000000000000e+01 2.500000000000000000e+01
3.900000000000000000e+01 8.000000000000000000e+00
4.000000000000000000e+01 2.000000000000000000e+01
4.100000000000000000e+01 9.000000000000000000e+00
4.200000000000000000e+01 1.300000000000000000e+01
4.300000000000000000e+01 8.000000000000000000e+00
4.400000000000000000e+01 1.200000000000000000e+01
4.500000000000000000e+01 5.000000000000000000e+00
4.600000000000000000e+01 3.000000000000000000e+00
4.700000000000000000e+01 6.000000000000000000e+00
4.800000000000000000e+01 4.000000000000000000e+00
4.900000000000000000e+01 8.000000000000000000e+00
5.000000000000000000e+01 3.000000000000000000e+00
5.100000000000000000e+01 5.000000000000000000e+00
5.200000000000000000e+01 4.000000000000000000e+00
5.300000000000000000e+01 2.000000000000000000e+00
5.500000000000000000e+01 1.000000000000000000e+00
5.600000000000000000e+01 1.000000000000000000e+00
5.700000000000000000e+01 4.000000000000000000e+00
5.800000000000000000e+01 1.000000000000000000e+00
6.000000000000000000e+01 1.000000000000000000e+00
6.100000000000000000e+01 2.000000000000000000e+00
6.900000000000000000e+01 1.000000000000000000e+00
7.500000000000000000e+01 2.000000000000000000e+00
8.200000000000000000e+01 1.000000000000000000e+00
8.400000000000000000e+01 1.000000000000000000e+00
8.500000000000000000e+01 1.000000000000000000e+00
8.800000000000000000e+01 1.000000000000000000e+00
8.900000000000000000e+01 1.000000000000000000e+00
9.300000000000000000e+01 1.000000000000000000e+00
1.020000000000000000e+02 1.000000000000000000e+00
1.050000000000000000e+02 1.000000000000000000e+00
1.090000000000000000e+02 1.000000000000000000e+00
1.130000000000000000e+02 1.000000000000000000e+00
1.220000000000000000e+02 1.000000000000000000e+00
1.260000000000000000e+02 1.000000000000000000e+00
1.340000000000000000e+02 1.000000000000000000e+00
1.350000000000000000e+02 2.000000000000000000e+00
1.440000000000000000e+02 1.000000000000000000e+00
1.730000000000000000e+02 1.000000000000000000e+00
1.860000000000000000e+02 1.000000000000000000e+00
2.150000000000000000e+02 1.000000000000000000e+00
2.250000000000000000e+02 1.000000000000000000e+00
2.410000000000000000e+02 1.000000000000000000e+00
2.600000000000000000e+02 1.000000000000000000e+00
2.940000000000000000e+02 1.000000000000000000e+00
2.980000000000000000e+02 1.000000000000000000e+00
3.880000000000000000e+02 1.000000000000000000e+00
4.480000000000000000e+02 1.000000000000000000e+00
1.131000000000000000e+03 1.000000000000000000e+00
2.317000000000000000e+03 1.000000000000000000e+00
2.470000000000000000e+03 1.000000000000000000e+00
