-4.000000000000000000e+00 6.000000000000000000e+00
-3.000000000000000000e+00 9.000000000000000000e+00
-2.000000000000000000e+00 2.200000000000000000e+01
-1.000000000000000000e+00 9.600000000000000000e+01
0.000000000000000000e+00 1.418000000000000000e+03
1.000000000000000000e+00 1.660000000000000000e+02
2.000000000000000000e+00 2.560000000000000000e+02
3.000000000000000000e+00 3.930000000000000000e+02
4.000000000000000000e+00 2.041000000000000000e+03
5.000000000000000000e+00 1.554800000000000000e+04
6.000000000000000000e+00 1.104170000000000000e+05
7.000000000000000000e+00 1.919830000000000000e+05
8.000000000000000000e+00 2.297230000000000000e+05
9.000000000000000000e+00 2.723020000000000000e+05
1.000000000000000000e+01 3.145700000000000000e+05
1.100000000000000000e+01 3.435810000000000000e+05
1.200000000000000000e+01 3.625130000000000000e+05
1.300000000000000000e+01 3.790690000000000000e+05
1.400000000000000000e+01 3.968030000000000000e+05
1.500000000000000000e+01 4.210080000000000000e+05
1.600000000000000000e+01 4.604730000000000000e+05
1.700000000000000000e+01 5.212280000000000000e+05
1.800000000000000000e+01 6.015600000000000000e+05
1.900000000000000000e+01 7.055720000000000000e+05
2.000000000000000000e+01 8.333520000000000000e+05
2.100000000000000000e+01 9.826320000000000000e+05
2.200000000000000000e+01 1.145132000000000000e+06
2.300000000000000000e+01 1.289246000000000000e+06
2.400000000000000000e+01 1.405804000000000000e+06
2.500000000000000000e+01 1.454926000000000000e+06
2.600000000000000000e+01 1.435259000000000000e+06
2.700000000000000000e+01 1.362300000000000000e+06
2.800000000000000000e+01 1.274419000000000000e+06
2.900000000000000000e+01 1.178665000000000000e+06
3.000000000000000000e+01 1.077242000000000000e+06
3.100000000000000000e+01 9.858800000000000000e+05
3.200000000000000000e+01 9.037820000000000000e+05
3.300000000000000000e+01 8.300730000000000000e+05
3.400000000000000000e+01 7.666900000000000000e+05
3.500000000000000000e+01 7.088970000000000000e+05
3.600000000000000000e+01 6.513530000000000000e+05
3.700000000000000000e+01 5.973330000000000000e+05
3.800000000000000000e+01 5.461180000000000000e+05
3.900000000000000000e+01 4.967950000000000000e+05
4.000000000000000000e+01 4.455530000000000000e+05
4.100000000000000000e+01 3.941570000000000000e+05
4.200000000000000000e+01 3.441610000000000000e+05
4.300000000000000000e+01 2.934070000000000000e+05
4.400000000000000000e+01 2.450650000000000000e+05
4.500000000000000000e+01 1.975840000000000000e+05
4.600000000000000000e+01 1.542460000000000000e+05
4.700000000000000000e+01 1.171380000000000000e+05
4.800000000000000000e+01 8.485400000000000000e+04
4.900000000000000000e+01 5.783100000000000000e+04
5.000000000000000000e+01 3.798800000000000000e+04
5.100000000000000000e+01 2.373600000000000000e+04
5.200000000000000000e+01 1.373600000000000000e+04
5.300000000000000000e+01 7.926000000000000000e+03
5.400000000000000000e+01 4.256000000000000000e+03
5.500000000000000000e+01 2.319000000000000000e+03
5.600000000000000000e+01 1.188000000000000000e+03
5.700000000000000000e+01 6.280000000000000000e+02
5.800000000000000000e+01 3.240000000000000000e+02
5.900000000000000000e+01 2.270000000000000000e+02
6.000000000000000000e+01 1.170000000000000000e+02
6.100000000000000000e+01 1.000000000000000000e+02
6.200000000000000000e+01 6.100000000000000000e+01
6.300000000000000000e+01 8.300000000000000000e+01
6.400000000000000000e+01 5.100000000000000000e+01
6.500000000000000000e+01 4.700000000000000000e+01
6.600000000000000000e+01 3.700000000000000000e+01
6.700000000000000000e+01 4.700000000000000000e+01
6.800000000000000000e+01 4.100000000000000000e+01
6.900000000000000000e+01 3.000000000000000000e+01
7.000000000000000000e+01 2.700000000000000000e+01
7.100000000000000000e+01 3.300000000000000000e+01
7.200000000000000000e+01 2.200000000000000000e+01
7.300000000000000000e+01 1.800000000000000000e+01
7.400000000000000000e+01 2.200000000000000000e+01
7.500000000000000000e+01 1.500000000000000000e+01
7.600000000000000000e+01 3.100000000000000000e+01
7.700000000000000000e+01 7.000000000000000000e+00
7.800000000000000000e+01 2.200000000000000000e+01
7.900000000000000000e+01 7.000000000000000000e+00
8.000000000000000000e+01 1.300000000000000000e+01
8.100000000000000000e+01 5.000000000000000000e+00
8.200000000000000000e+01 1.500000000000000000e+01
8.300000000000000000e+01 6.000000000000000000e+00
8.400000000000000000e+01 2.200000000000000000e+01
8.500000000000000000e+01 4.000000000000000000e+00
8.600000000000000000e+01 1.300000000000000000e+01
8.700000000000000000e+01 6.000000000000000000e+00
8.800000000000000000e+01 8.000000000000000000e+00
8.900000000000000000e+01 5.000000000000000000e+00
9.000000000000000000e+01 4.000000000000000000e+00
9.100000000000000000e+01 5.000000000000000000e+00
9.200000000000000000e+01 7.000000000000000000e+00
9.300000000000000000e+01 3.000000000000000000e+00
9.400000000000000000e+01 2.000000000000000000e+00
9.500000000000000000e+01 1.000000000000000000e+00
9.600000000000000000e+01 2.000000000000000000e+00
9.800000000000000000e+01 4.000000000000000000e+00
9.900000000000000000e+01 5.000000000000000000e+00
1.000000000000000000e+02 2.000000000000000000e+00
1.010000000000000000e+02 3.000000000000000000e+00
1.020000000000000000e+02 2.000000000000000000e+00
1.060000000000000000e+02 2.000000000000000000e+00
1.090000000000000000e+02 1.000000000000000000e+00
1.160000000000000000e+02 1.000000000000000000e+00
1.200000000000000000e+02 1.000000000000000000e+00
1.260000000000000000e+02 1.000000000000000000e+00
1.800000000000000000e+02 1.000000000000000000e+00
1.850000000000000000e+02 1.000000000000000000e+00
3.370000000000000000e+02 1.000000000000000000e+00
8.230000000000000000e+02 1.000000000000000000e+00
1.059000000000000000e+03 1.000000000000000000e+00
