-4.000000000000000000e+00 1.000000000000000000e+00
-3.000000000000000000e+00 1.000000000000000000e+00
-1.000000000000000000e+00 1.200000000000000000e+01
0.000000000000000000e+00 1.317000000000000000e+03
1.000000000000000000e+00 4.300000000000000000e+01
2.000000000000000000e+00 4.300000000000000000e+01
3.000000000000000000e+00 8.700000000000000000e+01
4.000000000000000000e+00 7.160000000000000000e+02
5.000000000000000000e+00 2.925000000000000000e+03
6.000000000000000000e+00 1.421700000000000000e+04
7.000000000000000000e+00 2.601500000000000000e+04
8.000000000000000000e+00 3.698400000000000000e+04
9.000000000000000000e+00 5.280500000000000000e+04
1.000000000000000000e+01 7.384200000000000000e+04
1.100000000000000000e+01 1.029620000000000000e+05
1.200000000000000000e+01 1.406720000000000000e+05
1.300000000000000000e+01 1.929300000000000000e+05
1.400000000000000000e+01 2.593140000000000000e+05
1.500000000000000000e+01 3.445040000000000000e+05
1.600000000000000000e+01 4.496990000000000000e+05
1.700000000000000000e+01 5.793210000000000000e+05
1.800000000000000000e+01 7.235950000000000000e+05
1.900000000000000000e+01 8.720060000000000000e+05
2.000000000000000000e+01 1.005099000000000000e+06
2.100000000000000000e+01 1.120584000000000000e+06
2.200000000000000000e+01 1.204890000000000000e+06
2.300000000000000000e+01 1.235905000000000000e+06
2.400000000000000000e+01 1.206678000000000000e+06
2.500000000000000000e+01 1.106712000000000000e+06
2.600000000000000000e+01 9.543300000000000000e+05
2.700000000000000000e+01 7.631560000000000000e+05
2.800000000000000000e+01 5.618650000000000000e+05
2.900000000000000000e+01 3.718440000000000000e+05
3.000000000000000000e+01 2.201320000000000000e+05
3.100000000000000000e+01 1.156140000000000000e+05
3.200000000000000000e+01 5.413900000000000000e+04
3.300000000000000000e+01 2.260100000000000000e+04
3.400000000000000000e+01 8.776000000000000000e+03
3.500000000000000000e+01 3.328000000000000000e+03
3.600000000000000000e+01 1.163000000000000000e+03
3.700000000000000000e+01 4.270000000000000000e+02
3.800000000000000000e+01 1.620000000000000000e+02
3.900000000000000000e+01 7.200000000000000000e+01
4.000000000000000000e+01 5.600000000000000000e+01
4.100000000000000000e+01 4.200000000000000000e+01
4.200000000000000000e+01 3.000000000000000000e+01
4.300000000000000000e+01 2.900000000000000000e+01
4.400000000000000000e+01 2.800000000000000000e+01
4.500000000000000000e+01 2.300000000000000000e+01
4.600000000000000000e+01 2.500000000000000000e+01
4.700000000000000000e+01 1.800000000000000000e+01
4.800000000000000000e+01 1.500000000000000000e+01
4.900000000000000000e+01 2.300000000000000000e+01
5.000000000000000000e+01 9.000000000000000000e+00
5.100000000000000000e+01 2.800000000000000000e+01
5.200000000000000000e+01 8.000000000000000000e+00
5.300000000000000000e+01 2.900000000000000000e+01
5.400000000000000000e+01 5.000000000000000000e+00
5.500000000000000000e+01 1.500000000000000000e+01
5.700000000000000000e+01 7.000000000000000000e+00
5.800000000000000000e+01 3.000000000000000000e+00
5.900000000000000000e+01 6.000000000000000000e+00
6.000000000000000000e+01 6.000000000000000000e+00
6.100000000000000000e+01 7.000000000000000000e+00
6.200000000000000000e+01 3.000000000000000000e+00
6.300000000000000000e+01 4.000000000000000000e+00
6.400000000000000000e+01 2.000000000000000000e+00
6.600000000000000000e+01 1.000000000000000000e+00
6.800000000000000000e+01 2.000000000000000000e+00
6.900000000000000000e+01 1.000000000000000000e+00
7.400000000000000000e+01 1.000000000000000000e+00
7.700000000000000000e+01 1.000000000000000000e+00
9.700000000000000000e+01 1.000000000000000000e+00
9.900000000000000000e+01 1.000000000000000000e+00
1.040000000000000000e+02 1.000000000000000000e+00
1.070000000000000000e+02 1.000000000000000000e+00
1.080000000000000000e+02 1.000000000000000000e+00
1.160000000000000000e+02 1.000000000000000000e+00
1.180000000000000000e+02 1.000000000000000000e+00
1.200000000000000000e+02 1.000000000000000000e+00
1.220000000000000000e+02 1.000000000000000000e+00
1.360000000000000000e+02 1.000000000000000000e+00
1.380000000000000000e+02 1.000000000000000000e+00
1.420000000000000000e+02 1.000000000000000000e+00
1.630000000000000000e+02 1.000000000000000000e+00
1.670000000000000000e+02 1.000000000000000000e+00
2.250000000000000000e+02 2.000000000000000000e+00
2.290000000000000000e+02 1.000000000000000000e+00
2.700000000000000000e+02 1.000000000000000000e+00
3.390000000000000000e+02 1.000000000000000000e+00
4.190000000000000000e+02 1.000000000000000000e+00
4.920000000000000000e+02 1.000000000000000000e+00
2.515000000000000000e+03 1.000000000000000000e+00
