-4.000000000000000000e+00 4.000000000000000000e+00
-3.000000000000000000e+00 2.000000000000000000e+00
-2.000000000000000000e+00 1.700000000000000000e+01
-1.000000000000000000e+00 5.800000000000000000e+01
0.000000000000000000e+00 1.359000000000000000e+03
1.000000000000000000e+00 1.180000000000000000e+02
2.000000000000000000e+00 1.490000000000000000e+02
3.000000000000000000e+00 2.320000000000000000e+02
4.000000000000000000e+00 1.150000000000000000e+03
5.000000000000000000e+00 8.650000000000000000e+03
6.000000000000000000e+00 5.891000000000000000e+04
7.000000000000000000e+00 1.008870000000000000e+05
8.000000000000000000e+00 1.167940000000000000e+05
9.000000000000000000e+00 1.335700000000000000e+05
1.000000000000000000e+01 1.471780000000000000e+05
1.100000000000000000e+01 1.540730000000000000e+05
1.200000000000000000e+01 1.593390000000000000e+05
1.300000000000000000e+01 1.689410000000000000e+05
1.400000000000000000e+01 1.903710000000000000e+05
1.500000000000000000e+01 2.253070000000000000e+05
1.600000000000000000e+01 2.799630000000000000e+05
1.700000000000000000e+01 3.594850000000000000e+05
1.800000000000000000e+01 4.573140000000000000e+05
1.900000000000000000e+01 5.773750000000000000e+05
2.000000000000000000e+01 7.061670000000000000e+05
2.100000000000000000e+01 8.505270000000000000e+05
2.200000000000000000e+01 9.986870000000000000e+05
2.300000000000000000e+01 1.124804000000000000e+06
2.400000000000000000e+01 1.224083000000000000e+06
2.500000000000000000e+01 1.264510000000000000e+06
2.600000000000000000e+01 1.248570000000000000e+06
2.700000000000000000e+01 1.181679000000000000e+06
2.800000000000000000e+01 1.081603000000000000e+06
2.900000000000000000e+01 9.667780000000000000e+05
3.000000000000000000e+01 8.381120000000000000e+05
3.100000000000000000e+01 7.163600000000000000e+05
3.200000000000000000e+01 6.008040000000000000e+05
3.300000000000000000e+01 4.911890000000000000e+05
3.400000000000000000e+01 3.934520000000000000e+05
3.500000000000000000e+01 3.053860000000000000e+05
3.600000000000000000e+01 2.264660000000000000e+05
3.700000000000000000e+01 1.591290000000000000e+05
3.800000000000000000e+01 1.072270000000000000e+05
3.900000000000000000e+01 6.667100000000000000e+04
4.000000000000000000e+01 3.926400000000000000e+04
4.100000000000000000e+01 2.116400000000000000e+04
4.200000000000000000e+01 1.062000000000000000e+04
4.300000000000000000e+01 4.707000000000000000e+03
4.400000000000000000e+01 2.123000000000000000e+03
4.500000000000000000e+01 9.490000000000000000e+02
4.600000000000000000e+01 4.010000000000000000e+02
4.700000000000000000e+01 2.240000000000000000e+02
4.800000000000000000e+01 1.060000000000000000e+02
4.900000000000000000e+01 1.340000000000000000e+02
5.000000000000000000e+01 4.600000000000000000e+01
5.100000000000000000e+01 9.000000000000000000e+01
5.200000000000000000e+01 3.300000000000000000e+01
5.300000000000000000e+01 8.000000000000000000e+01
5.400000000000000000e+01 2.500000000000000000e+01
5.500000000000000000e+01 5.500000000000000000e+01
5.600000000000000000e+01 2.300000000000000000e+01
5.700000000000000000e+01 6.200000000000000000e+01
5.800000000000000000e+01 1.800000000000000000e+01
5.900000000000000000e+01 3.900000000000000000e+01
6.000000000000000000e+01 1.900000000000000000e+01
6.100000000000000000e+01 4.100000000000000000e+01
6.200000000000000000e+01 8.000000000000000000e+00
6.300000000000000000e+01 3.100000000000000000e+01
6.400000000000000000e+01 1.800000000000000000e+01
6.500000000000000000e+01 1.200000000000000000e+01
6.600000000000000000e+01 1.500000000000000000e+01
6.700000000000000000e+01 1.400000000000000000e+01
6.800000000000000000e+01 8.000000000000000000e+00
6.900000000000000000e+01 1.200000000000000000e+01
7.000000000000000000e+01 1.000000000000000000e+01
7.100000000000000000e+01 1.000000000000000000e+01
7.200000000000000000e+01 1.000000000000000000e+01
7.300000000000000000e+01 7.000000000000000000e+00
7.400000000000000000e+01 2.000000000000000000e+00
7.500000000000000000e+01 4.000000000000000000e+00
7.600000000000000000e+01 8.000000000000000000e+00
7.700000000000000000e+01 2.000000000000000000e+00
8.000000000000000000e+01 3.000000000000000000e+00
8.100000000000000000e+01 1.000000000000000000e+00
8.200000000000000000e+01 2.000000000000000000e+00
8.300000000000000000e+01 1.000000000000000000e+00
8.400000000000000000e+01 2.000000000000000000e+00
8.500000000000000000e+01 1.000000000000000000e+00
9.100000000000000000e+01 1.000000000000000000e+00
1.210000000000000000e+02 1.000000000000000000e+00
1.500000000000000000e+02 1.000000000000000000e+00
1.860000000000000000e+02 1.000000000000000000e+00
3.310000000000000000e+02 1.000000000000000000e+00
4.500000000000000000e+02 1.000000000000000000e+00
5.990000000000000000e+02 1.000000000000000000e+00
