-4.000000000000000000e+00 2.000000000000000000e+00
-3.000000000000000000e+00 2.000000000000000000e+00
-2.000000000000000000e+00 9.000000000000000000e+00
-1.000000000000000000e+00 2.900000000000000000e+01
0.000000000000000000e+00 1.333000000000000000e+03
1.000000000000000000e+00 7.900000000000000000e+01
2.000000000000000000e+00 8.400000000000000000e+01
3.000000000000000000e+00 1.560000000000000000e+02
4.000000000000000000e+00 9.980000000000000000e+02
5.000000000000000000e+00 6.858000000000000000e+03
6.000000000000000000e+00 4.420200000000000000e+04
7.000000000000000000e+00 7.460000000000000000e+04
8.000000000000000000e+00 8.750800000000000000e+04
9.000000000000000000e+00 9.842300000000000000e+04
1.000000000000000000e+01 1.080960000000000000e+05
1.100000000000000000e+01 1.112540000000000000e+05
1.200000000000000000e+01 1.120830000000000000e+05
1.300000000000000000e+01 1.164630000000000000e+05
1.400000000000000000e+01 1.270170000000000000e+05
1.500000000000000000e+01 1.476760000000000000e+05
1.600000000000000000e+01 1.808640000000000000e+05
1.700000000000000000e+01 2.302700000000000000e+05
1.800000000000000000e+01 2.949740000000000000e+05
1.900000000000000000e+01 3.709280000000000000e+05
2.000000000000000000e+01 4.597160000000000000e+05
2.100000000000000000e+01 5.573930000000000000e+05
2.200000000000000000e+01 6.613180000000000000e+05
2.300000000000000000e+01 7.537050000000000000e+05
2.400000000000000000e+01 8.268730000000000000e+05
2.500000000000000000e+01 8.662900000000000000e+05
2.600000000000000000e+01 8.594420000000000000e+05
2.700000000000000000e+01 8.201660000000000000e+05
2.800000000000000000e+01 7.612890000000000000e+05
2.900000000000000000e+01 6.865700000000000000e+05
3.000000000000000000e+01 6.048040000000000000e+05
3.100000000000000000e+01 5.228920000000000000e+05
3.200000000000000000e+01 4.439000000000000000e+05
3.300000000000000000e+01 3.692040000000000000e+05
3.400000000000000000e+01 2.982890000000000000e+05
3.500000000000000000e+01 2.332780000000000000e+05
3.600000000000000000e+01 1.753100000000000000e+05
3.700000000000000000e+01 1.247840000000000000e+05
3.800000000000000000e+01 8.432000000000000000e+04
3.900000000000000000e+01 5.284600000000000000e+04
4.000000000000000000e+01 3.132500000000000000e+04
4.100000000000000000e+01 1.704500000000000000e+04
4.200000000000000000e+01 8.547000000000000000e+03
4.300000000000000000e+01 3.838000000000000000e+03
4.400000000000000000e+01 1.684000000000000000e+03
4.500000000000000000e+01 7.360000000000000000e+02
4.600000000000000000e+01 3.210000000000000000e+02
4.700000000000000000e+01 1.490000000000000000e+02
4.800000000000000000e+01 6.600000000000000000e+01
4.900000000000000000e+01 6.900000000000000000e+01
5.000000000000000000e+01 3.600000000000000000e+01
5.100000000000000000e+01 3.800000000000000000e+01
5.200000000000000000e+01 2.300000000000000000e+01
5.300000000000000000e+01 3.300000000000000000e+01
5.400000000000000000e+01 2.000000000000000000e+01
5.500000000000000000e+01 2.800000000000000000e+01
5.600000000000000000e+01 1.300000000000000000e+01
5.700000000000000000e+01 2.300000000000000000e+01
5.800000000000000000e+01 1.400000000000000000e+01
5.900000000000000000e+01 2.500000000000000000e+01
6.000000000000000000e+01 1.000000000000000000e+01
6.100000000000000000e+01 1.400000000000000000e+01
6.200000000000000000e+01 9.000000000000000000e+00
6.300000000000000000e+01 1.300000000000000000e+01
6.400000000000000000e+01 6.000000000000000000e+00
6.500000000000000000e+01 9.000000000000000000e+00
6.600000000000000000e+01 1.000000000000000000e+01
6.700000000000000000e+01 1.200000000000000000e+01
6.800000000000000000e+01 2.000000000000000000e+00
6.900000000000000000e+01 3.000000000000000000e+00
7.000000000000000000e+01 7.000000000000000000e+00
7.100000000000000000e+01 2.000000000000000000e+00
7.200000000000000000e+01 3.000000000000000000e+00
7.300000000000000000e+01 3.000000000000000000e+00
7.400000000000000000e+01 2.000000000000000000e+00
7.500000000000000000e+01 3.000000000000000000e+00
7.600000000000000000e+01 8.000000000000000000e+00
7.700000000000000000e+01 1.000000000000000000e+00
7.900000000000000000e+01 1.000000000000000000e+00
8.000000000000000000e+01 1.000000000000000000e+00
8.200000000000000000e+01 4.000000000000000000e+00
8.400000000000000000e+01 1.000000000000000000e+00
9.000000000000000000e+01 1.000000000000000000e+00
9.700000000000000000e+01 1.000000000000000000e+00
1.090000000000000000e+02 1.000000000000000000e+00
1.170000000000000000e+02 1.000000000000000000e+00
1.270000000000000000e+02 1.000000000000000000e+00
1.330000000000000000e+02 1.000000000000000000e+00
1.450000000000000000e+02 1.000000000000000000e+00
2.780000000000000000e+02 1.000000000000000000e+00
4.130000000000000000e+02 1.000000000000000000e+00
8.160000000000000000e+02 1.000000000000000000e+00
1.430000000000000000e+03 1.000000000000000000e+00
