-4.000000000000000000e+00 7.000000000000000000e+00
-3.000000000000000000e+00 1.000000000000000000e+00
-2.000000000000000000e+00 6.000000000000000000e+00
-1.000000000000000000e+00 2.100000000000000000e+01
0.000000000000000000e+00 1.344000000000000000e+03
1.000000000000000000e+00 8.400000000000000000e+01
2.000000000000000000e+00 1.000000000000000000e+02
3.000000000000000000e+00 1.570000000000000000e+02
4.000000000000000000e+00 9.390000000000000000e+02
5.000000000000000000e+00 6.555000000000000000e+03
6.000000000000000000e+00 4.426300000000000000e+04
7.000000000000000000e+00 7.420500000000000000e+04
8.000000000000000000e+00 8.692900000000000000e+04
9.000000000000000000e+00 9.886000000000000000e+04
1.000000000000000000e+01 1.074060000000000000e+05
1.100000000000000000e+01 1.110960000000000000e+05
1.200000000000000000e+01 1.126500000000000000e+05
1.300000000000000000e+01 1.157340000000000000e+05
1.400000000000000000e+01 1.260600000000000000e+05
1.500000000000000000e+01 1.469980000000000000e+05
1.600000000000000000e+01 1.803470000000000000e+05
1.700000000000000000e+01 2.293300000000000000e+05
1.800000000000000000e+01 2.936710000000000000e+05
1.900000000000000000e+01 3.708780000000000000e+05
2.000000000000000000e+01 4.595950000000000000e+05
2.100000000000000000e+01 5.552980000000000000e+05
2.200000000000000000e+01 6.589810000000000000e+05
2.300000000000000000e+01 7.514480000000000000e+05
2.400000000000000000e+01 8.265720000000000000e+05
2.500000000000000000e+01 8.622540000000000000e+05
2.600000000000000000e+01 8.580450000000000000e+05
2.700000000000000000e+01 8.208120000000000000e+05
2.800000000000000000e+01 7.593090000000000000e+05
2.900000000000000000e+01 6.852390000000000000e+05
3.000000000000000000e+01 6.042970000000000000e+05
3.100000000000000000e+01 5.232960000000000000e+05
3.200000000000000000e+01 4.435500000000000000e+05
3.300000000000000000e+01 3.686170000000000000e+05
3.400000000000000000e+01 2.984700000000000000e+05
3.500000000000000000e+01 2.342510000000000000e+05
3.600000000000000000e+01 1.759650000000000000e+05
3.700000000000000000e+01 1.248110000000000000e+05
3.800000000000000000e+01 8.430800000000000000e+04
3.900000000000000000e+01 5.293800000000000000e+04
4.000000000000000000e+01 3.129600000000000000e+04
4.100000000000000000e+01 1.682100000000000000e+04
4.200000000000000000e+01 8.588000000000000000e+03
4.300000000000000000e+01 3.817000000000000000e+03
4.400000000000000000e+01 1.770000000000000000e+03
4.500000000000000000e+01 7.340000000000000000e+02
4.600000000000000000e+01 3.350000000000000000e+02
4.700000000000000000e+01 1.650000000000000000e+02
4.800000000000000000e+01 7.400000000000000000e+01
4.900000000000000000e+01 7.500000000000000000e+01
5.000000000000000000e+01 3.200000000000000000e+01
5.100000000000000000e+01 3.800000000000000000e+01
5.200000000000000000e+01 2.600000000000000000e+01
5.300000000000000000e+01 2.600000000000000000e+01
5.400000000000000000e+01 1.600000000000000000e+01
5.500000000000000000e+01 2.800000000000000000e+01
5.600000000000000000e+01 1.400000000000000000e+01
5.700000000000000000e+01 2.200000000000000000e+01
5.800000000000000000e+01 7.000000000000000000e+00
5.900000000000000000e+01 2.200000000000000000e+01
6.000000000000000000e+01 1.000000000000000000e+01
6.100000000000000000e+01 2.000000000000000000e+01
6.200000000000000000e+01 1.200000000000000000e+01
6.300000000000000000e+01 1.400000000000000000e+01
6.400000000000000000e+01 7.000000000000000000e+00
6.500000000000000000e+01 1.300000000000000000e+01
6.600000000000000000e+01 1.400000000000000000e+01
6.700000000000000000e+01 4.000000000000000000e+00
6.800000000000000000e+01 8.000000000000000000e+00
6.900000000000000000e+01 4.000000000000000000e+00
7.000000000000000000e+01 8.000000000000000000e+00
7.100000000000000000e+01 2.000000000000000000e+00
7.200000000000000000e+01 5.000000000000000000e+00
7.300000000000000000e+01 6.000000000000000000e+00
7.400000000000000000e+01 4.000000000000000000e+00
7.500000000000000000e+01 1.000000000000000000e+00
7.600000000000000000e+01 3.000000000000000000e+00
7.800000000000000000e+01 5.000000000000000000e+00
7.900000000000000000e+01 1.000000000000000000e+00
8.000000000000000000e+01 2.000000000000000000e+00
8.200000000000000000e+01 1.000000000000000000e+00
8.400000000000000000e+01 1.000000000000000000e+00
8.500000000000000000e+01 2.000000000000000000e+00
1.360000000000000000e+02 1.000000000000000000e+00
1.380000000000000000e+02 1.000000000000000000e+00
1.420000000000000000e+02 1.000000000000000000e+00
1.850000000000000000e+02 1.000000000000000000e+00
3.050000000000000000e+02 1.000000000000000000e+00
4.230000000000000000e+02 1.000000000000000000e+00
4.530000000000000000e+02 1.000000000000000000e+00
7.400000000000000000e+02 1.000000000000000000e+00
