-4.000000000000000000e+00 6.000000000000000000e+00
-3.000000000000000000e+00 1.200000000000000000e+01
-2.000000000000000000e+00 1.400000000000000000e+01
-1.000000000000000000e+00 1.140000000000000000e+02
0.000000000000000000e+00 1.416000000000000000e+03
1.000000000000000000e+00 2.200000000000000000e+02
2.000000000000000000e+00 2.620000000000000000e+02
3.000000000000000000e+00 4.250000000000000000e+02
4.000000000000000000e+00 2.154000000000000000e+03
5.000000000000000000e+00 1.588500000000000000e+04
6.000000000000000000e+00 1.111870000000000000e+05
7.000000000000000000e+00 1.923840000000000000e+05
8.000000000000000000e+00 2.311510000000000000e+05
9.000000000000000000e+00 2.742340000000000000e+05
1.000000000000000000e+01 3.157290000000000000e+05
1.100000000000000000e+01 3.459300000000000000e+05
1.200000000000000000e+01 3.652390000000000000e+05
1.300000000000000000e+01 3.819570000000000000e+05
1.400000000000000000e+01 4.012950000000000000e+05
1.500000000000000000e+01 4.256520000000000000e+05
1.600000000000000000e+01 4.640860000000000000e+05
1.700000000000000000e+01 5.297480000000000000e+05
1.800000000000000000e+01 6.141730000000000000e+05
1.900000000000000000e+01 7.208960000000000000e+05
2.000000000000000000e+01 8.497480000000000000e+05
2.100000000000000000e+01 1.003819000000000000e+06
2.200000000000000000e+01 1.168409000000000000e+06
2.300000000000000000e+01 1.310802000000000000e+06
2.400000000000000000e+01 1.418709000000000000e+06
2.500000000000000000e+01 1.456166000000000000e+06
2.600000000000000000e+01 1.428631000000000000e+06
2.700000000000000000e+01 1.355193000000000000e+06
2.800000000000000000e+01 1.262599000000000000e+06
2.900000000000000000e+01 1.163833000000000000e+06
3.000000000000000000e+01 1.064183000000000000e+06
3.100000000000000000e+01 9.737510000000000000e+05
3.200000000000000000e+01 8.952940000000000000e+05
3.300000000000000000e+01 8.220880000000000000e+05
3.400000000000000000e+01 7.578320000000000000e+05
3.500000000000000000e+01 7.011670000000000000e+05
3.600000000000000000e+01 6.445360000000000000e+05
3.700000000000000000e+01 5.910730000000000000e+05
3.800000000000000000e+01 5.406040000000000000e+05
3.900000000000000000e+01 4.897450000000000000e+05
4.000000000000000000e+01 4.395720000000000000e+05
4.100000000000000000e+01 3.893820000000000000e+05
4.200000000000000000e+01 3.384070000000000000e+05
4.300000000000000000e+01 2.877190000000000000e+05
4.400000000000000000e+01 2.385590000000000000e+05
4.500000000000000000e+01 1.926790000000000000e+05
4.600000000000000000e+01 1.503370000000000000e+05
4.700000000000000000e+01 1.128380000000000000e+05
4.800000000000000000e+01 8.127500000000000000e+04
4.900000000000000000e+01 5.512200000000000000e+04
5.000000000000000000e+01 3.590100000000000000e+04
5.100000000000000000e+01 2.239700000000000000e+04
5.200000000000000000e+01 1.310300000000000000e+04
5.300000000000000000e+01 7.547000000000000000e+03
5.400000000000000000e+01 4.021000000000000000e+03
5.500000000000000000e+01 2.217000000000000000e+03
5.600000000000000000e+01 1.164000000000000000e+03
5.700000000000000000e+01 5.870000000000000000e+02
5.800000000000000000e+01 3.520000000000000000e+02
5.900000000000000000e+01 2.110000000000000000e+02
6.000000000000000000e+01 1.040000000000000000e+02
6.100000000000000000e+01 1.160000000000000000e+02
6.200000000000000000e+01 6.800000000000000000e+01
6.300000000000000000e+01 7.400000000000000000e+01
6.400000000000000000e+01 5.200000000000000000e+01
6.500000000000000000e+01 5.200000000000000000e+01
6.600000000000000000e+01 4.500000000000000000e+01
6.700000000000000000e+01 4.800000000000000000e+01
6.800000000000000000e+01 3.500000000000000000e+01
6.900000000000000000e+01 2.300000000000000000e+01
7.000000000000000000e+01 2.700000000000000000e+01
7.100000000000000000e+01 3.600000000000000000e+01
7.200000000000000000e+01 2.500000000000000000e+01
7.300000000000000000e+01 1.700000000000000000e+01
7.400000000000000000e+01 2.500000000000000000e+01
7.500000000000000000e+01 6.000000000000000000e+00
7.600000000000000000e+01 2.300000000000000000e+01
7.700000000000000000e+01 8.000000000000000000e+00
7.800000000000000000e+01 2.200000000000000000e+01
7.900000000000000000e+01 8.000000000000000000e+00
8.000000000000000000e+01 1.400000000000000000e+01
8.100000000000000000e+01 3.000000000000000000e+00
8.200000000000000000e+01 2.000000000000000000e+01
8.300000000000000000e+01 3.000000000000000000e+00
8.400000000000000000e+01 1.300000000000000000e+01
8.500000000000000000e+01 5.000000000000000000e+00
8.600000000000000000e+01 1.500000000000000000e+01
8.700000000000000000e+01 4.000000000000000000e+00
8.800000000000000000e+01 9.000000000000000000e+00
8.900000000000000000e+01 8.000000000000000000e+00
9.000000000000000000e+01 4.000000000000000000e+00
9.100000000000000000e+01 6.000000000000000000e+00
9.200000000000000000e+01 4.000000000000000000e+00
9.300000000000000000e+01 5.000000000000000000e+00
9.400000000000000000e+01 4.000000000000000000e+00
9.600000000000000000e+01 4.000000000000000000e+00
9.700000000000000000e+01 1.000000000000000000e+00
9.800000000000000000e+01 2.000000000000000000e+00
9.900000000000000000e+01 3.000000000000000000e+00
1.000000000000000000e+02 1.000000000000000000e+00
1.010000000000000000e+02 3.000000000000000000e+00
1.030000000000000000e+02 4.000000000000000000e+00
1.040000000000000000e+02 1.000000000000000000e+00
1.110000000000000000e+02 2.000000000000000000e+00
1.350000000000000000e+02 1.000000000000000000e+00
1.890000000000000000e+02 1.000000000000000000e+00
2.140000000000000000e+02 1.000000000000000000e+00
2.520000000000000000e+02 1.000000000000000000e+00
3.030000000000000000e+02 1.000000000000000000e+00
1.212000000000000000e+03 1.000000000000000000e+00
2.647000000000000000e+03 1.000000000000000000e+00
3.139000000000000000e+03 1.000000000000000000e+00
