-4.000000000000000000e+00 2.000000000000000000e+00
-3.000000000000000000e+00 1.000000000000000000e+00
-2.000000000000000000e+00 5.000000000000000000e+00
-1.000000000000000000e+00 2.400000000000000000e+01
0.000000000000000000e+00 1.355000000000000000e+03
1.000000000000000000e+00 5.200000000000000000e+01
2.000000000000000000e+00 1.160000000000000000e+02
3.000000000000000000e+00 1.540000000000000000e+02
4.000000000000000000e+00 6.890000000000000000e+02
5.000000000000000000e+00 4.114000000000000000e+03
6.000000000000000000e+00 2.446500000000000000e+04
7.000000000000000000e+00 4.608000000000000000e+04
8.000000000000000000e+00 6.554200000000000000e+04
9.000000000000000000e+00 9.412600000000000000e+04
1.000000000000000000e+01 1.347530000000000000e+05
1.100000000000000000e+01 1.862790000000000000e+05
1.200000000000000000e+01 2.544030000000000000e+05
1.300000000000000000e+01 3.443440000000000000e+05
1.400000000000000000e+01 4.597070000000000000e+05
1.500000000000000000e+01 5.993060000000000000e+05
1.600000000000000000e+01 7.690860000000000000e+05
1.700000000000000000e+01 9.735640000000000000e+05
1.800000000000000000e+01 1.196972000000000000e+06
1.900000000000000000e+01 1.402265000000000000e+06
2.000000000000000000e+01 1.558010000000000000e+06
2.100000000000000000e+01 1.642313000000000000e+06
2.200000000000000000e+01 1.608858000000000000e+06
2.300000000000000000e+01 1.435583000000000000e+06
2.400000000000000000e+01 1.147788000000000000e+06
2.500000000000000000e+01 7.959700000000000000e+05
2.600000000000000000e+01 4.783260000000000000e+05
2.700000000000000000e+01 2.509200000000000000e+05
2.800000000000000000e+01 1.198950000000000000e+05
2.900000000000000000e+01 5.577300000000000000e+04
3.000000000000000000e+01 2.646200000000000000e+04
3.100000000000000000e+01 1.285500000000000000e+04
3.200000000000000000e+01 5.769000000000000000e+03
3.300000000000000000e+01 2.411000000000000000e+03
3.400000000000000000e+01 9.540000000000000000e+02
3.500000000000000000e+01 3.370000000000000000e+02
3.600000000000000000e+01 1.480000000000000000e+02
3.700000000000000000e+01 9.600000000000000000e+01
3.800000000000000000e+01 7.900000000000000000e+01
3.900000000000000000e+01 3.000000000000000000e+01
4.000000000000000000e+01 7.500000000000000000e+01
4.100000000000000000e+01 3.800000000000000000e+01
4.200000000000000000e+01 5.200000000000000000e+01
4.300000000000000000e+01 3.400000000000000000e+01
4.400000000000000000e+01 3.800000000000000000e+01
4.500000000000000000e+01 3.400000000000000000e+01
4.600000000000000000e+01 2.900000000000000000e+01
4.700000000000000000e+01 2.600000000000000000e+01
4.800000000000000000e+01 1.700000000000000000e+01
4.900000000000000000e+01 4.700000000000000000e+01
5.000000000000000000e+01 1.300000000000000000e+01
5.100000000000000000e+01 2.400000000000000000e+01
5.200000000000000000e+01 8.000000000000000000e+00
5.300000000000000000e+01 1.300000000000000000e+01
5.400000000000000000e+01 1.300000000000000000e+01
5.500000000000000000e+01 8.000000000000000000e+00
5.600000000000000000e+01 4.000000000000000000e+00
5.700000000000000000e+01 8.000000000000000000e+00
5.800000000000000000e+01 5.000000000000000000e+00
5.900000000000000000e+01 1.000000000000000000e+00
6.000000000000000000e+01 1.000000000000000000e+00
6.100000000000000000e+01 2.000000000000000000e+00
6.200000000000000000e+01 1.000000000000000000e+00
6.300000000000000000e+01 2.000000000000000000e+00
6.400000000000000000e+01 1.000000000000000000e+00
6.500000000000000000e+01 1.000000000000000000e+00
6.700000000000000000e+01 1.000000000000000000e+00
6.800000000000000000e+01 1.000000000000000000e+00
6.900000000000000000e+01 1.000000000000000000e+00
7.300000000000000000e+01 1.000000000000000000e+00
7.700000000000000000e+01 1.000000000000000000e+00
7.800000000000000000e+01 1.000000000000000000e+00
8.100000000000000000e+01 1.000000000000000000e+00
8.400000000000000000e+01 2.000000000000000000e+00
8.500000000000000000e+01 2.000000000000000000e+00
8.700000000000000000e+01 1.000000000000000000e+00
8.800000000000000000e+01 1.000000000000000000e+00
8.900000000000000000e+01 1.000000000000000000e+00
9.100000000000000000e+01 1.000000000000000000e+00
9.500000000000000000e+01 1.000000000000000000e+00
1.030000000000000000e+02 1.000000000000000000e+00
1.210000000000000000e+02 1.000000000000000000e+00
1.270000000000000000e+02 1.000000000000000000e+00
1.400000000000000000e+02 1.000000000000000000e+00
1.510000000000000000e+02 1.000000000000000000e+00
1.560000000000000000e+02 1.000000000000000000e+00
1.690000000000000000e+02 1.000000000000000000e+00
1.810000000000000000e+02 1.000000000000000000e+00
1.900000000000000000e+02 1.000000000000000000e+00
2.040000000000000000e+02 1.000000000000000000e+00
2.070000000000000000e+02 1.000000000000000000e+00
2.260000000000000000e+02 1.000000000000000000e+00
2.290000000000000000e+02 1.000000000000000000e+00
2.320000000000000000e+02 1.000000000000000000e+00
2.550000000000000000e+02 1.000000000000000000e+00
2.620000000000000000e+02 1.000000000000000000e+00
2.790000000000000000e+02 1.000000000000000000e+00
3.380000000000000000e+02 1.000000000000000000e+00
4.160000000000000000e+02 2.000000000000000000e+00
4.280000000000000000e+02 2.000000000000000000e+00
5.020000000000000000e+02 1.000000000000000000e+00
5.970000000000000000e+02 1.000000000000000000e+00
5.980000000000000000e+02 1.000000000000000000e+00
9.530000000000000000e+02 1.000000000000000000e+00
1.687000000000000000e+03 1.000000000000000000e+00
1.979000000000000000e+03 1.000000000000000000e+00
2.650000000000000000e+03 1.000000000000000000e+00
