-4.000000000000000000e+00 1.000000000000000000e+00
-2.000000000000000000e+00 3.000000000000000000e+00
-1.000000000000000000e+00 1.000000000000000000e+01
0.000000000000000000e+00 1.323000000000000000e+03
1.000000000000000000e+00 3.000000000000000000e+01
2.000000000000000000e+00 4.900000000000000000e+01
3.000000000000000000e+00 7.800000000000000000e+01
4.000000000000000000e+00 6.490000000000000000e+02
5.000000000000000000e+00 2.953000000000000000e+03
6.000000000000000000e+00 1.436700000000000000e+04
7.000000000000000000e+00 2.602200000000000000e+04
8.000000000000000000e+00 3.698600000000000000e+04
9.000000000000000000e+00 5.241800000000000000e+04
1.000000000000000000e+01 7.437400000000000000e+04
1.100000000000000000e+01 1.026530000000000000e+05
1.200000000000000000e+01 1.403750000000000000e+05
1.300000000000000000e+01 1.924410000000000000e+05
1.400000000000000000e+01 2.596100000000000000e+05
1.500000000000000000e+01 3.447520000000000000e+05
1.600000000000000000e+01 4.489910000000000000e+05
1.700000000000000000e+01 5.792450000000000000e+05
1.800000000000000000e+01 7.230550000000000000e+05
1.900000000000000000e+01 8.670690000000000000e+05
2.000000000000000000e+01 1.004787000000000000e+06
2.100000000000000000e+01 1.119710000000000000e+06
2.200000000000000000e+01 1.203146000000000000e+06
2.300000000000000000e+01 1.231235000000000000e+06
2.400000000000000000e+01 1.203970000000000000e+06
2.500000000000000000e+01 1.105171000000000000e+06
2.600000000000000000e+01 9.531350000000000000e+05
2.700000000000000000e+01 7.633850000000000000e+05
2.800000000000000000e+01 5.607360000000000000e+05
2.900000000000000000e+01 3.721020000000000000e+05
3.000000000000000000e+01 2.202610000000000000e+05
3.100000000000000000e+01 1.167530000000000000e+05
3.200000000000000000e+01 5.399600000000000000e+04
3.300000000000000000e+01 2.282700000000000000e+04
3.400000000000000000e+01 8.719000000000000000e+03
3.500000000000000000e+01 3.374000000000000000e+03
3.600000000000000000e+01 1.193000000000000000e+03
3.700000000000000000e+01 4.030000000000000000e+02
3.800000000000000000e+01 1.940000000000000000e+02
3.900000000000000000e+01 6.700000000000000000e+01
4.000000000000000000e+01 5.800000000000000000e+01
4.100000000000000000e+01 3.700000000000000000e+01
4.200000000000000000e+01 3.200000000000000000e+01
4.300000000000000000e+01 3.500000000000000000e+01
4.400000000000000000e+01 3.500000000000000000e+01
4.500000000000000000e+01 2.500000000000000000e+01
4.600000000000000000e+01 1.500000000000000000e+01
4.700000000000000000e+01 1.800000000000000000e+01
4.800000000000000000e+01 1.400000000000000000e+01
4.900000000000000000e+01 2.900000000000000000e+01
5.000000000000000000e+01 1.200000000000000000e+01
5.100000000000000000e+01 2.500000000000000000e+01
5.200000000000000000e+01 8.000000000000000000e+00
5.300000000000000000e+01 2.300000000000000000e+01
5.400000000000000000e+01 4.000000000000000000e+00
5.500000000000000000e+01 1.400000000000000000e+01
5.600000000000000000e+01 3.000000000000000000e+00
5.700000000000000000e+01 1.300000000000000000e+01
5.800000000000000000e+01 3.000000000000000000e+00
5.900000000000000000e+01 8.000000000000000000e+00
6.000000000000000000e+01 2.000000000000000000e+00
6.100000000000000000e+01 4.000000000000000000e+00
6.400000000000000000e+01 1.000000000000000000e+00
6.500000000000000000e+01 1.000000000000000000e+00
6.600000000000000000e+01 2.000000000000000000e+00
6.700000000000000000e+01 1.000000000000000000e+00
6.800000000000000000e+01 1.000000000000000000e+00
7.200000000000000000e+01 1.000000000000000000e+00
7.300000000000000000e+01 2.000000000000000000e+00
7.900000000000000000e+01 1.000000000000000000e+00
8.100000000000000000e+01 1.000000000000000000e+00
8.400000000000000000e+01 1.000000000000000000e+00
8.600000000000000000e+01 1.000000000000000000e+00
9.200000000000000000e+01 1.000000000000000000e+00
9.800000000000000000e+01 1.000000000000000000e+00
1.000000000000000000e+02 1.000000000000000000e+00
1.100000000000000000e+02 1.000000000000000000e+00
1.120000000000000000e+02 1.000000000000000000e+00
1.250000000000000000e+02 1.000000000000000000e+00
1.670000000000000000e+02 1.000000000000000000e+00
2.070000000000000000e+02 1.000000000000000000e+00
2.180000000000000000e+02 2.000000000000000000e+00
4.940000000000000000e+02 1.000000000000000000e+00
5.650000000000000000e+02 1.000000000000000000e+00
7.500000000000000000e+02 1.000000000000000000e+00
9.390000000000000000e+02 1.000000000000000000e+00
1.109000000000000000e+03 1.000000000000000000e+00
