-4.000000000000000000e+00 4.000000000000000000e+00
-3.000000000000000000e+00 3.000000000000000000e+00
-2.000000000000000000e+00 2.600000000000000000e+01
-1.000000000000000000e+00 5.400000000000000000e+01
0.000000000000000000e+00 1.378000000000000000e+03
1.000000000000000000e+00 1.010000000000000000e+02
2.000000000000000000e+00 1.550000000000000000e+02
3.000000000000000000e+00 2.250000000000000000e+02
4.000000000000000000e+00 1.094000000000000000e+03
5.000000000000000000e+00 8.876000000000000000e+03
6.000000000000000000e+00 5.988200000000000000e+04
7.000000000000000000e+00 1.024110000000000000e+05
8.000000000000000000e+00 1.197190000000000000e+05
9.000000000000000000e+00 1.358410000000000000e+05
1.000000000000000000e+01 1.506680000000000000e+05
1.100000000000000000e+01 1.569030000000000000e+05
1.200000000000000000e+01 1.625980000000000000e+05
1.300000000000000000e+01 1.726420000000000000e+05
1.400000000000000000e+01 1.942430000000000000e+05
1.500000000000000000e+01 2.302990000000000000e+05
1.600000000000000000e+01 2.872690000000000000e+05
1.700000000000000000e+01 3.676770000000000000e+05
1.800000000000000000e+01 4.700470000000000000e+05
1.900000000000000000e+01 5.892160000000000000e+05
2.000000000000000000e+01 7.247990000000000000e+05
2.100000000000000000e+01 8.691120000000000000e+05
2.200000000000000000e+01 1.021414000000000000e+06
2.300000000000000000e+01 1.148611000000000000e+06
2.400000000000000000e+01 1.249899000000000000e+06
2.500000000000000000e+01 1.290862000000000000e+06
2.600000000000000000e+01 1.273997000000000000e+06
2.700000000000000000e+01 1.203612000000000000e+06
2.800000000000000000e+01 1.102280000000000000e+06
2.900000000000000000e+01 9.837500000000000000e+05
3.000000000000000000e+01 8.541540000000000000e+05
3.100000000000000000e+01 7.278880000000000000e+05
3.200000000000000000e+01 6.078770000000000000e+05
3.300000000000000000e+01 4.981220000000000000e+05
3.400000000000000000e+01 3.999590000000000000e+05
3.500000000000000000e+01 3.099740000000000000e+05
3.600000000000000000e+01 2.281460000000000000e+05
3.700000000000000000e+01 1.610080000000000000e+05
3.800000000000000000e+01 1.071740000000000000e+05
3.900000000000000000e+01 6.693400000000000000e+04
4.000000000000000000e+01 3.899100000000000000e+04
4.100000000000000000e+01 2.115100000000000000e+04
4.200000000000000000e+01 1.048000000000000000e+04
4.300000000000000000e+01 4.802000000000000000e+03
4.400000000000000000e+01 2.106000000000000000e+03
4.500000000000000000e+01 8.850000000000000000e+02
4.600000000000000000e+01 4.010000000000000000e+02
4.700000000000000000e+01 2.020000000000000000e+02
4.800000000000000000e+01 1.040000000000000000e+02
4.900000000000000000e+01 1.210000000000000000e+02
5.000000000000000000e+01 5.700000000000000000e+01
5.100000000000000000e+01 7.700000000000000000e+01
5.200000000000000000e+01 4.300000000000000000e+01
5.300000000000000000e+01 7.500000000000000000e+01
5.400000000000000000e+01 2.800000000000000000e+01
5.500000000000000000e+01 7.100000000000000000e+01
5.600000000000000000e+01 2.000000000000000000e+01
5.700000000000000000e+01 4.700000000000000000e+01
5.800000000000000000e+01 1.900000000000000000e+01
5.900000000000000000e+01 3.100000000000000000e+01
6.000000000000000000e+01 1.700000000000000000e+01
6.100000000000000000e+01 3.700000000000000000e+01
6.200000000000000000e+01 1.100000000000000000e+01
6.300000000000000000e+01 3.000000000000000000e+01
6.400000000000000000e+01 2.000000000000000000e+01
6.500000000000000000e+01 1.700000000000000000e+01
6.600000000000000000e+01 1.600000000000000000e+01
6.700000000000000000e+01 2.100000000000000000e+01
6.800000000000000000e+01 1.400000000000000000e+01
6.900000000000000000e+01 9.000000000000000000e+00
7.000000000000000000e+01 1.000000000000000000e+01
7.100000000000000000e+01 8.000000000000000000e+00
7.200000000000000000e+01 7.000000000000000000e+00
7.300000000000000000e+01 4.000000000000000000e+00
7.400000000000000000e+01 5.000000000000000000e+00
7.500000000000000000e+01 4.000000000000000000e+00
7.600000000000000000e+01 6.000000000000000000e+00
7.800000000000000000e+01 3.000000000000000000e+00
7.900000000000000000e+01 1.000000000000000000e+00
8.000000000000000000e+01 1.000000000000000000e+00
8.200000000000000000e+01 1.000000000000000000e+00
8.900000000000000000e+01 1.000000000000000000e+00
9.600000000000000000e+01 1.000000000000000000e+00
9.800000000000000000e+01 1.000000000000000000e+00
1.210000000000000000e+02 1.000000000000000000e+00
1.470000000000000000e+02 1.000000000000000000e+00
2.180000000000000000e+02 1.000000000000000000e+00
2.190000000000000000e+02 1.000000000000000000e+00
2.370000000000000000e+02 1.000000000000000000e+00
2.510000000000000000e+02 1.000000000000000000e+00
