-4.000000000000000000e+00 6.000000000000000000e+00
-3.000000000000000000e+00 1.000000000000000000e+00
-2.000000000000000000e+00 1.500000000000000000e+01
-1.000000000000000000e+00 5.100000000000000000e+01
0.000000000000000000e+00 1.364000000000000000e+03
1.000000000000000000e+00 1.210000000000000000e+02
2.000000000000000000e+00 1.270000000000000000e+02
3.000000000000000000e+00 2.490000000000000000e+02
4.000000000000000000e+00 1.137000000000000000e+03
5.000000000000000000e+00 8.535000000000000000e+03
6.000000000000000000e+00 5.899900000000000000e+04
7.000000000000000000e+00 1.013160000000000000e+05
8.000000000000000000e+00 1.175540000000000000e+05
9.000000000000000000e+00 1.345210000000000000e+05
1.000000000000000000e+01 1.484250000000000000e+05
1.100000000000000000e+01 1.563300000000000000e+05
1.200000000000000000e+01 1.603050000000000000e+05
1.300000000000000000e+01 1.704030000000000000e+05
1.400000000000000000e+01 1.921500000000000000e+05
1.500000000000000000e+01 2.290800000000000000e+05
1.600000000000000000e+01 2.850430000000000000e+05
1.700000000000000000e+01 3.644790000000000000e+05
1.800000000000000000e+01 4.655320000000000000e+05
1.900000000000000000e+01 5.839910000000000000e+05
2.000000000000000000e+01 7.158160000000000000e+05
2.100000000000000000e+01 8.603440000000000000e+05
2.200000000000000000e+01 1.008636000000000000e+06
2.300000000000000000e+01 1.137005000000000000e+06
2.400000000000000000e+01 1.236417000000000000e+06
2.500000000000000000e+01 1.274808000000000000e+06
2.600000000000000000e+01 1.254102000000000000e+06
2.700000000000000000e+01 1.187268000000000000e+06
2.800000000000000000e+01 1.083178000000000000e+06
2.900000000000000000e+01 9.653010000000000000e+05
3.000000000000000000e+01 8.407990000000000000e+05
3.100000000000000000e+01 7.151180000000000000e+05
3.200000000000000000e+01 5.986680000000000000e+05
3.300000000000000000e+01 4.901180000000000000e+05
3.400000000000000000e+01 3.913840000000000000e+05
3.500000000000000000e+01 3.020750000000000000e+05
3.600000000000000000e+01 2.253590000000000000e+05
3.700000000000000000e+01 1.574210000000000000e+05
3.800000000000000000e+01 1.049270000000000000e+05
3.900000000000000000e+01 6.567200000000000000e+04
4.000000000000000000e+01 3.792700000000000000e+04
4.100000000000000000e+01 2.047200000000000000e+04
4.200000000000000000e+01 1.000900000000000000e+04
4.300000000000000000e+01 4.627000000000000000e+03
4.400000000000000000e+01 2.125000000000000000e+03
4.500000000000000000e+01 8.690000000000000000e+02
4.600000000000000000e+01 4.210000000000000000e+02
4.700000000000000000e+01 2.050000000000000000e+02
4.800000000000000000e+01 1.090000000000000000e+02
4.900000000000000000e+01 1.070000000000000000e+02
5.000000000000000000e+01 4.200000000000000000e+01
5.100000000000000000e+01 7.600000000000000000e+01
5.200000000000000000e+01 4.700000000000000000e+01
5.300000000000000000e+01 6.600000000000000000e+01
5.400000000000000000e+01 2.600000000000000000e+01
5.500000000000000000e+01 4.700000000000000000e+01
5.600000000000000000e+01 2.700000000000000000e+01
5.700000000000000000e+01 5.000000000000000000e+01
5.800000000000000000e+01 1.300000000000000000e+01
5.900000000000000000e+01 4.400000000000000000e+01
6.000000000000000000e+01 1.600000000000000000e+01
6.100000000000000000e+01 4.100000000000000000e+01
6.200000000000000000e+01 1.400000000000000000e+01
6.300000000000000000e+01 3.000000000000000000e+01
6.400000000000000000e+01 2.200000000000000000e+01
6.500000000000000000e+01 1.600000000000000000e+01
6.600000000000000000e+01 8.000000000000000000e+00
6.700000000000000000e+01 1.200000000000000000e+01
6.800000000000000000e+01 7.000000000000000000e+00
6.900000000000000000e+01 1.500000000000000000e+01
7.000000000000000000e+01 1.000000000000000000e+01
7.100000000000000000e+01 7.000000000000000000e+00
7.200000000000000000e+01 3.000000000000000000e+00
7.300000000000000000e+01 1.100000000000000000e+01
7.400000000000000000e+01 3.000000000000000000e+00
7.500000000000000000e+01 3.000000000000000000e+00
7.600000000000000000e+01 8.000000000000000000e+00
7.800000000000000000e+01 6.000000000000000000e+00
7.900000000000000000e+01 1.000000000000000000e+00
8.000000000000000000e+01 4.000000000000000000e+00
8.100000000000000000e+01 1.000000000000000000e+00
8.200000000000000000e+01 2.000000000000000000e+00
8.400000000000000000e+01 1.000000000000000000e+00
9.400000000000000000e+01 1.000000000000000000e+00
1.120000000000000000e+02 1.000000000000000000e+00
1.310000000000000000e+02 1.000000000000000000e+00
1.330000000000000000e+02 1.000000000000000000e+00
1.550000000000000000e+02 1.000000000000000000e+00
1.850000000000000000e+02 1.000000000000000000e+00
1.118000000000000000e+03 1.000000000000000000e+00
1.778000000000000000e+03 1.000000000000000000e+00
