-4.000000000000000000e+00 1.000000000000000000e+00
-3.000000000000000000e+00 6.000000000000000000e+00
-2.000000000000000000e+00 1.200000000000000000e+01
-1.000000000000000000e+00 4.300000000000000000e+01
0.000000000000000000e+00 1.356000000000000000e+03
1.000000000000000000e+00 1.020000000000000000e+02
2.000000000000000000e+00 1.550000000000000000e+02
3.000000000000000000e+00 1.820000000000000000e+02
4.000000000000000000e+00 1.165000000000000000e+03
5.000000000000000000e+00 8.818000000000000000e+03
6.000000000000000000e+00 6.009000000000000000e+04
7.000000000000000000e+00 1.026550000000000000e+05
8.000000000000000000e+00 1.192260000000000000e+05
9.000000000000000000e+00 1.359750000000000000e+05
1.000000000000000000e+01 1.496580000000000000e+05
1.100000000000000000e+01 1.568520000000000000e+05
1.200000000000000000e+01 1.627320000000000000e+05
1.300000000000000000e+01 1.723250000000000000e+05
1.400000000000000000e+01 1.933860000000000000e+05
1.500000000000000000e+01 2.313030000000000000e+05
1.600000000000000000e+01 2.871800000000000000e+05
1.700000000000000000e+01 3.675940000000000000e+05
1.800000000000000000e+01 4.697070000000000000e+05
1.900000000000000000e+01 5.898590000000000000e+05
2.000000000000000000e+01 7.243060000000000000e+05
2.100000000000000000e+01 8.695050000000000000e+05
2.200000000000000000e+01 1.019992000000000000e+06
2.300000000000000000e+01 1.152957000000000000e+06
2.400000000000000000e+01 1.252243000000000000e+06
2.500000000000000000e+01 1.292419000000000000e+06
2.600000000000000000e+01 1.274044000000000000e+06
2.700000000000000000e+01 1.204651000000000000e+06
2.800000000000000000e+01 1.100702000000000000e+06
2.900000000000000000e+01 9.825630000000000000e+05
3.000000000000000000e+01 8.511940000000000000e+05
3.100000000000000000e+01 7.249140000000000000e+05
3.200000000000000000e+01 6.089340000000000000e+05
3.300000000000000000e+01 4.992510000000000000e+05
3.400000000000000000e+01 3.990380000000000000e+05
3.500000000000000000e+01 3.078670000000000000e+05
3.600000000000000000e+01 2.283940000000000000e+05
3.700000000000000000e+01 1.602480000000000000e+05
3.800000000000000000e+01 1.075540000000000000e+05
3.900000000000000000e+01 6.699800000000000000e+04
4.000000000000000000e+01 3.884600000000000000e+04
4.100000000000000000e+01 2.073200000000000000e+04
4.200000000000000000e+01 1.044600000000000000e+04
4.300000000000000000e+01 4.753000000000000000e+03
4.400000000000000000e+01 2.076000000000000000e+03
4.500000000000000000e+01 9.180000000000000000e+02
4.600000000000000000e+01 4.340000000000000000e+02
4.700000000000000000e+01 1.800000000000000000e+02
4.800000000000000000e+01 1.070000000000000000e+02
4.900000000000000000e+01 1.020000000000000000e+02
5.000000000000000000e+01 5.200000000000000000e+01
5.100000000000000000e+01 8.900000000000000000e+01
5.200000000000000000e+01 4.300000000000000000e+01
5.300000000000000000e+01 7.500000000000000000e+01
5.400000000000000000e+01 3.700000000000000000e+01
5.500000000000000000e+01 5.900000000000000000e+01
5.600000000000000000e+01 2.800000000000000000e+01
5.700000000000000000e+01 5.200000000000000000e+01
5.800000000000000000e+01 1.700000000000000000e+01
5.900000000000000000e+01 3.700000000000000000e+01
6.000000000000000000e+01 8.000000000000000000e+00
6.100000000000000000e+01 3.800000000000000000e+01
6.200000000000000000e+01 1.100000000000000000e+01
6.300000000000000000e+01 3.100000000000000000e+01
6.400000000000000000e+01 1.500000000000000000e+01
6.500000000000000000e+01 1.700000000000000000e+01
6.600000000000000000e+01 1.100000000000000000e+01
6.700000000000000000e+01 1.400000000000000000e+01
6.800000000000000000e+01 1.100000000000000000e+01
6.900000000000000000e+01 1.100000000000000000e+01
7.000000000000000000e+01 9.000000000000000000e+00
7.100000000000000000e+01 9.000000000000000000e+00
7.200000000000000000e+01 9.000000000000000000e+00
7.300000000000000000e+01 7.000000000000000000e+00
7.400000000000000000e+01 9.000000000000000000e+00
7.600000000000000000e+01 8.000000000000000000e+00
7.800000000000000000e+01 5.000000000000000000e+00
8.000000000000000000e+01 1.000000000000000000e+00
8.100000000000000000e+01 1.000000000000000000e+00
8.400000000000000000e+01 1.000000000000000000e+00
8.600000000000000000e+01 1.000000000000000000e+00
8.700000000000000000e+01 2.000000000000000000e+00
9.000000000000000000e+01 1.000000000000000000e+00
9.600000000000000000e+01 1.000000000000000000e+00
9.700000000000000000e+01 1.000000000000000000e+00
1.040000000000000000e+02 1.000000000000000000e+00
1.210000000000000000e+02 1.000000000000000000e+00
1.320000000000000000e+02 1.000000000000000000e+00
1.420000000000000000e+02 1.000000000000000000e+00
1.630000000000000000e+02 1.000000000000000000e+00
1.900000000000000000e+02 1.000000000000000000e+00
5.220000000000000000e+02 1.000000000000000000e+00
5.310000000000000000e+02 1.000000000000000000e+00
