-4.000000000000000000e+00 3.000000000000000000e+00
-2.000000000000000000e+00 1.600000000000000000e+01
-1.000000000000000000e+00 3.700000000000000000e+01
0.000000000000000000e+00 1.363000000000000000e+03
1.000000000000000000e+00 8.300000000000000000e+01
2.000000000000000000e+00 1.260000000000000000e+02
3.000000000000000000e+00 1.820000000000000000e+02
4.000000000000000000e+00 9.610000000000000000e+02
5.000000000000000000e+00 4.835000000000000000e+03
6.000000000000000000e+00 2.636900000000000000e+04
7.000000000000000000e+00 4.898200000000000000e+04
8.000000000000000000e+00 6.876300000000000000e+04
9.000000000000000000e+00 9.816400000000000000e+04
1.000000000000000000e+01 1.390070000000000000e+05
1.100000000000000000e+01 1.914960000000000000e+05
1.200000000000000000e+01 2.630360000000000000e+05
1.300000000000000000e+01 3.593950000000000000e+05
1.400000000000000000e+01 4.850010000000000000e+05
1.500000000000000000e+01 6.412530000000000000e+05
1.600000000000000000e+01 8.398470000000000000e+05
1.700000000000000000e+01 1.081628000000000000e+06
1.800000000000000000e+01 1.349906000000000000e+06
1.900000000000000000e+01 1.620310000000000000e+06
2.000000000000000000e+01 1.861626000000000000e+06
2.100000000000000000e+01 2.070416000000000000e+06
2.200000000000000000e+01 2.212209000000000000e+06
2.300000000000000000e+01 2.252844000000000000e+06
2.400000000000000000e+01 2.182024000000000000e+06
2.500000000000000000e+01 1.989006000000000000e+06
2.600000000000000000e+01 1.704684000000000000e+06
2.700000000000000000e+01 1.357902000000000000e+06
2.800000000000000000e+01 9.955890000000000000e+05
2.900000000000000000e+01 6.589420000000000000e+05
3.000000000000000000e+01 3.899380000000000000e+05
3.100000000000000000e+01 2.050810000000000000e+05
3.200000000000000000e+01 9.565000000000000000e+04
3.300000000000000000e+01 3.961900000000000000e+04
3.400000000000000000e+01 1.593100000000000000e+04
3.500000000000000000e+01 6.047000000000000000e+03
3.600000000000000000e+01 2.095000000000000000e+03
3.700000000000000000e+01 7.670000000000000000e+02
3.800000000000000000e+01 3.660000000000000000e+02
3.900000000000000000e+01 1.500000000000000000e+02
4.000000000000000000e+01 1.470000000000000000e+02
4.100000000000000000e+01 1.010000000000000000e+02
4.200000000000000000e+01 1.110000000000000000e+02
4.300000000000000000e+01 8.600000000000000000e+01
4.400000000000000000e+01 9.500000000000000000e+01
4.500000000000000000e+01 8.500000000000000000e+01
4.600000000000000000e+01 9.400000000000000000e+01
4.700000000000000000e+01 5.900000000000000000e+01
4.800000000000000000e+01 3.400000000000000000e+01
4.900000000000000000e+01 8.800000000000000000e+01
5.000000000000000000e+01 3.300000000000000000e+01
5.100000000000000000e+01 5.000000000000000000e+01
5.200000000000000000e+01 2.400000000000000000e+01
5.300000000000000000e+01 7.000000000000000000e+01
5.400000000000000000e+01 2.000000000000000000e+01
5.500000000000000000e+01 6.300000000000000000e+01
5.600000000000000000e+01 1.400000000000000000e+01
5.700000000000000000e+01 3.300000000000000000e+01
5.800000000000000000e+01 8.000000000000000000e+00
5.900000000000000000e+01 2.600000000000000000e+01
6.000000000000000000e+01 1.200000000000000000e+01
6.100000000000000000e+01 2.500000000000000000e+01
6.200000000000000000e+01 4.000000000000000000e+00
6.300000000000000000e+01 5.000000000000000000e+00
6.400000000000000000e+01 1.000000000000000000e+01
6.500000000000000000e+01 5.000000000000000000e+00
6.600000000000000000e+01 3.000000000000000000e+00
6.700000000000000000e+01 3.000000000000000000e+00
6.800000000000000000e+01 1.000000000000000000e+00
6.900000000000000000e+01 2.000000000000000000e+00
7.000000000000000000e+01 2.000000000000000000e+00
7.100000000000000000e+01 1.000000000000000000e+00
7.400000000000000000e+01 2.000000000000000000e+00
7.600000000000000000e+01 2.000000000000000000e+00
7.800000000000000000e+01 1.000000000000000000e+00
8.000000000000000000e+01 1.000000000000000000e+00
8.700000000000000000e+01 1.000000000000000000e+00
9.200000000000000000e+01 2.000000000000000000e+00
1.020000000000000000e+02 1.000000000000000000e+00
1.060000000000000000e+02 1.000000000000000000e+00
1.130000000000000000e+02 1.000000000000000000e+00
1.310000000000000000e+02 1.000000000000000000e+00
1.380000000000000000e+02 1.000000000000000000e+00
1.460000000000000000e+02 1.000000000000000000e+00
1.820000000000000000e+02 1.000000000000000000e+00
2.130000000000000000e+02 1.000000000000000000e+00
4.860000000000000000e+02 1.000000000000000000e+00
5.620000000000000000e+02 1.000000000000000000e+00
6.010000000000000000e+02 1.000000000000000000e+00
6.780000000000000000e+02 1.000000000000000000e+00
1.014000000000000000e+03 1.000000000000000000e+00
1.322000000000000000e+03 1.000000000000000000e+00
1.489000000000000000e+03 1.000000000000000000e+00
1.814000000000000000e+03 1.000000000000000000e+00
