-4.000000000000000000e+00 1.000000000000000000e+01
-3.000000000000000000e+00 1.000000000000000000e+01
-2.000000000000000000e+00 2.800000000000000000e+01
-1.000000000000000000e+00 9.600000000000000000e+01
0.000000000000000000e+00 1.422000000000000000e+03
1.000000000000000000e+00 1.870000000000000000e+02
2.000000000000000000e+00 2.850000000000000000e+02
3.000000000000000000e+00 4.160000000000000000e+02
4.000000000000000000e+00 2.128000000000000000e+03
5.000000000000000000e+00 1.582400000000000000e+04
6.000000000000000000e+00 1.107700000000000000e+05
7.000000000000000000e+00 1.925620000000000000e+05
8.000000000000000000e+00 2.311350000000000000e+05
9.000000000000000000e+00 2.733930000000000000e+05
1.000000000000000000e+01 3.155010000000000000e+05
1.100000000000000000e+01 3.463010000000000000e+05
1.200000000000000000e+01 3.658180000000000000e+05
1.300000000000000000e+01 3.804530000000000000e+05
1.400000000000000000e+01 3.998680000000000000e+05
1.500000000000000000e+01 4.245690000000000000e+05
1.600000000000000000e+01 4.648030000000000000e+05
1.700000000000000000e+01 5.268410000000000000e+05
1.800000000000000000e+01 6.116110000000000000e+05
1.900000000000000000e+01 7.149060000000000000e+05
2.000000000000000000e+01 8.453440000000000000e+05
2.100000000000000000e+01 9.969170000000000000e+05
2.200000000000000000e+01 1.159510000000000000e+06
2.300000000000000000e+01 1.305422000000000000e+06
2.400000000000000000e+01 1.414745000000000000e+06
2.500000000000000000e+01 1.456669000000000000e+06
2.600000000000000000e+01 1.433320000000000000e+06
2.700000000000000000e+01 1.362039000000000000e+06
2.800000000000000000e+01 1.267932000000000000e+06
2.900000000000000000e+01 1.169070000000000000e+06
3.000000000000000000e+01 1.068489000000000000e+06
3.100000000000000000e+01 9.791310000000000000e+05
3.200000000000000000e+01 8.985180000000000000e+05
3.300000000000000000e+01 8.258240000000000000e+05
3.400000000000000000e+01 7.636110000000000000e+05
3.500000000000000000e+01 7.027840000000000000e+05
3.600000000000000000e+01 6.480530000000000000e+05
3.700000000000000000e+01 5.928660000000000000e+05
3.800000000000000000e+01 5.441810000000000000e+05
3.900000000000000000e+01 4.928910000000000000e+05
4.000000000000000000e+01 4.408710000000000000e+05
4.100000000000000000e+01 3.909870000000000000e+05
4.200000000000000000e+01 3.415760000000000000e+05
4.300000000000000000e+01 2.890980000000000000e+05
4.400000000000000000e+01 2.415080000000000000e+05
4.500000000000000000e+01 1.939350000000000000e+05
4.600000000000000000e+01 1.515900000000000000e+05
4.700000000000000000e+01 1.138580000000000000e+05
4.800000000000000000e+01 8.181600000000000000e+04
4.900000000000000000e+01 5.557700000000000000e+04
5.000000000000000000e+01 3.621700000000000000e+04
5.100000000000000000e+01 2.257000000000000000e+04
5.200000000000000000e+01 1.343600000000000000e+04
5.300000000000000000e+01 7.524000000000000000e+03
5.400000000000000000e+01 4.056000000000000000e+03
5.500000000000000000e+01 2.269000000000000000e+03
5.600000000000000000e+01 1.097000000000000000e+03
5.700000000000000000e+01 6.060000000000000000e+02
5.800000000000000000e+01 3.230000000000000000e+02
5.900000000000000000e+01 2.160000000000000000e+02
6.000000000000000000e+01 1.090000000000000000e+02
6.100000000000000000e+01 1.170000000000000000e+02
6.200000000000000000e+01 6.400000000000000000e+01
6.300000000000000000e+01 8.400000000000000000e+01
6.400000000000000000e+01 4.700000000000000000e+01
6.500000000000000000e+01 4.100000000000000000e+01
6.600000000000000000e+01 3.700000000000000000e+01
6.700000000000000000e+01 3.400000000000000000e+01
6.800000000000000000e+01 2.600000000000000000e+01
6.900000000000000000e+01 3.300000000000000000e+01
7.000000000000000000e+01 4.300000000000000000e+01
7.100000000000000000e+01 3.000000000000000000e+01
7.200000000000000000e+01 2.000000000000000000e+01
7.300000000000000000e+01 2.700000000000000000e+01
7.400000000000000000e+01 1.700000000000000000e+01
7.500000000000000000e+01 1.300000000000000000e+01
7.600000000000000000e+01 2.600000000000000000e+01
7.700000000000000000e+01 1.200000000000000000e+01
7.800000000000000000e+01 2.300000000000000000e+01
7.900000000000000000e+01 5.000000000000000000e+00
8.000000000000000000e+01 1.900000000000000000e+01
8.100000000000000000e+01 9.000000000000000000e+00
8.200000000000000000e+01 2.300000000000000000e+01
8.300000000000000000e+01 2.000000000000000000e+00
8.400000000000000000e+01 1.300000000000000000e+01
8.500000000000000000e+01 1.000000000000000000e+00
8.600000000000000000e+01 1.400000000000000000e+01
8.700000000000000000e+01 7.000000000000000000e+00
8.800000000000000000e+01 7.000000000000000000e+00
8.900000000000000000e+01 4.000000000000000000e+00
9.000000000000000000e+01 3.000000000000000000e+00
9.100000000000000000e+01 3.000000000000000000e+00
9.200000000000000000e+01 1.000000000000000000e+00
9.300000000000000000e+01 3.000000000000000000e+00
9.400000000000000000e+01 4.000000000000000000e+00
9.500000000000000000e+01 2.000000000000000000e+00
9.600000000000000000e+01 1.000000000000000000e+00
9.700000000000000000e+01 4.000000000000000000e+00
9.800000000000000000e+01 2.000000000000000000e+00
9.900000000000000000e+01 2.000000000000000000e+00
1.010000000000000000e+02 1.000000000000000000e+00
1.030000000000000000e+02 1.000000000000000000e+00
1.180000000000000000e+02 1.000000000000000000e+00
1.210000000000000000e+02 1.000000000000000000e+00
1.810000000000000000e+02 1.000000000000000000e+00
9.400000000000000000e+02 1.000000000000000000e+00
2.550000000000000000e+03 1.000000000000000000e+00
