-4.000000000000000000e+00 4.000000000000000000e+00
-3.000000000000000000e+00 2.000000000000000000e+00
-2.000000000000000000e+00 1.000000000000000000e+00
-1.000000000000000000e+00 1.100000000000000000e+01
0.000000000000000000e+00 1.317000000000000000e+03
1.000000000000000000e+00 3.000000000000000000e+01
2.000000000000000000e+00 5.900000000000000000e+01
3.000000000000000000e+00 7.900000000000000000e+01
4.000000000000000000e+00 6.620000000000000000e+02
5.000000000000000000e+00 2.941000000000000000e+03
6.000000000000000000e+00 1.437800000000000000e+04
7.000000000000000000e+00 2.672400000000000000e+04
8.000000000000000000e+00 3.746300000000000000e+04
9.000000000000000000e+00 5.324600000000000000e+04
1.000000000000000000e+01 7.464500000000000000e+04
1.100000000000000000e+01 1.037550000000000000e+05
1.200000000000000000e+01 1.417800000000000000e+05
1.300000000000000000e+01 1.932300000000000000e+05
1.400000000000000000e+01 2.613070000000000000e+05
1.500000000000000000e+01 3.466010000000000000e+05
1.600000000000000000e+01 4.489920000000000000e+05
1.700000000000000000e+01 5.791190000000000000e+05
1.800000000000000000e+01 7.250480000000000000e+05
1.900000000000000000e+01 8.694990000000000000e+05
2.000000000000000000e+01 1.003895000000000000e+06
2.100000000000000000e+01 1.119680000000000000e+06
2.200000000000000000e+01 1.200007000000000000e+06
2.300000000000000000e+01 1.228542000000000000e+06
2.400000000000000000e+01 1.199728000000000000e+06
2.500000000000000000e+01 1.099122000000000000e+06
2.600000000000000000e+01 9.473190000000000000e+05
2.700000000000000000e+01 7.570720000000000000e+05
2.800000000000000000e+01 5.556010000000000000e+05
2.900000000000000000e+01 3.686190000000000000e+05
3.000000000000000000e+01 2.152860000000000000e+05
3.100000000000000000e+01 1.141450000000000000e+05
3.200000000000000000e+01 5.257900000000000000e+04
3.300000000000000000e+01 2.182200000000000000e+04
3.400000000000000000e+01 8.467000000000000000e+03
3.500000000000000000e+01 3.265000000000000000e+03
3.600000000000000000e+01 1.154000000000000000e+03
3.700000000000000000e+01 4.350000000000000000e+02
3.800000000000000000e+01 1.830000000000000000e+02
3.900000000000000000e+01 8.700000000000000000e+01
4.000000000000000000e+01 5.600000000000000000e+01
4.100000000000000000e+01 4.500000000000000000e+01
4.200000000000000000e+01 3.200000000000000000e+01
4.300000000000000000e+01 4.300000000000000000e+01
4.400000000000000000e+01 3.000000000000000000e+01
4.500000000000000000e+01 2.500000000000000000e+01
4.600000000000000000e+01 2.800000000000000000e+01
4.700000000000000000e+01 2.200000000000000000e+01
4.800000000000000000e+01 9.000000000000000000e+00
4.900000000000000000e+01 2.400000000000000000e+01
5.000000000000000000e+01 1.600000000000000000e+01
5.100000000000000000e+01 3.100000000000000000e+01
5.200000000000000000e+01 7.000000000000000000e+00
5.300000000000000000e+01 2.000000000000000000e+01
5.400000000000000000e+01 4.000000000000000000e+00
5.500000000000000000e+01 1.100000000000000000e+01
5.600000000000000000e+01 1.000000000000000000e+00
5.700000000000000000e+01 8.000000000000000000e+00
5.800000000000000000e+01 1.000000000000000000e+00
5.900000000000000000e+01 9.000000000000000000e+00
6.000000000000000000e+01 2.000000000000000000e+00
6.100000000000000000e+01 4.000000000000000000e+00
6.200000000000000000e+01 2.000000000000000000e+00
6.500000000000000000e+01 3.000000000000000000e+00
6.600000000000000000e+01 1.000000000000000000e+00
6.800000000000000000e+01 1.000000000000000000e+00
7.000000000000000000e+01 1.000000000000000000e+00
7.800000000000000000e+01 1.000000000000000000e+00
8.100000000000000000e+01 1.000000000000000000e+00
8.800000000000000000e+01 1.000000000000000000e+00
9.100000000000000000e+01 1.000000000000000000e+00
9.500000000000000000e+01 1.000000000000000000e+00
1.010000000000000000e+02 2.000000000000000000e+00
1.130000000000000000e+02 1.000000000000000000e+00
1.190000000000000000e+02 1.000000000000000000e+00
1.300000000000000000e+02 1.000000000000000000e+00
1.310000000000000000e+02 1.000000000000000000e+00
1.650000000000000000e+02 1.000000000000000000e+00
1.830000000000000000e+02 2.000000000000000000e+00
1.910000000000000000e+02 1.000000000000000000e+00
2.140000000000000000e+02 1.000000000000000000e+00
2.160000000000000000e+02 1.000000000000000000e+00
2.190000000000000000e+02 1.000000000000000000e+00
2.310000000000000000e+02 1.000000000000000000e+00
2.510000000000000000e+02 1.000000000000000000e+00
2.630000000000000000e+02 1.000000000000000000e+00
3.800000000000000000e+02 1.000000000000000000e+00
4.080000000000000000e+02 1.000000000000000000e+00
4.750000000000000000e+02 1.000000000000000000e+00
6.740000000000000000e+02 1.000000000000000000e+00
7.420000000000000000e+02 1.000000000000000000e+00
8.530000000000000000e+02 1.000000000000000000e+00
1.004000000000000000e+03 1.000000000000000000e+00
2.532000000000000000e+03 1.000000000000000000e+00
