-4.000000000000000000e+00 4.000000000000000000e+00
-3.000000000000000000e+00 4.000000000000000000e+00
-2.000000000000000000e+00 2.000000000000000000e+01
-1.000000000000000000e+00 5.200000000000000000e+01
0.000000000000000000e+00 1.360000000000000000e+03
1.000000000000000000e+00 1.130000000000000000e+02
2.000000000000000000e+00 1.650000000000000000e+02
3.000000000000000000e+00 2.700000000000000000e+02
4.000000000000000000e+00 1.534000000000000000e+03
5.000000000000000000e+00 1.095200000000000000e+04
6.000000000000000000e+00 7.551700000000000000e+04
7.000000000000000000e+00 1.322510000000000000e+05
8.000000000000000000e+00 1.592850000000000000e+05
9.000000000000000000e+00 1.891080000000000000e+05
1.000000000000000000e+01 2.182640000000000000e+05
1.100000000000000000e+01 2.384000000000000000e+05
1.200000000000000000e+01 2.509590000000000000e+05
1.300000000000000000e+01 2.587450000000000000e+05
1.400000000000000000e+01 2.658640000000000000e+05
1.500000000000000000e+01 2.766270000000000000e+05
1.600000000000000000e+01 2.966700000000000000e+05
1.700000000000000000e+01 3.284710000000000000e+05
1.800000000000000000e+01 3.736280000000000000e+05
1.900000000000000000e+01 4.317240000000000000e+05
2.000000000000000000e+01 5.072560000000000000e+05
2.100000000000000000e+01 5.981650000000000000e+05
2.200000000000000000e+01 7.028930000000000000e+05
2.300000000000000000e+01 7.970770000000000000e+05
2.400000000000000000e+01 8.805040000000000000e+05
2.500000000000000000e+01 9.218790000000000000e+05
2.600000000000000000e+01 9.214140000000000000e+05
2.700000000000000000e+01 8.894530000000000000e+05
2.800000000000000000e+01 8.405000000000000000e+05
2.900000000000000000e+01 7.857520000000000000e+05
3.000000000000000000e+01 7.279750000000000000e+05
3.100000000000000000e+01 6.762240000000000000e+05
3.200000000000000000e+01 6.256240000000000000e+05
3.300000000000000000e+01 5.819670000000000000e+05
3.400000000000000000e+01 5.432650000000000000e+05
3.500000000000000000e+01 5.069300000000000000e+05
3.600000000000000000e+01 4.709520000000000000e+05
3.700000000000000000e+01 4.358320000000000000e+05
3.800000000000000000e+01 4.012800000000000000e+05
3.900000000000000000e+01 3.669650000000000000e+05
4.000000000000000000e+01 3.314580000000000000e+05
4.100000000000000000e+01 2.964490000000000000e+05
4.200000000000000000e+01 2.607520000000000000e+05
4.300000000000000000e+01 2.241670000000000000e+05
4.400000000000000000e+01 1.886460000000000000e+05
4.500000000000000000e+01 1.532870000000000000e+05
4.600000000000000000e+01 1.213610000000000000e+05
4.700000000000000000e+01 9.259000000000000000e+04
4.800000000000000000e+01 6.727200000000000000e+04
4.900000000000000000e+01 4.652000000000000000e+04
5.000000000000000000e+01 3.087000000000000000e+04
5.100000000000000000e+01 1.914000000000000000e+04
5.200000000000000000e+01 1.163100000000000000e+04
5.300000000000000000e+01 6.685000000000000000e+03
5.400000000000000000e+01 3.578000000000000000e+03
5.500000000000000000e+01 1.984000000000000000e+03
5.600000000000000000e+01 1.004000000000000000e+03
5.700000000000000000e+01 5.490000000000000000e+02
5.800000000000000000e+01 2.710000000000000000e+02
5.900000000000000000e+01 1.510000000000000000e+02
6.000000000000000000e+01 9.800000000000000000e+01
6.100000000000000000e+01 8.100000000000000000e+01
6.200000000000000000e+01 4.700000000000000000e+01
6.300000000000000000e+01 4.400000000000000000e+01
6.400000000000000000e+01 2.600000000000000000e+01
6.500000000000000000e+01 2.900000000000000000e+01
6.600000000000000000e+01 1.800000000000000000e+01
6.700000000000000000e+01 3.100000000000000000e+01
6.800000000000000000e+01 2.400000000000000000e+01
6.900000000000000000e+01 2.000000000000000000e+01
7.000000000000000000e+01 2.100000000000000000e+01
7.100000000000000000e+01 2.600000000000000000e+01
7.200000000000000000e+01 1.500000000000000000e+01
7.300000000000000000e+01 1.700000000000000000e+01
7.400000000000000000e+01 1.000000000000000000e+01
7.500000000000000000e+01 3.000000000000000000e+00
7.600000000000000000e+01 1.300000000000000000e+01
7.700000000000000000e+01 9.000000000000000000e+00
7.800000000000000000e+01 1.300000000000000000e+01
7.900000000000000000e+01 4.000000000000000000e+00
8.000000000000000000e+01 1.300000000000000000e+01
8.100000000000000000e+01 3.000000000000000000e+00
8.200000000000000000e+01 1.400000000000000000e+01
8.300000000000000000e+01 4.000000000000000000e+00
8.400000000000000000e+01 1.200000000000000000e+01
8.500000000000000000e+01 2.000000000000000000e+00
8.600000000000000000e+01 1.200000000000000000e+01
8.700000000000000000e+01 5.000000000000000000e+00
8.800000000000000000e+01 5.000000000000000000e+00
8.900000000000000000e+01 2.000000000000000000e+00
9.000000000000000000e+01 4.000000000000000000e+00
9.100000000000000000e+01 1.000000000000000000e+00
9.200000000000000000e+01 2.000000000000000000e+00
9.300000000000000000e+01 3.000000000000000000e+00
9.400000000000000000e+01 3.000000000000000000e+00
9.600000000000000000e+01 4.000000000000000000e+00
9.700000000000000000e+01 1.000000000000000000e+00
9.800000000000000000e+01 1.000000000000000000e+00
1.020000000000000000e+02 1.000000000000000000e+00
1.030000000000000000e+02 2.000000000000000000e+00
1.070000000000000000e+02 1.000000000000000000e+00
1.370000000000000000e+02 1.000000000000000000e+00
1.550000000000000000e+02 1.000000000000000000e+00
1.560000000000000000e+02 1.000000000000000000e+00
1.590000000000000000e+02 1.000000000000000000e+00
2.010000000000000000e+02 1.000000000000000000e+00
4.160000000000000000e+02 1.000000000000000000e+00
4.920000000000000000e+02 1.000000000000000000e+00
2.615000000000000000e+03 1.000000000000000000e+00
4.555000000000000000e+03 1.000000000000000000e+00
