-4.000000000000000000e+00 1.000000000000000000e+01
-3.000000000000000000e+00 1.100000000000000000e+01
-2.000000000000000000e+00 1.600000000000000000e+01
-1.000000000000000000e+00 8.800000000000000000e+01
0.000000000000000000e+00 1.427000000000000000e+03
1.000000000000000000e+00 1.960000000000000000e+02
2.000000000000000000e+00 2.520000000000000000e+02
3.000000000000000000e+00 3.950000000000000000e+02
4.000000000000000000e+00 2.091000000000000000e+03
5.000000000000000000e+00 1.574100000000000000e+04
6.000000000000000000e+00 1.112910000000000000e+05
7.000000000000000000e+00 1.915710000000000000e+05
8.000000000000000000e+00 2.315060000000000000e+05
9.000000000000000000e+00 2.740750000000000000e+05
1.000000000000000000e+01 3.160960000000000000e+05
1.100000000000000000e+01 3.458380000000000000e+05
1.200000000000000000e+01 3.640100000000000000e+05
1.300000000000000000e+01 3.812970000000000000e+05
1.400000000000000000e+01 4.000450000000000000e+05
1.500000000000000000e+01 4.245760000000000000e+05
1.600000000000000000e+01 4.650360000000000000e+05
1.700000000000000000e+01 5.269870000000000000e+05
1.800000000000000000e+01 6.104040000000000000e+05
1.900000000000000000e+01 7.161970000000000000e+05
2.000000000000000000e+01 8.440850000000000000e+05
2.100000000000000000e+01 9.979340000000000000e+05
2.200000000000000000e+01 1.160498000000000000e+06
2.300000000000000000e+01 1.304939000000000000e+06
2.400000000000000000e+01 1.414787000000000000e+06
2.500000000000000000e+01 1.458234000000000000e+06
2.600000000000000000e+01 1.429632000000000000e+06
2.700000000000000000e+01 1.359538000000000000e+06
2.800000000000000000e+01 1.262210000000000000e+06
2.900000000000000000e+01 1.166525000000000000e+06
3.000000000000000000e+01 1.066046000000000000e+06
3.100000000000000000e+01 9.768290000000000000e+05
3.200000000000000000e+01 8.970210000000000000e+05
3.300000000000000000e+01 8.237500000000000000e+05
3.400000000000000000e+01 7.606000000000000000e+05
3.500000000000000000e+01 7.024730000000000000e+05
3.600000000000000000e+01 6.479600000000000000e+05
3.700000000000000000e+01 5.938970000000000000e+05
3.800000000000000000e+01 5.413630000000000000e+05
3.900000000000000000e+01 4.915820000000000000e+05
4.000000000000000000e+01 4.410180000000000000e+05
4.100000000000000000e+01 3.900210000000000000e+05
4.200000000000000000e+01 3.388010000000000000e+05
4.300000000000000000e+01 2.902220000000000000e+05
4.400000000000000000e+01 2.402640000000000000e+05
4.500000000000000000e+01 1.951950000000000000e+05
4.600000000000000000e+01 1.514120000000000000e+05
4.700000000000000000e+01 1.138190000000000000e+05
4.800000000000000000e+01 8.170200000000000000e+04
4.900000000000000000e+01 5.599000000000000000e+04
5.000000000000000000e+01 3.658900000000000000e+04
5.100000000000000000e+01 2.231200000000000000e+04
5.200000000000000000e+01 1.324800000000000000e+04
5.300000000000000000e+01 7.593000000000000000e+03
5.400000000000000000e+01 4.175000000000000000e+03
5.500000000000000000e+01 2.305000000000000000e+03
5.600000000000000000e+01 1.161000000000000000e+03
5.700000000000000000e+01 6.290000000000000000e+02
5.800000000000000000e+01 3.340000000000000000e+02
5.900000000000000000e+01 2.250000000000000000e+02
6.000000000000000000e+01 1.040000000000000000e+02
6.100000000000000000e+01 1.070000000000000000e+02
6.200000000000000000e+01 8.200000000000000000e+01
6.300000000000000000e+01 7.500000000000000000e+01
6.400000000000000000e+01 4.400000000000000000e+01
6.500000000000000000e+01 5.100000000000000000e+01
6.600000000000000000e+01 4.300000000000000000e+01
6.700000000000000000e+01 4.000000000000000000e+01
6.800000000000000000e+01 4.800000000000000000e+01
6.900000000000000000e+01 3.500000000000000000e+01
7.000000000000000000e+01 3.100000000000000000e+01
7.100000000000000000e+01 3.600000000000000000e+01
7.200000000000000000e+01 2.100000000000000000e+01
7.300000000000000000e+01 2.800000000000000000e+01
7.400000000000000000e+01 1.800000000000000000e+01
7.500000000000000000e+01 7.000000000000000000e+00
7.600000000000000000e+01 2.200000000000000000e+01
7.700000000000000000e+01 7.000000000000000000e+00
7.800000000000000000e+01 2.500000000000000000e+01
7.900000000000000000e+01 1.200000000000000000e+01
8.000000000000000000e+01 2.000000000000000000e+01
8.100000000000000000e+01 4.000000000000000000e+00
8.200000000000000000e+01 2.400000000000000000e+01
8.300000000000000000e+01 6.000000000000000000e+00
8.400000000000000000e+01 1.300000000000000000e+01
8.500000000000000000e+01 3.000000000000000000e+00
8.600000000000000000e+01 1.400000000000000000e+01
8.700000000000000000e+01 3.000000000000000000e+00
8.800000000000000000e+01 4.000000000000000000e+00
8.900000000000000000e+01 3.000000000000000000e+00
9.000000000000000000e+01 7.000000000000000000e+00
9.100000000000000000e+01 3.000000000000000000e+00
9.200000000000000000e+01 5.000000000000000000e+00
9.300000000000000000e+01 3.000000000000000000e+00
9.400000000000000000e+01 6.000000000000000000e+00
9.500000000000000000e+01 5.000000000000000000e+00
9.600000000000000000e+01 3.000000000000000000e+00
9.700000000000000000e+01 1.000000000000000000e+00
9.800000000000000000e+01 2.000000000000000000e+00
9.900000000000000000e+01 1.000000000000000000e+00
1.010000000000000000e+02 2.000000000000000000e+00
1.020000000000000000e+02 1.000000000000000000e+00
1.030000000000000000e+02 2.000000000000000000e+00
1.050000000000000000e+02 1.000000000000000000e+00
1.060000000000000000e+02 1.000000000000000000e+00
1.420000000000000000e+02 1.000000000000000000e+00
1.690000000000000000e+02 1.000000000000000000e+00
1.830000000000000000e+02 1.000000000000000000e+00
8.530000000000000000e+02 1.000000000000000000e+00
1.037000000000000000e+03 1.000000000000000000e+00
1.114000000000000000e+03 1.000000000000000000e+00
