-4.000000000000000000e+00 4.000000000000000000e+00
-3.000000000000000000e+00 6.000000000000000000e+00
-2.000000000000000000e+00 1.200000000000000000e+01
-1.000000000000000000e+00 4.600000000000000000e+01
0.000000000000000000e+00 1.347000000000000000e+03
1.000000000000000000e+00 7.600000000000000000e+01
2.000000000000000000e+00 1.080000000000000000e+02
3.000000000000000000e+00 1.710000000000000000e+02
4.000000000000000000e+00 9.660000000000000000e+02
5.000000000000000000e+00 4.817000000000000000e+03
6.000000000000000000e+00 2.634100000000000000e+04
7.000000000000000000e+00 4.878300000000000000e+04
8.000000000000000000e+00 6.897900000000000000e+04
9.000000000000000000e+00 9.825400000000000000e+04
1.000000000000000000e+01 1.385970000000000000e+05
1.100000000000000000e+01 1.916240000000000000e+05
1.200000000000000000e+01 2.626490000000000000e+05
1.300000000000000000e+01 3.592180000000000000e+05
1.400000000000000000e+01 4.845980000000000000e+05
1.500000000000000000e+01 6.431400000000000000e+05
1.600000000000000000e+01 8.405660000000000000e+05
1.700000000000000000e+01 1.081673000000000000e+06
1.800000000000000000e+01 1.352514000000000000e+06
1.900000000000000000e+01 1.622154000000000000e+06
2.000000000000000000e+01 1.871014000000000000e+06
2.100000000000000000e+01 2.073978000000000000e+06
2.200000000000000000e+01 2.217011000000000000e+06
2.300000000000000000e+01 2.256919000000000000e+06
2.400000000000000000e+01 2.191098000000000000e+06
2.500000000000000000e+01 1.997324000000000000e+06
2.600000000000000000e+01 1.712094000000000000e+06
2.700000000000000000e+01 1.364447000000000000e+06
2.800000000000000000e+01 9.985700000000000000e+05
2.900000000000000000e+01 6.613960000000000000e+05
3.000000000000000000e+01 3.927170000000000000e+05
3.100000000000000000e+01 2.066660000000000000e+05
3.200000000000000000e+01 9.622000000000000000e+04
3.300000000000000000e+01 4.038900000000000000e+04
3.400000000000000000e+01 1.587700000000000000e+04
3.500000000000000000e+01 6.113000000000000000e+03
3.600000000000000000e+01 2.111000000000000000e+03
3.700000000000000000e+01 8.730000000000000000e+02
3.800000000000000000e+01 3.670000000000000000e+02
3.900000000000000000e+01 1.340000000000000000e+02
4.000000000000000000e+01 1.180000000000000000e+02
4.100000000000000000e+01 1.180000000000000000e+02
4.200000000000000000e+01 9.700000000000000000e+01
4.300000000000000000e+01 1.080000000000000000e+02
4.400000000000000000e+01 7.400000000000000000e+01
4.500000000000000000e+01 7.400000000000000000e+01
4.600000000000000000e+01 7.900000000000000000e+01
4.700000000000000000e+01 5.900000000000000000e+01
4.800000000000000000e+01 4.900000000000000000e+01
4.900000000000000000e+01 8.000000000000000000e+01
5.000000000000000000e+01 1.900000000000000000e+01
5.100000000000000000e+01 8.000000000000000000e+01
5.200000000000000000e+01 4.300000000000000000e+01
5.300000000000000000e+01 5.800000000000000000e+01
5.400000000000000000e+01 1.700000000000000000e+01
5.500000000000000000e+01 3.800000000000000000e+01
5.600000000000000000e+01 2.100000000000000000e+01
5.700000000000000000e+01 3.400000000000000000e+01
5.800000000000000000e+01 1.200000000000000000e+01
5.900000000000000000e+01 1.900000000000000000e+01
6.000000000000000000e+01 6.000000000000000000e+00
6.100000000000000000e+01 1.100000000000000000e+01
6.200000000000000000e+01 5.000000000000000000e+00
6.300000000000000000e+01 1.200000000000000000e+01
6.400000000000000000e+01 6.000000000000000000e+00
6.500000000000000000e+01 3.000000000000000000e+00
6.600000000000000000e+01 2.000000000000000000e+00
6.700000000000000000e+01 2.000000000000000000e+00
6.800000000000000000e+01 2.000000000000000000e+00
6.900000000000000000e+01 1.000000000000000000e+00
7.000000000000000000e+01 1.000000000000000000e+00
7.100000000000000000e+01 1.000000000000000000e+00
7.200000000000000000e+01 2.000000000000000000e+00
7.300000000000000000e+01 2.000000000000000000e+00
7.600000000000000000e+01 1.000000000000000000e+00
8.000000000000000000e+01 1.000000000000000000e+00
9.400000000000000000e+01 1.000000000000000000e+00
9.900000000000000000e+01 1.000000000000000000e+00
1.050000000000000000e+02 1.000000000000000000e+00
1.100000000000000000e+02 1.000000000000000000e+00
1.170000000000000000e+02 1.000000000000000000e+00
1.270000000000000000e+02 1.000000000000000000e+00
1.630000000000000000e+02 1.000000000000000000e+00
1.850000000000000000e+02 1.000000000000000000e+00
1.970000000000000000e+02 1.000000000000000000e+00
2.130000000000000000e+02 1.000000000000000000e+00
2.750000000000000000e+02 1.000000000000000000e+00
3.250000000000000000e+02 1.000000000000000000e+00
3.670000000000000000e+02 2.000000000000000000e+00
3.810000000000000000e+02 1.000000000000000000e+00
4.150000000000000000e+02 1.000000000000000000e+00
6.060000000000000000e+02 1.000000000000000000e+00
8.910000000000000000e+02 1.000000000000000000e+00
1.009000000000000000e+03 1.000000000000000000e+00
3.250000000000000000e+03 1.000000000000000000e+00
