-4.000000000000000000e+00 5.000000000000000000e+00
-3.000000000000000000e+00 2.000000000000000000e+00
-2.000000000000000000e+00 1.100000000000000000e+01
-1.000000000000000000e+00 3.000000000000000000e+01
0.000000000000000000e+00 1.353000000000000000e+03
1.000000000000000000e+00 7.900000000000000000e+01
2.000000000000000000e+00 1.000000000000000000e+02
3.000000000000000000e+00 1.690000000000000000e+02
4.000000000000000000e+00 9.740000000000000000e+02
5.000000000000000000e+00 4.839000000000000000e+03
6.000000000000000000e+00 2.634100000000000000e+04
7.000000000000000000e+00 4.896100000000000000e+04
8.000000000000000000e+00 6.823600000000000000e+04
9.000000000000000000e+00 9.766700000000000000e+04
1.000000000000000000e+01 1.377120000000000000e+05
1.100000000000000000e+01 1.903640000000000000e+05
1.200000000000000000e+01 2.612640000000000000e+05
1.300000000000000000e+01 3.572940000000000000e+05
1.400000000000000000e+01 4.829020000000000000e+05
1.500000000000000000e+01 6.378420000000000000e+05
1.600000000000000000e+01 8.336200000000000000e+05
1.700000000000000000e+01 1.074524000000000000e+06
1.800000000000000000e+01 1.341710000000000000e+06
1.900000000000000000e+01 1.608692000000000000e+06
2.000000000000000000e+01 1.850587000000000000e+06
2.100000000000000000e+01 2.058962000000000000e+06
2.200000000000000000e+01 2.199086000000000000e+06
2.300000000000000000e+01 2.235163000000000000e+06
2.400000000000000000e+01 2.170188000000000000e+06
2.500000000000000000e+01 1.976390000000000000e+06
2.600000000000000000e+01 1.693235000000000000e+06
2.700000000000000000e+01 1.348353000000000000e+06
2.800000000000000000e+01 9.862810000000000000e+05
2.900000000000000000e+01 6.554550000000000000e+05
3.000000000000000000e+01 3.874770000000000000e+05
3.100000000000000000e+01 2.041250000000000000e+05
3.200000000000000000e+01 9.469800000000000000e+04
3.300000000000000000e+01 3.971400000000000000e+04
3.400000000000000000e+01 1.563300000000000000e+04
3.500000000000000000e+01 5.862000000000000000e+03
3.600000000000000000e+01 2.171000000000000000e+03
3.700000000000000000e+01 8.440000000000000000e+02
3.800000000000000000e+01 3.610000000000000000e+02
3.900000000000000000e+01 1.550000000000000000e+02
4.000000000000000000e+01 1.610000000000000000e+02
4.100000000000000000e+01 1.130000000000000000e+02
4.200000000000000000e+01 1.060000000000000000e+02
4.300000000000000000e+01 9.300000000000000000e+01
4.400000000000000000e+01 7.800000000000000000e+01
4.500000000000000000e+01 8.100000000000000000e+01
4.600000000000000000e+01 8.200000000000000000e+01
4.700000000000000000e+01 5.100000000000000000e+01
4.800000000000000000e+01 3.200000000000000000e+01
4.900000000000000000e+01 1.000000000000000000e+02
5.000000000000000000e+01 2.100000000000000000e+01
5.100000000000000000e+01 5.400000000000000000e+01
5.200000000000000000e+01 2.400000000000000000e+01
5.300000000000000000e+01 7.600000000000000000e+01
5.400000000000000000e+01 1.200000000000000000e+01
5.500000000000000000e+01 3.100000000000000000e+01
5.600000000000000000e+01 1.300000000000000000e+01
5.700000000000000000e+01 4.400000000000000000e+01
5.800000000000000000e+01 1.300000000000000000e+01
5.900000000000000000e+01 2.300000000000000000e+01
6.000000000000000000e+01 5.000000000000000000e+00
6.100000000000000000e+01 1.200000000000000000e+01
6.200000000000000000e+01 5.000000000000000000e+00
6.300000000000000000e+01 1.000000000000000000e+01
6.400000000000000000e+01 2.000000000000000000e+00
6.500000000000000000e+01 4.000000000000000000e+00
6.600000000000000000e+01 3.000000000000000000e+00
6.700000000000000000e+01 3.000000000000000000e+00
6.800000000000000000e+01 2.000000000000000000e+00
6.900000000000000000e+01 3.000000000000000000e+00
7.200000000000000000e+01 3.000000000000000000e+00
7.300000000000000000e+01 2.000000000000000000e+00
9.000000000000000000e+01 1.000000000000000000e+00
9.800000000000000000e+01 3.000000000000000000e+00
9.900000000000000000e+01 1.000000000000000000e+00
1.130000000000000000e+02 1.000000000000000000e+00
1.220000000000000000e+02 1.000000000000000000e+00
1.290000000000000000e+02 1.000000000000000000e+00
1.320000000000000000e+02 1.000000000000000000e+00
1.430000000000000000e+02 1.000000000000000000e+00
1.520000000000000000e+02 1.000000000000000000e+00
1.540000000000000000e+02 1.000000000000000000e+00
1.580000000000000000e+02 1.000000000000000000e+00
1.610000000000000000e+02 2.000000000000000000e+00
1.640000000000000000e+02 1.000000000000000000e+00
1.670000000000000000e+02 1.000000000000000000e+00
1.710000000000000000e+02 1.000000000000000000e+00
1.740000000000000000e+02 1.000000000000000000e+00
1.950000000000000000e+02 1.000000000000000000e+00
2.050000000000000000e+02 1.000000000000000000e+00
2.150000000000000000e+02 1.000000000000000000e+00
2.400000000000000000e+02 1.000000000000000000e+00
2.590000000000000000e+02 1.000000000000000000e+00
4.510000000000000000e+02 1.000000000000000000e+00
7.360000000000000000e+02 1.000000000000000000e+00
7.790000000000000000e+02 1.000000000000000000e+00
7.920000000000000000e+02 1.000000000000000000e+00
1.055000000000000000e+03 1.000000000000000000e+00
