-4.000000000000000000e+00 1.000000000000000000e+00
-3.000000000000000000e+00 3.000000000000000000e+00
-2.000000000000000000e+00 3.000000000000000000e+00
-1.000000000000000000e+00 4.000000000000000000e+00
0.000000000000000000e+00 1.332000000000000000e+03
1.000000000000000000e+00 1.700000000000000000e+01
2.000000000000000000e+00 3.800000000000000000e+01
3.000000000000000000e+00 7.200000000000000000e+01
4.000000000000000000e+00 5.220000000000000000e+02
5.000000000000000000e+00 2.645000000000000000e+03
6.000000000000000000e+00 1.361100000000000000e+04
7.000000000000000000e+00 2.554800000000000000e+04
8.000000000000000000e+00 3.635400000000000000e+04
9.000000000000000000e+00 5.215900000000000000e+04
1.000000000000000000e+01 7.329600000000000000e+04
1.100000000000000000e+01 1.011350000000000000e+05
1.200000000000000000e+01 1.373700000000000000e+05
1.300000000000000000e+01 1.864470000000000000e+05
1.400000000000000000e+01 2.452050000000000000e+05
1.500000000000000000e+01 3.169350000000000000e+05
1.600000000000000000e+01 4.064010000000000000e+05
1.700000000000000000e+01 5.086880000000000000e+05
1.800000000000000000e+01 6.200510000000000000e+05
1.900000000000000000e+01 7.156010000000000000e+05
2.000000000000000000e+01 7.859550000000000000e+05
2.100000000000000000e+01 8.018840000000000000e+05
2.200000000000000000e+01 7.635000000000000000e+05
2.300000000000000000e+01 6.548190000000000000e+05
2.400000000000000000e+01 4.984980000000000000e+05
2.500000000000000000e+01 3.258180000000000000e+05
2.600000000000000000e+01 1.826460000000000000e+05
2.700000000000000000e+01 9.146000000000000000e+04
2.800000000000000000e+01 4.267700000000000000e+04
2.900000000000000000e+01 2.032600000000000000e+04
3.000000000000000000e+01 9.767000000000000000e+03
3.100000000000000000e+01 4.768000000000000000e+03
3.200000000000000000e+01 2.142000000000000000e+03
3.300000000000000000e+01 8.570000000000000000e+02
3.400000000000000000e+01 3.090000000000000000e+02
3.500000000000000000e+01 1.230000000000000000e+02
3.600000000000000000e+01 5.600000000000000000e+01
3.700000000000000000e+01 2.500000000000000000e+01
3.800000000000000000e+01 1.900000000000000000e+01
3.900000000000000000e+01 7.000000000000000000e+00
4.000000000000000000e+01 1.700000000000000000e+01
4.100000000000000000e+01 6.000000000000000000e+00
4.200000000000000000e+01 7.000000000000000000e+00
4.300000000000000000e+01 1.100000000000000000e+01
4.400000000000000000e+01 1.200000000000000000e+01
4.500000000000000000e+01 6.000000000000000000e+00
4.600000000000000000e+01 2.000000000000000000e+00
4.700000000000000000e+01 7.000000000000000000e+00
4.800000000000000000e+01 2.000000000000000000e+00
4.900000000000000000e+01 9.000000000000000000e+00
5.100000000000000000e+01 3.000000000000000000e+00
5.200000000000000000e+01 1.000000000000000000e+00
5.300000000000000000e+01 3.000000000000000000e+00
5.400000000000000000e+01 1.000000000000000000e+00
5.600000000000000000e+01 2.000000000000000000e+00
5.700000000000000000e+01 1.000000000000000000e+00
5.800000000000000000e+01 1.000000000000000000e+00
6.000000000000000000e+01 1.000000000000000000e+00
6.200000000000000000e+01 1.000000000000000000e+00
6.300000000000000000e+01 1.000000000000000000e+00
6.800000000000000000e+01 1.000000000000000000e+00
6.900000000000000000e+01 1.000000000000000000e+00
7.400000000000000000e+01 1.000000000000000000e+00
7.600000000000000000e+01 2.000000000000000000e+00
7.900000000000000000e+01 1.000000000000000000e+00
8.700000000000000000e+01 1.000000000000000000e+00
8.900000000000000000e+01 1.000000000000000000e+00
9.400000000000000000e+01 1.000000000000000000e+00
9.800000000000000000e+01 1.000000000000000000e+00
1.010000000000000000e+02 1.000000000000000000e+00
1.210000000000000000e+02 2.000000000000000000e+00
1.220000000000000000e+02 1.000000000000000000e+00
1.230000000000000000e+02 1.000000000000000000e+00
1.290000000000000000e+02 1.000000000000000000e+00
1.360000000000000000e+02 2.000000000000000000e+00
1.430000000000000000e+02 1.000000000000000000e+00
1.490000000000000000e+02 1.000000000000000000e+00
1.500000000000000000e+02 1.000000000000000000e+00
1.600000000000000000e+02 1.000000000000000000e+00
1.690000000000000000e+02 1.000000000000000000e+00
1.740000000000000000e+02 1.000000000000000000e+00
1.840000000000000000e+02 1.000000000000000000e+00
1.880000000000000000e+02 1.000000000000000000e+00
1.900000000000000000e+02 1.000000000000000000e+00
1.950000000000000000e+02 1.000000000000000000e+00
1.970000000000000000e+02 1.000000000000000000e+00
1.980000000000000000e+02 1.000000000000000000e+00
2.050000000000000000e+02 2.000000000000000000e+00
2.830000000000000000e+02 1.000000000000000000e+00
3.070000000000000000e+02 1.000000000000000000e+00
3.130000000000000000e+02 1.000000000000000000e+00
3.340000000000000000e+02 1.000000000000000000e+00
3.590000000000000000e+02 1.000000000000000000e+00
4.070000000000000000e+02 1.000000000000000000e+00
4.630000000000000000e+02 1.000000000000000000e+00
4.860000000000000000e+02 1.000000000000000000e+00
6.360000000000000000e+02 1.000000000000000000e+00
8.360000000000000000e+02 1.000000000000000000e+00
8.620000000000000000e+02 1.000000000000000000e+00
8.820000000000000000e+02 1.000000000000000000e+00
1.652000000000000000e+03 1.000000000000000000e+00
