-3.000000000000000000e+00 1.000000000000000000e+00
-2.000000000000000000e+00 2.000000000000000000e+00
-1.000000000000000000e+00 2.700000000000000000e+01
0.000000000000000000e+00 1.347000000000000000e+03
1.000000000000000000e+00 6.000000000000000000e+01
2.000000000000000000e+00 9.900000000000000000e+01
3.000000000000000000e+00 1.440000000000000000e+02
4.000000000000000000e+00 6.890000000000000000e+02
5.000000000000000000e+00 4.013000000000000000e+03
6.000000000000000000e+00 2.353800000000000000e+04
7.000000000000000000e+00 4.463200000000000000e+04
8.000000000000000000e+00 6.403000000000000000e+04
9.000000000000000000e+00 9.205400000000000000e+04
1.000000000000000000e+01 1.302150000000000000e+05
1.100000000000000000e+01 1.808110000000000000e+05
1.200000000000000000e+01 2.478830000000000000e+05
1.300000000000000000e+01 3.360770000000000000e+05
1.400000000000000000e+01 4.481020000000000000e+05
1.500000000000000000e+01 5.829990000000000000e+05
1.600000000000000000e+01 7.497850000000000000e+05
1.700000000000000000e+01 9.512320000000000000e+05
1.800000000000000000e+01 1.167687000000000000e+06
1.900000000000000000e+01 1.370844000000000000e+06
2.000000000000000000e+01 1.525027000000000000e+06
2.100000000000000000e+01 1.603867000000000000e+06
2.200000000000000000e+01 1.573672000000000000e+06
2.300000000000000000e+01 1.402945000000000000e+06
2.400000000000000000e+01 1.120734000000000000e+06
2.500000000000000000e+01 7.785440000000000000e+05
2.600000000000000000e+01 4.679180000000000000e+05
2.700000000000000000e+01 2.450840000000000000e+05
2.800000000000000000e+01 1.169600000000000000e+05
2.900000000000000000e+01 5.514300000000000000e+04
3.000000000000000000e+01 2.623200000000000000e+04
3.100000000000000000e+01 1.264100000000000000e+04
3.200000000000000000e+01 5.524000000000000000e+03
3.300000000000000000e+01 2.374000000000000000e+03
3.400000000000000000e+01 9.630000000000000000e+02
3.500000000000000000e+01 3.090000000000000000e+02
3.600000000000000000e+01 1.570000000000000000e+02
3.700000000000000000e+01 8.200000000000000000e+01
3.800000000000000000e+01 9.400000000000000000e+01
3.900000000000000000e+01 2.900000000000000000e+01
4.000000000000000000e+01 6.800000000000000000e+01
4.100000000000000000e+01 4.300000000000000000e+01
4.200000000000000000e+01 4.800000000000000000e+01
4.300000000000000000e+01 2.800000000000000000e+01
4.400000000000000000e+01 3.800000000000000000e+01
4.500000000000000000e+01 2.800000000000000000e+01
4.600000000000000000e+01 2.600000000000000000e+01
4.700000000000000000e+01 4.200000000000000000e+01
4.800000000000000000e+01 1.300000000000000000e+01
4.900000000000000000e+01 3.800000000000000000e+01
5.000000000000000000e+01 1.200000000000000000e+01
5.100000000000000000e+01 2.200000000000000000e+01
5.200000000000000000e+01 8.000000000000000000e+00
5.300000000000000000e+01 2.300000000000000000e+01
5.400000000000000000e+01 8.000000000000000000e+00
5.500000000000000000e+01 1.100000000000000000e+01
5.600000000000000000e+01 5.000000000000000000e+00
5.700000000000000000e+01 2.000000000000000000e+00
5.800000000000000000e+01 4.000000000000000000e+00
5.900000000000000000e+01 3.000000000000000000e+00
6.000000000000000000e+01 3.000000000000000000e+00
6.100000000000000000e+01 1.000000000000000000e+00
6.200000000000000000e+01 1.000000000000000000e+00
6.300000000000000000e+01 1.000000000000000000e+00
6.500000000000000000e+01 1.000000000000000000e+00
6.600000000000000000e+01 2.000000000000000000e+00
6.700000000000000000e+01 4.000000000000000000e+00
6.800000000000000000e+01 1.000000000000000000e+00
6.900000000000000000e+01 1.000000000000000000e+00
7.000000000000000000e+01 1.000000000000000000e+00
7.100000000000000000e+01 1.000000000000000000e+00
7.400000000000000000e+01 1.000000000000000000e+00
7.500000000000000000e+01 1.000000000000000000e+00
7.700000000000000000e+01 1.000000000000000000e+00
8.000000000000000000e+01 1.000000000000000000e+00
8.300000000000000000e+01 1.000000000000000000e+00
8.400000000000000000e+01 1.000000000000000000e+00
8.500000000000000000e+01 1.000000000000000000e+00
9.100000000000000000e+01 1.000000000000000000e+00
9.900000000000000000e+01 1.000000000000000000e+00
1.000000000000000000e+02 1.000000000000000000e+00
1.020000000000000000e+02 1.000000000000000000e+00
1.030000000000000000e+02 1.000000000000000000e+00
1.090000000000000000e+02 1.000000000000000000e+00
1.130000000000000000e+02 1.000000000000000000e+00
1.290000000000000000e+02 1.000000000000000000e+00
1.450000000000000000e+02 1.000000000000000000e+00
1.550000000000000000e+02 1.000000000000000000e+00
1.740000000000000000e+02 1.000000000000000000e+00
1.770000000000000000e+02 1.000000000000000000e+00
1.840000000000000000e+02 1.000000000000000000e+00
2.020000000000000000e+02 1.000000000000000000e+00
2.230000000000000000e+02 1.000000000000000000e+00
2.420000000000000000e+02 1.000000000000000000e+00
2.450000000000000000e+02 1.000000000000000000e+00
3.020000000000000000e+02 1.000000000000000000e+00
3.350000000000000000e+02 1.000000000000000000e+00
3.670000000000000000e+02 1.000000000000000000e+00
3.900000000000000000e+02 1.000000000000000000e+00
4.880000000000000000e+02 2.000000000000000000e+00
5.030000000000000000e+02 1.000000000000000000e+00
5.170000000000000000e+02 1.000000000000000000e+00
5.390000000000000000e+02 1.000000000000000000e+00
6.640000000000000000e+02 1.000000000000000000e+00
8.350000000000000000e+02 1.000000000000000000e+00
2.317000000000000000e+03 1.000000000000000000e+00
4.264000000000000000e+03 1.000000000000000000e+00
