-4.000000000000000000e+00 4.000000000000000000e+00
-3.000000000000000000e+00 4.000000000000000000e+00
-2.000000000000000000e+00 1.700000000000000000e+01
-1.000000000000000000e+00 4.400000000000000000e+01
0.000000000000000000e+00 1.374000000000000000e+03
1.000000000000000000e+00 1.040000000000000000e+02
2.000000000000000000e+00 1.460000000000000000e+02
3.000000000000000000e+00 2.040000000000000000e+02
4.000000000000000000e+00 1.148000000000000000e+03
5.000000000000000000e+00 8.589000000000000000e+03
6.000000000000000000e+00 5.911900000000000000e+04
7.000000000000000000e+00 9.966800000000000000e+04
8.000000000000000000e+00 1.166130000000000000e+05
9.000000000000000000e+00 1.323900000000000000e+05
1.000000000000000000e+01 1.472230000000000000e+05
1.100000000000000000e+01 1.536330000000000000e+05
1.200000000000000000e+01 1.579660000000000000e+05
1.300000000000000000e+01 1.688670000000000000e+05
1.400000000000000000e+01 1.900340000000000000e+05
1.500000000000000000e+01 2.262470000000000000e+05
1.600000000000000000e+01 2.824390000000000000e+05
1.700000000000000000e+01 3.602910000000000000e+05
1.800000000000000000e+01 4.594410000000000000e+05
1.900000000000000000e+01 5.794230000000000000e+05
2.000000000000000000e+01 7.088360000000000000e+05
2.100000000000000000e+01 8.522070000000000000e+05
2.200000000000000000e+01 9.977630000000000000e+05
2.300000000000000000e+01 1.124486000000000000e+06
2.400000000000000000e+01 1.223127000000000000e+06
2.500000000000000000e+01 1.261673000000000000e+06
2.600000000000000000e+01 1.240066000000000000e+06
2.700000000000000000e+01 1.170639000000000000e+06
2.800000000000000000e+01 1.071319000000000000e+06
2.900000000000000000e+01 9.520970000000000000e+05
3.000000000000000000e+01 8.285890000000000000e+05
3.100000000000000000e+01 7.052160000000000000e+05
3.200000000000000000e+01 5.907590000000000000e+05
3.300000000000000000e+01 4.839400000000000000e+05
3.400000000000000000e+01 3.870550000000000000e+05
3.500000000000000000e+01 2.997060000000000000e+05
3.600000000000000000e+01 2.215160000000000000e+05
3.700000000000000000e+01 1.554750000000000000e+05
3.800000000000000000e+01 1.033440000000000000e+05
3.900000000000000000e+01 6.507100000000000000e+04
4.000000000000000000e+01 3.803300000000000000e+04
4.100000000000000000e+01 2.017400000000000000e+04
4.200000000000000000e+01 1.011600000000000000e+04
4.300000000000000000e+01 4.545000000000000000e+03
4.400000000000000000e+01 1.998000000000000000e+03
4.500000000000000000e+01 8.930000000000000000e+02
4.600000000000000000e+01 3.850000000000000000e+02
4.700000000000000000e+01 1.990000000000000000e+02
4.800000000000000000e+01 9.800000000000000000e+01
4.900000000000000000e+01 1.190000000000000000e+02
5.000000000000000000e+01 6.100000000000000000e+01
5.100000000000000000e+01 8.300000000000000000e+01
5.200000000000000000e+01 2.400000000000000000e+01
5.300000000000000000e+01 7.600000000000000000e+01
5.400000000000000000e+01 2.700000000000000000e+01
5.500000000000000000e+01 5.600000000000000000e+01
5.600000000000000000e+01 2.000000000000000000e+01
5.700000000000000000e+01 4.400000000000000000e+01
5.800000000000000000e+01 2.100000000000000000e+01
5.900000000000000000e+01 4.200000000000000000e+01
6.000000000000000000e+01 1.300000000000000000e+01
6.100000000000000000e+01 2.800000000000000000e+01
6.200000000000000000e+01 1.300000000000000000e+01
6.300000000000000000e+01 3.800000000000000000e+01
6.400000000000000000e+01 1.100000000000000000e+01
6.500000000000000000e+01 2.100000000000000000e+01
6.600000000000000000e+01 1.300000000000000000e+01
6.700000000000000000e+01 1.700000000000000000e+01
6.800000000000000000e+01 1.000000000000000000e+01
6.900000000000000000e+01 1.000000000000000000e+01
7.000000000000000000e+01 8.000000000000000000e+00
7.100000000000000000e+01 5.000000000000000000e+00
7.200000000000000000e+01 4.000000000000000000e+00
7.300000000000000000e+01 1.200000000000000000e+01
7.400000000000000000e+01 3.000000000000000000e+00
7.500000000000000000e+01 2.000000000000000000e+00
7.600000000000000000e+01 1.000000000000000000e+00
7.700000000000000000e+01 3.000000000000000000e+00
7.800000000000000000e+01 3.000000000000000000e+00
8.000000000000000000e+01 1.000000000000000000e+00
8.100000000000000000e+01 1.000000000000000000e+00
8.200000000000000000e+01 3.000000000000000000e+00
8.400000000000000000e+01 2.000000000000000000e+00
8.600000000000000000e+01 1.000000000000000000e+00
8.700000000000000000e+01 1.000000000000000000e+00
8.800000000000000000e+01 1.000000000000000000e+00
1.190000000000000000e+02 1.000000000000000000e+00
1.420000000000000000e+02 1.000000000000000000e+00
1.490000000000000000e+02 1.000000000000000000e+00
1.660000000000000000e+02 1.000000000000000000e+00
6.660000000000000000e+02 1.000000000000000000e+00
9.920000000000000000e+02 1.000000000000000000e+00
1.518000000000000000e+03 1.000000000000000000e+00
1.963000000000000000e+03 1.000000000000000000e+00
