-3.000000000000000000e+00 1.000000000000000000e+00
-2.000000000000000000e+00 1.000000000000000000e+00
-1.000000000000000000e+00 4.000000000000000000e+00
0.000000000000000000e+00 1.332000000000000000e+03
1.000000000000000000e+00 1.900000000000000000e+01
2.000000000000000000e+00 4.300000000000000000e+01
3.000000000000000000e+00 6.800000000000000000e+01
4.000000000000000000e+00 5.150000000000000000e+02
5.000000000000000000e+00 2.445000000000000000e+03
6.000000000000000000e+00 1.284900000000000000e+04
7.000000000000000000e+00 2.438400000000000000e+04
8.000000000000000000e+00 3.443900000000000000e+04
9.000000000000000000e+00 4.954100000000000000e+04
1.000000000000000000e+01 7.012700000000000000e+04
1.100000000000000000e+01 9.742900000000000000e+04
1.200000000000000000e+01 1.319330000000000000e+05
1.300000000000000000e+01 1.793930000000000000e+05
1.400000000000000000e+01 2.366810000000000000e+05
1.500000000000000000e+01 3.085880000000000000e+05
1.600000000000000000e+01 3.959600000000000000e+05
1.700000000000000000e+01 4.985590000000000000e+05
1.800000000000000000e+01 6.098920000000000000e+05
1.900000000000000000e+01 7.132520000000000000e+05
2.000000000000000000e+01 7.882480000000000000e+05
2.100000000000000000e+01 8.213320000000000000e+05
2.200000000000000000e+01 7.967690000000000000e+05
2.300000000000000000e+01 7.035910000000000000e+05
2.400000000000000000e+01 5.552060000000000000e+05
2.500000000000000000e+01 3.788640000000000000e+05
2.600000000000000000e+01 2.226140000000000000e+05
2.700000000000000000e+01 1.152360000000000000e+05
2.800000000000000000e+01 5.449600000000000000e+04
2.900000000000000000e+01 2.605000000000000000e+04
3.000000000000000000e+01 1.247900000000000000e+04
3.100000000000000000e+01 6.101000000000000000e+03
3.200000000000000000e+01 2.741000000000000000e+03
3.300000000000000000e+01 1.111000000000000000e+03
3.400000000000000000e+01 4.210000000000000000e+02
3.500000000000000000e+01 1.550000000000000000e+02
3.600000000000000000e+01 6.000000000000000000e+01
3.700000000000000000e+01 2.100000000000000000e+01
3.800000000000000000e+01 2.600000000000000000e+01
3.900000000000000000e+01 1.400000000000000000e+01
4.000000000000000000e+01 2.200000000000000000e+01
4.100000000000000000e+01 8.000000000000000000e+00
4.200000000000000000e+01 1.000000000000000000e+01
4.300000000000000000e+01 1.400000000000000000e+01
4.400000000000000000e+01 1.400000000000000000e+01
4.500000000000000000e+01 9.000000000000000000e+00
4.600000000000000000e+01 9.000000000000000000e+00
4.700000000000000000e+01 6.000000000000000000e+00
4.800000000000000000e+01 6.000000000000000000e+00
4.900000000000000000e+01 6.000000000000000000e+00
5.000000000000000000e+01 1.000000000000000000e+00
5.100000000000000000e+01 1.000000000000000000e+00
5.200000000000000000e+01 4.000000000000000000e+00
5.300000000000000000e+01 3.000000000000000000e+00
5.400000000000000000e+01 1.000000000000000000e+00
5.500000000000000000e+01 3.000000000000000000e+00
5.600000000000000000e+01 1.000000000000000000e+00
5.800000000000000000e+01 1.000000000000000000e+00
5.900000000000000000e+01 2.000000000000000000e+00
6.000000000000000000e+01 1.000000000000000000e+00
6.100000000000000000e+01 1.000000000000000000e+00
6.200000000000000000e+01 1.000000000000000000e+00
6.600000000000000000e+01 2.000000000000000000e+00
6.800000000000000000e+01 1.000000000000000000e+00
6.900000000000000000e+01 1.000000000000000000e+00
7.000000000000000000e+01 1.000000000000000000e+00
7.500000000000000000e+01 1.000000000000000000e+00
7.700000000000000000e+01 1.000000000000000000e+00
7.900000000000000000e+01 1.000000000000000000e+00
8.100000000000000000e+01 2.000000000000000000e+00
8.700000000000000000e+01 1.000000000000000000e+00
8.800000000000000000e+01 2.000000000000000000e+00
9.000000000000000000e+01 3.000000000000000000e+00
9.300000000000000000e+01 2.000000000000000000e+00
9.400000000000000000e+01 1.000000000000000000e+00
9.600000000000000000e+01 1.000000000000000000e+00
1.000000000000000000e+02 1.000000000000000000e+00
1.010000000000000000e+02 1.000000000000000000e+00
1.020000000000000000e+02 1.000000000000000000e+00
1.030000000000000000e+02 1.000000000000000000e+00
1.150000000000000000e+02 1.000000000000000000e+00
1.170000000000000000e+02 1.000000000000000000e+00
1.180000000000000000e+02 1.000000000000000000e+00
1.200000000000000000e+02 1.000000000000000000e+00
1.240000000000000000e+02 1.000000000000000000e+00
1.380000000000000000e+02 1.000000000000000000e+00
1.500000000000000000e+02 1.000000000000000000e+00
1.510000000000000000e+02 1.000000000000000000e+00
1.520000000000000000e+02 1.000000000000000000e+00
1.550000000000000000e+02 1.000000000000000000e+00
1.870000000000000000e+02 1.000000000000000000e+00
2.020000000000000000e+02 1.000000000000000000e+00
2.060000000000000000e+02 1.000000000000000000e+00
2.110000000000000000e+02 1.000000000000000000e+00
2.140000000000000000e+02 1.000000000000000000e+00
2.250000000000000000e+02 1.000000000000000000e+00
2.790000000000000000e+02 1.000000000000000000e+00
3.200000000000000000e+02 1.000000000000000000e+00
3.630000000000000000e+02 1.000000000000000000e+00
4.300000000000000000e+02 1.000000000000000000e+00
4.370000000000000000e+02 1.000000000000000000e+00
6.510000000000000000e+02 1.000000000000000000e+00
6.990000000000000000e+02 1.000000000000000000e+00
8.520000000000000000e+02 1.000000000000000000e+00
8.940000000000000000e+02 1.000000000000000000e+00
9.150000000000000000e+02 1.000000000000000000e+00
1.001000000000000000e+03 1.000000000000000000e+00
1.084000000000000000e+03 1.000000000000000000e+00
1.144000000000000000e+03 1.000000000000000000e+00
1.300000000000000000e+03 1.000000000000000000e+00
1.422000000000000000e+03 1.000000000000000000e+00
