-4.000000000000000000e+00 3.000000000000000000e+00
-3.000000000000000000e+00 8.000000000000000000e+00
-2.000000000000000000e+00 1.400000000000000000e+01
-1.000000000000000000e+00 5.000000000000000000e+01
0.000000000000000000e+00 1.360000000000000000e+03
1.000000000000000000e+00 1.130000000000000000e+02
2.000000000000000000e+00 1.570000000000000000e+02
3.000000000000000000e+00 3.110000000000000000e+02
4.000000000000000000e+00 1.669000000000000000e+03
5.000000000000000000e+00 1.134200000000000000e+04
6.000000000000000000e+00 7.584600000000000000e+04
7.000000000000000000e+00 1.320880000000000000e+05
8.000000000000000000e+00 1.602000000000000000e+05
9.000000000000000000e+00 1.892950000000000000e+05
1.000000000000000000e+01 2.187840000000000000e+05
1.100000000000000000e+01 2.386230000000000000e+05
1.200000000000000000e+01 2.519570000000000000e+05
1.300000000000000000e+01 2.589710000000000000e+05
1.400000000000000000e+01 2.659680000000000000e+05
1.500000000000000000e+01 2.783510000000000000e+05
1.600000000000000000e+01 2.981610000000000000e+05
1.700000000000000000e+01 3.295280000000000000e+05
1.800000000000000000e+01 3.750520000000000000e+05
1.900000000000000000e+01 4.339120000000000000e+05
2.000000000000000000e+01 5.085940000000000000e+05
2.100000000000000000e+01 6.031430000000000000e+05
2.200000000000000000e+01 7.052640000000000000e+05
2.300000000000000000e+01 8.042030000000000000e+05
2.400000000000000000e+01 8.833040000000000000e+05
2.500000000000000000e+01 9.242950000000000000e+05
2.600000000000000000e+01 9.244510000000000000e+05
2.700000000000000000e+01 8.917060000000000000e+05
2.800000000000000000e+01 8.416370000000000000e+05
2.900000000000000000e+01 7.870730000000000000e+05
3.000000000000000000e+01 7.283140000000000000e+05
3.100000000000000000e+01 6.744560000000000000e+05
3.200000000000000000e+01 6.283480000000000000e+05
3.300000000000000000e+01 5.832450000000000000e+05
3.400000000000000000e+01 5.427810000000000000e+05
3.500000000000000000e+01 5.049500000000000000e+05
3.600000000000000000e+01 4.702240000000000000e+05
3.700000000000000000e+01 4.346490000000000000e+05
3.800000000000000000e+01 4.007600000000000000e+05
3.900000000000000000e+01 3.666610000000000000e+05
4.000000000000000000e+01 3.318580000000000000e+05
4.100000000000000000e+01 2.946310000000000000e+05
4.200000000000000000e+01 2.596560000000000000e+05
4.300000000000000000e+01 2.225580000000000000e+05
4.400000000000000000e+01 1.869910000000000000e+05
4.500000000000000000e+01 1.524520000000000000e+05
4.600000000000000000e+01 1.204740000000000000e+05
4.700000000000000000e+01 9.169700000000000000e+04
4.800000000000000000e+01 6.632900000000000000e+04
4.900000000000000000e+01 4.632800000000000000e+04
5.000000000000000000e+01 3.025200000000000000e+04
5.100000000000000000e+01 1.898800000000000000e+04
5.200000000000000000e+01 1.131400000000000000e+04
5.300000000000000000e+01 6.531000000000000000e+03
5.400000000000000000e+01 3.638000000000000000e+03
5.500000000000000000e+01 1.958000000000000000e+03
5.600000000000000000e+01 9.620000000000000000e+02
5.700000000000000000e+01 5.300000000000000000e+02
5.800000000000000000e+01 2.750000000000000000e+02
5.900000000000000000e+01 1.580000000000000000e+02
6.000000000000000000e+01 9.600000000000000000e+01
6.100000000000000000e+01 8.900000000000000000e+01
6.200000000000000000e+01 4.400000000000000000e+01
6.300000000000000000e+01 5.200000000000000000e+01
6.400000000000000000e+01 4.200000000000000000e+01
6.500000000000000000e+01 2.100000000000000000e+01
6.600000000000000000e+01 2.000000000000000000e+01
6.700000000000000000e+01 2.400000000000000000e+01
6.800000000000000000e+01 2.000000000000000000e+01
6.900000000000000000e+01 2.000000000000000000e+01
7.000000000000000000e+01 2.400000000000000000e+01
7.100000000000000000e+01 2.100000000000000000e+01
7.200000000000000000e+01 2.000000000000000000e+01
7.300000000000000000e+01 1.000000000000000000e+01
7.400000000000000000e+01 1.100000000000000000e+01
7.500000000000000000e+01 4.000000000000000000e+00
7.600000000000000000e+01 1.700000000000000000e+01
7.700000000000000000e+01 9.000000000000000000e+00
7.800000000000000000e+01 1.200000000000000000e+01
7.900000000000000000e+01 3.000000000000000000e+00
8.000000000000000000e+01 9.000000000000000000e+00
8.100000000000000000e+01 4.000000000000000000e+00
8.200000000000000000e+01 1.100000000000000000e+01
8.300000000000000000e+01 1.000000000000000000e+00
8.400000000000000000e+01 7.000000000000000000e+00
8.500000000000000000e+01 5.000000000000000000e+00
8.600000000000000000e+01 8.000000000000000000e+00
8.700000000000000000e+01 5.000000000000000000e+00
8.800000000000000000e+01 7.000000000000000000e+00
8.900000000000000000e+01 1.000000000000000000e+00
9.000000000000000000e+01 3.000000000000000000e+00
9.100000000000000000e+01 4.000000000000000000e+00
9.200000000000000000e+01 7.000000000000000000e+00
9.300000000000000000e+01 2.000000000000000000e+00
9.400000000000000000e+01 5.000000000000000000e+00
9.600000000000000000e+01 3.000000000000000000e+00
9.700000000000000000e+01 2.000000000000000000e+00
9.800000000000000000e+01 2.000000000000000000e+00
9.900000000000000000e+01 2.000000000000000000e+00
1.020000000000000000e+02 1.000000000000000000e+00
1.030000000000000000e+02 1.000000000000000000e+00
1.050000000000000000e+02 2.000000000000000000e+00
1.090000000000000000e+02 1.000000000000000000e+00
1.120000000000000000e+02 1.000000000000000000e+00
1.180000000000000000e+02 1.000000000000000000e+00
1.640000000000000000e+02 1.000000000000000000e+00
2.140000000000000000e+02 1.000000000000000000e+00
4.130000000000000000e+02 1.000000000000000000e+00
1.653000000000000000e+03 1.000000000000000000e+00
