-4.000000000000000000e+00 3.000000000000000000e+00
-3.000000000000000000e+00 4.000000000000000000e+00
-2.000000000000000000e+00 1.600000000000000000e+01
-1.000000000000000000e+00 4.200000000000000000e+01
0.000000000000000000e+00 1.371000000000000000e+03
1.000000000000000000e+00 1.020000000000000000e+02
2.000000000000000000e+00 1.220000000000000000e+02
3.000000000000000000e+00 2.350000000000000000e+02
4.000000000000000000e+00 1.101000000000000000e+03
5.000000000000000000e+00 8.647000000000000000e+03
6.000000000000000000e+00 5.998200000000000000e+04
7.000000000000000000e+00 1.018180000000000000e+05
8.000000000000000000e+00 1.181900000000000000e+05
9.000000000000000000e+00 1.348400000000000000e+05
1.000000000000000000e+01 1.500400000000000000e+05
1.100000000000000000e+01 1.557890000000000000e+05
1.200000000000000000e+01 1.606510000000000000e+05
1.300000000000000000e+01 1.713270000000000000e+05
1.400000000000000000e+01 1.923830000000000000e+05
1.500000000000000000e+01 2.287140000000000000e+05
1.600000000000000000e+01 2.865420000000000000e+05
1.700000000000000000e+01 3.643140000000000000e+05
1.800000000000000000e+01 4.646320000000000000e+05
1.900000000000000000e+01 5.841280000000000000e+05
2.000000000000000000e+01 7.178450000000000000e+05
2.100000000000000000e+01 8.634030000000000000e+05
2.200000000000000000e+01 1.015269000000000000e+06
2.300000000000000000e+01 1.141677000000000000e+06
2.400000000000000000e+01 1.239820000000000000e+06
2.500000000000000000e+01 1.283150000000000000e+06
2.600000000000000000e+01 1.264101000000000000e+06
2.700000000000000000e+01 1.195438000000000000e+06
2.800000000000000000e+01 1.091489000000000000e+06
2.900000000000000000e+01 9.744080000000000000e+05
3.000000000000000000e+01 8.466780000000000000e+05
3.100000000000000000e+01 7.232020000000000000e+05
3.200000000000000000e+01 6.038070000000000000e+05
3.300000000000000000e+01 4.959160000000000000e+05
3.400000000000000000e+01 3.965410000000000000e+05
3.500000000000000000e+01 3.060800000000000000e+05
3.600000000000000000e+01 2.267580000000000000e+05
3.700000000000000000e+01 1.592860000000000000e+05
3.800000000000000000e+01 1.069400000000000000e+05
3.900000000000000000e+01 6.691700000000000000e+04
4.000000000000000000e+01 3.909300000000000000e+04
4.100000000000000000e+01 2.062500000000000000e+04
4.200000000000000000e+01 1.025500000000000000e+04
4.300000000000000000e+01 4.863000000000000000e+03
4.400000000000000000e+01 2.064000000000000000e+03
4.500000000000000000e+01 9.290000000000000000e+02
4.600000000000000000e+01 4.310000000000000000e+02
4.700000000000000000e+01 1.750000000000000000e+02
4.800000000000000000e+01 1.010000000000000000e+02
4.900000000000000000e+01 1.000000000000000000e+02
5.000000000000000000e+01 6.300000000000000000e+01
5.100000000000000000e+01 8.900000000000000000e+01
5.200000000000000000e+01 4.800000000000000000e+01
5.300000000000000000e+01 9.300000000000000000e+01
5.400000000000000000e+01 3.000000000000000000e+01
5.500000000000000000e+01 4.500000000000000000e+01
5.600000000000000000e+01 2.500000000000000000e+01
5.700000000000000000e+01 5.100000000000000000e+01
5.800000000000000000e+01 1.100000000000000000e+01
5.900000000000000000e+01 3.600000000000000000e+01
6.000000000000000000e+01 1.600000000000000000e+01
6.100000000000000000e+01 3.900000000000000000e+01
6.200000000000000000e+01 9.000000000000000000e+00
6.300000000000000000e+01 2.500000000000000000e+01
6.400000000000000000e+01 2.300000000000000000e+01
6.500000000000000000e+01 2.000000000000000000e+01
6.600000000000000000e+01 1.200000000000000000e+01
6.700000000000000000e+01 1.200000000000000000e+01
6.800000000000000000e+01 7.000000000000000000e+00
6.900000000000000000e+01 9.000000000000000000e+00
7.000000000000000000e+01 1.000000000000000000e+01
7.100000000000000000e+01 2.000000000000000000e+00
7.200000000000000000e+01 4.000000000000000000e+00
7.300000000000000000e+01 7.000000000000000000e+00
7.400000000000000000e+01 4.000000000000000000e+00
7.500000000000000000e+01 3.000000000000000000e+00
7.600000000000000000e+01 5.000000000000000000e+00
7.700000000000000000e+01 3.000000000000000000e+00
7.800000000000000000e+01 2.000000000000000000e+00
7.900000000000000000e+01 1.000000000000000000e+00
8.000000000000000000e+01 1.000000000000000000e+00
8.100000000000000000e+01 1.000000000000000000e+00
8.200000000000000000e+01 2.000000000000000000e+00
8.800000000000000000e+01 1.000000000000000000e+00
1.130000000000000000e+02 1.000000000000000000e+00
1.320000000000000000e+02 1.000000000000000000e+00
1.510000000000000000e+02 1.000000000000000000e+00
1.540000000000000000e+02 1.000000000000000000e+00
1.570000000000000000e+02 1.000000000000000000e+00
1.980000000000000000e+02 1.000000000000000000e+00
4.550000000000000000e+02 1.000000000000000000e+00
6.430000000000000000e+02 1.000000000000000000e+00
1.683000000000000000e+03 1.000000000000000000e+00
