-2.000000000000000000e+00 6.000000000000000000e+00
-1.000000000000000000e+00 1.500000000000000000e+01
0.000000000000000000e+00 1.320000000000000000e+03
1.000000000000000000e+00 2.900000000000000000e+01
2.000000000000000000e+00 6.500000000000000000e+01
3.000000000000000000e+00 8.600000000000000000e+01
4.000000000000000000e+00 7.130000000000000000e+02
5.000000000000000000e+00 2.905000000000000000e+03
6.000000000000000000e+00 1.451900000000000000e+04
7.000000000000000000e+00 2.654300000000000000e+04
8.000000000000000000e+00 3.713400000000000000e+04
9.000000000000000000e+00 5.297200000000000000e+04
1.000000000000000000e+01 7.444400000000000000e+04
1.100000000000000000e+01 1.030640000000000000e+05
1.200000000000000000e+01 1.412790000000000000e+05
1.300000000000000000e+01 1.933180000000000000e+05
1.400000000000000000e+01 2.597050000000000000e+05
1.500000000000000000e+01 3.440850000000000000e+05
1.600000000000000000e+01 4.505720000000000000e+05
1.700000000000000000e+01 5.798650000000000000e+05
1.800000000000000000e+01 7.256820000000000000e+05
1.900000000000000000e+01 8.701650000000000000e+05
2.000000000000000000e+01 1.006027000000000000e+06
2.100000000000000000e+01 1.118458000000000000e+06
2.200000000000000000e+01 1.203825000000000000e+06
2.300000000000000000e+01 1.232959000000000000e+06
2.400000000000000000e+01 1.203984000000000000e+06
2.500000000000000000e+01 1.103159000000000000e+06
2.600000000000000000e+01 9.502760000000000000e+05
2.700000000000000000e+01 7.613450000000000000e+05
2.800000000000000000e+01 5.584840000000000000e+05
2.900000000000000000e+01 3.704840000000000000e+05
3.000000000000000000e+01 2.189180000000000000e+05
3.100000000000000000e+01 1.152650000000000000e+05
3.200000000000000000e+01 5.336400000000000000e+04
3.300000000000000000e+01 2.242800000000000000e+04
3.400000000000000000e+01 8.612000000000000000e+03
3.500000000000000000e+01 3.398000000000000000e+03
3.600000000000000000e+01 1.159000000000000000e+03
3.700000000000000000e+01 4.450000000000000000e+02
3.800000000000000000e+01 1.640000000000000000e+02
3.900000000000000000e+01 8.300000000000000000e+01
4.000000000000000000e+01 5.800000000000000000e+01
4.100000000000000000e+01 3.400000000000000000e+01
4.200000000000000000e+01 4.500000000000000000e+01
4.300000000000000000e+01 1.800000000000000000e+01
4.400000000000000000e+01 3.400000000000000000e+01
4.500000000000000000e+01 2.400000000000000000e+01
4.600000000000000000e+01 3.300000000000000000e+01
4.700000000000000000e+01 2.100000000000000000e+01
4.800000000000000000e+01 1.100000000000000000e+01
4.900000000000000000e+01 2.600000000000000000e+01
5.000000000000000000e+01 8.000000000000000000e+00
5.100000000000000000e+01 2.400000000000000000e+01
5.200000000000000000e+01 4.000000000000000000e+00
5.300000000000000000e+01 1.400000000000000000e+01
5.400000000000000000e+01 6.000000000000000000e+00
5.500000000000000000e+01 1.500000000000000000e+01
5.600000000000000000e+01 5.000000000000000000e+00
5.700000000000000000e+01 1.300000000000000000e+01
5.800000000000000000e+01 2.000000000000000000e+00
5.900000000000000000e+01 5.000000000000000000e+00
6.000000000000000000e+01 4.000000000000000000e+00
6.100000000000000000e+01 1.000000000000000000e+00
6.200000000000000000e+01 1.000000000000000000e+00
6.300000000000000000e+01 5.000000000000000000e+00
6.400000000000000000e+01 4.000000000000000000e+00
6.600000000000000000e+01 1.000000000000000000e+00
6.700000000000000000e+01 2.000000000000000000e+00
8.400000000000000000e+01 1.000000000000000000e+00
8.500000000000000000e+01 1.000000000000000000e+00
8.700000000000000000e+01 1.000000000000000000e+00
8.900000000000000000e+01 1.000000000000000000e+00
9.000000000000000000e+01 1.000000000000000000e+00
9.200000000000000000e+01 1.000000000000000000e+00
9.800000000000000000e+01 1.000000000000000000e+00
9.900000000000000000e+01 1.000000000000000000e+00
1.000000000000000000e+02 1.000000000000000000e+00
1.110000000000000000e+02 1.000000000000000000e+00
1.130000000000000000e+02 1.000000000000000000e+00
1.150000000000000000e+02 1.000000000000000000e+00
1.250000000000000000e+02 2.000000000000000000e+00
1.260000000000000000e+02 1.000000000000000000e+00
1.270000000000000000e+02 1.000000000000000000e+00
1.400000000000000000e+02 2.000000000000000000e+00
1.530000000000000000e+02 1.000000000000000000e+00
1.760000000000000000e+02 1.000000000000000000e+00
1.860000000000000000e+02 1.000000000000000000e+00
1.910000000000000000e+02 1.000000000000000000e+00
2.260000000000000000e+02 1.000000000000000000e+00
4.170000000000000000e+02 1.000000000000000000e+00
5.660000000000000000e+02 1.000000000000000000e+00
