-4.000000000000000000e+00 5.000000000000000000e+00
-3.000000000000000000e+00 5.000000000000000000e+00
-2.000000000000000000e+00 1.000000000000000000e+01
-1.000000000000000000e+00 5.500000000000000000e+01
0.000000000000000000e+00 1.359000000000000000e+03
1.000000000000000000e+00 1.110000000000000000e+02
2.000000000000000000e+00 1.330000000000000000e+02
3.000000000000000000e+00 2.350000000000000000e+02
4.000000000000000000e+00 1.177000000000000000e+03
5.000000000000000000e+00 8.707000000000000000e+03
6.000000000000000000e+00 6.000500000000000000e+04
7.000000000000000000e+00 1.019780000000000000e+05
8.000000000000000000e+00 1.187060000000000000e+05
9.000000000000000000e+00 1.360190000000000000e+05
1.000000000000000000e+01 1.498320000000000000e+05
1.100000000000000000e+01 1.567740000000000000e+05
1.200000000000000000e+01 1.610000000000000000e+05
1.300000000000000000e+01 1.701230000000000000e+05
1.400000000000000000e+01 1.916180000000000000e+05
1.500000000000000000e+01 2.268220000000000000e+05
1.600000000000000000e+01 2.830290000000000000e+05
1.700000000000000000e+01 3.630430000000000000e+05
1.800000000000000000e+01 4.630090000000000000e+05
1.900000000000000000e+01 5.823420000000000000e+05
2.000000000000000000e+01 7.146260000000000000e+05
2.100000000000000000e+01 8.609250000000000000e+05
2.200000000000000000e+01 1.009728000000000000e+06
2.300000000000000000e+01 1.139915000000000000e+06
2.400000000000000000e+01 1.240069000000000000e+06
2.500000000000000000e+01 1.285871000000000000e+06
2.600000000000000000e+01 1.270666000000000000e+06
2.700000000000000000e+01 1.202316000000000000e+06
2.800000000000000000e+01 1.102704000000000000e+06
2.900000000000000000e+01 9.822710000000000000e+05
3.000000000000000000e+01 8.547870000000000000e+05
3.100000000000000000e+01 7.306100000000000000e+05
3.200000000000000000e+01 6.124570000000000000e+05
3.300000000000000000e+01 5.009480000000000000e+05
3.400000000000000000e+01 4.020140000000000000e+05
3.500000000000000000e+01 3.116580000000000000e+05
3.600000000000000000e+01 2.316460000000000000e+05
3.700000000000000000e+01 1.631070000000000000e+05
3.800000000000000000e+01 1.093050000000000000e+05
3.900000000000000000e+01 6.872000000000000000e+04
4.000000000000000000e+01 4.026700000000000000e+04
4.100000000000000000e+01 2.158000000000000000e+04
4.200000000000000000e+01 1.074400000000000000e+04
4.300000000000000000e+01 4.959000000000000000e+03
4.400000000000000000e+01 2.126000000000000000e+03
4.500000000000000000e+01 9.560000000000000000e+02
4.600000000000000000e+01 4.540000000000000000e+02
4.700000000000000000e+01 2.170000000000000000e+02
4.800000000000000000e+01 1.070000000000000000e+02
4.900000000000000000e+01 1.190000000000000000e+02
5.000000000000000000e+01 5.400000000000000000e+01
5.100000000000000000e+01 9.200000000000000000e+01
5.200000000000000000e+01 3.100000000000000000e+01
5.300000000000000000e+01 7.500000000000000000e+01
5.400000000000000000e+01 3.400000000000000000e+01
5.500000000000000000e+01 7.200000000000000000e+01
5.600000000000000000e+01 2.700000000000000000e+01
5.700000000000000000e+01 6.000000000000000000e+01
5.800000000000000000e+01 1.600000000000000000e+01
5.900000000000000000e+01 4.600000000000000000e+01
6.000000000000000000e+01 1.800000000000000000e+01
6.100000000000000000e+01 2.400000000000000000e+01
6.200000000000000000e+01 1.000000000000000000e+01
6.300000000000000000e+01 2.500000000000000000e+01
6.400000000000000000e+01 1.800000000000000000e+01
6.500000000000000000e+01 1.900000000000000000e+01
6.600000000000000000e+01 1.300000000000000000e+01
6.700000000000000000e+01 1.400000000000000000e+01
6.800000000000000000e+01 9.000000000000000000e+00
6.900000000000000000e+01 1.200000000000000000e+01
7.000000000000000000e+01 7.000000000000000000e+00
7.100000000000000000e+01 9.000000000000000000e+00
7.200000000000000000e+01 7.000000000000000000e+00
7.300000000000000000e+01 8.000000000000000000e+00
7.400000000000000000e+01 9.000000000000000000e+00
7.500000000000000000e+01 3.000000000000000000e+00
7.600000000000000000e+01 2.000000000000000000e+00
7.700000000000000000e+01 6.000000000000000000e+00
7.800000000000000000e+01 5.000000000000000000e+00
7.900000000000000000e+01 2.000000000000000000e+00
8.000000000000000000e+01 3.000000000000000000e+00
8.100000000000000000e+01 1.000000000000000000e+00
8.200000000000000000e+01 1.000000000000000000e+00
9.700000000000000000e+01 1.000000000000000000e+00
1.060000000000000000e+02 1.000000000000000000e+00
1.320000000000000000e+02 1.000000000000000000e+00
1.710000000000000000e+02 1.000000000000000000e+00
2.000000000000000000e+02 1.000000000000000000e+00
2.190000000000000000e+02 1.000000000000000000e+00
2.800000000000000000e+02 1.000000000000000000e+00
2.890000000000000000e+02 1.000000000000000000e+00
3.710000000000000000e+02 1.000000000000000000e+00
