-4.000000000000000000e+00 8.000000000000000000e+00
-3.000000000000000000e+00 7.000000000000000000e+00
-2.000000000000000000e+00 1.900000000000000000e+01
-1.000000000000000000e+00 1.030000000000000000e+02
0.000000000000000000e+00 1.419000000000000000e+03
1.000000000000000000e+00 2.250000000000000000e+02
2.000000000000000000e+00 2.560000000000000000e+02
3.000000000000000000e+00 4.260000000000000000e+02
4.000000000000000000e+00 2.123000000000000000e+03
5.000000000000000000e+00 1.595300000000000000e+04
6.000000000000000000e+00 1.112270000000000000e+05
7.000000000000000000e+00 1.927370000000000000e+05
8.000000000000000000e+00 2.312800000000000000e+05
9.000000000000000000e+00 2.738090000000000000e+05
1.000000000000000000e+01 3.169280000000000000e+05
1.100000000000000000e+01 3.447720000000000000e+05
1.200000000000000000e+01 3.654930000000000000e+05
1.300000000000000000e+01 3.814060000000000000e+05
1.400000000000000000e+01 3.996730000000000000e+05
1.500000000000000000e+01 4.256320000000000000e+05
1.600000000000000000e+01 4.643970000000000000e+05
1.700000000000000000e+01 5.298820000000000000e+05
1.800000000000000000e+01 6.138460000000000000e+05
1.900000000000000000e+01 7.211450000000000000e+05
2.000000000000000000e+01 8.496750000000000000e+05
2.100000000000000000e+01 1.003785000000000000e+06
2.200000000000000000e+01 1.167859000000000000e+06
2.300000000000000000e+01 1.312534000000000000e+06
2.400000000000000000e+01 1.418902000000000000e+06
2.500000000000000000e+01 1.457738000000000000e+06
2.600000000000000000e+01 1.428185000000000000e+06
2.700000000000000000e+01 1.356149000000000000e+06
2.800000000000000000e+01 1.261365000000000000e+06
2.900000000000000000e+01 1.163206000000000000e+06
3.000000000000000000e+01 1.062370000000000000e+06
3.100000000000000000e+01 9.738880000000000000e+05
3.200000000000000000e+01 8.932430000000000000e+05
3.300000000000000000e+01 8.220700000000000000e+05
3.400000000000000000e+01 7.592560000000000000e+05
3.500000000000000000e+01 7.002300000000000000e+05
3.600000000000000000e+01 6.443650000000000000e+05
3.700000000000000000e+01 5.911410000000000000e+05
3.800000000000000000e+01 5.411720000000000000e+05
3.900000000000000000e+01 4.906360000000000000e+05
4.000000000000000000e+01 4.393980000000000000e+05
4.100000000000000000e+01 3.888090000000000000e+05
4.200000000000000000e+01 3.389600000000000000e+05
4.300000000000000000e+01 2.870890000000000000e+05
4.400000000000000000e+01 2.392790000000000000e+05
4.500000000000000000e+01 1.926690000000000000e+05
4.600000000000000000e+01 1.504510000000000000e+05
4.700000000000000000e+01 1.131800000000000000e+05
4.800000000000000000e+01 8.066000000000000000e+04
4.900000000000000000e+01 5.524600000000000000e+04
5.000000000000000000e+01 3.593100000000000000e+04
5.100000000000000000e+01 2.223000000000000000e+04
5.200000000000000000e+01 1.300800000000000000e+04
5.300000000000000000e+01 7.403000000000000000e+03
5.400000000000000000e+01 4.055000000000000000e+03
5.500000000000000000e+01 2.228000000000000000e+03
5.600000000000000000e+01 1.112000000000000000e+03
5.700000000000000000e+01 6.240000000000000000e+02
5.800000000000000000e+01 3.260000000000000000e+02
5.900000000000000000e+01 2.160000000000000000e+02
6.000000000000000000e+01 1.240000000000000000e+02
6.100000000000000000e+01 1.240000000000000000e+02
6.200000000000000000e+01 5.300000000000000000e+01
6.300000000000000000e+01 6.000000000000000000e+01
6.400000000000000000e+01 6.200000000000000000e+01
6.500000000000000000e+01 5.200000000000000000e+01
6.600000000000000000e+01 3.500000000000000000e+01
6.700000000000000000e+01 3.300000000000000000e+01
6.800000000000000000e+01 2.700000000000000000e+01
6.900000000000000000e+01 3.100000000000000000e+01
7.000000000000000000e+01 2.500000000000000000e+01
7.100000000000000000e+01 2.800000000000000000e+01
7.200000000000000000e+01 2.700000000000000000e+01
7.300000000000000000e+01 2.800000000000000000e+01
7.400000000000000000e+01 1.900000000000000000e+01
7.500000000000000000e+01 1.000000000000000000e+01
7.600000000000000000e+01 3.100000000000000000e+01
7.700000000000000000e+01 1.200000000000000000e+01
7.800000000000000000e+01 2.300000000000000000e+01
7.900000000000000000e+01 2.000000000000000000e+00
8.000000000000000000e+01 2.800000000000000000e+01
8.100000000000000000e+01 9.000000000000000000e+00
8.200000000000000000e+01 1.800000000000000000e+01
8.300000000000000000e+01 4.000000000000000000e+00
8.400000000000000000e+01 1.300000000000000000e+01
8.500000000000000000e+01 2.000000000000000000e+00
8.600000000000000000e+01 1.800000000000000000e+01
8.700000000000000000e+01 7.000000000000000000e+00
8.800000000000000000e+01 7.000000000000000000e+00
8.900000000000000000e+01 3.000000000000000000e+00
9.000000000000000000e+01 4.000000000000000000e+00
9.100000000000000000e+01 4.000000000000000000e+00
9.200000000000000000e+01 2.000000000000000000e+00
9.300000000000000000e+01 2.000000000000000000e+00
9.400000000000000000e+01 3.000000000000000000e+00
9.500000000000000000e+01 1.000000000000000000e+00
9.600000000000000000e+01 1.000000000000000000e+00
9.800000000000000000e+01 1.000000000000000000e+00
9.900000000000000000e+01 2.000000000000000000e+00
1.000000000000000000e+02 2.000000000000000000e+00
1.010000000000000000e+02 3.000000000000000000e+00
1.020000000000000000e+02 1.000000000000000000e+00
1.030000000000000000e+02 1.000000000000000000e+00
1.090000000000000000e+02 1.000000000000000000e+00
1.110000000000000000e+02 1.000000000000000000e+00
1.190000000000000000e+02 1.000000000000000000e+00
1.340000000000000000e+02 1.000000000000000000e+00
1.430000000000000000e+02 1.000000000000000000e+00
1.520000000000000000e+02 1.000000000000000000e+00
1.610000000000000000e+02 1.000000000000000000e+00
1.780000000000000000e+02 1.000000000000000000e+00
3.970000000000000000e+02 1.000000000000000000e+00
6.900000000000000000e+02 1.000000000000000000e+00
8.750000000000000000e+02 1.000000000000000000e+00
