-3.000000000000000000e+00 1.000000000000000000e+00
-2.000000000000000000e+00 2.000000000000000000e+00
-1.000000000000000000e+00 1.500000000000000000e+01
0.000000000000000000e+00 1.326000000000000000e+03
1.000000000000000000e+00 3.200000000000000000e+01
2.000000000000000000e+00 5.100000000000000000e+01
3.000000000000000000e+00 8.600000000000000000e+01
4.000000000000000000e+00 6.590000000000000000e+02
5.000000000000000000e+00 2.981000000000000000e+03
6.000000000000000000e+00 1.439500000000000000e+04
7.000000000000000000e+00 2.620400000000000000e+04
8.000000000000000000e+00 3.703200000000000000e+04
9.000000000000000000e+00 5.226300000000000000e+04
1.000000000000000000e+01 7.430000000000000000e+04
1.100000000000000000e+01 1.023870000000000000e+05
1.200000000000000000e+01 1.402040000000000000e+05
1.300000000000000000e+01 1.916490000000000000e+05
1.400000000000000000e+01 2.590670000000000000e+05
1.500000000000000000e+01 3.437400000000000000e+05
1.600000000000000000e+01 4.493960000000000000e+05
1.700000000000000000e+01 5.799830000000000000e+05
1.800000000000000000e+01 7.234550000000000000e+05
1.900000000000000000e+01 8.723230000000000000e+05
2.000000000000000000e+01 1.007359000000000000e+06
2.100000000000000000e+01 1.121147000000000000e+06
2.200000000000000000e+01 1.207428000000000000e+06
2.300000000000000000e+01 1.232914000000000000e+06
2.400000000000000000e+01 1.207553000000000000e+06
2.500000000000000000e+01 1.108832000000000000e+06
2.600000000000000000e+01 9.569210000000000000e+05
2.700000000000000000e+01 7.661840000000000000e+05
2.800000000000000000e+01 5.627320000000000000e+05
2.900000000000000000e+01 3.751440000000000000e+05
3.000000000000000000e+01 2.228050000000000000e+05
3.100000000000000000e+01 1.175680000000000000e+05
3.200000000000000000e+01 5.470200000000000000e+04
3.300000000000000000e+01 2.249300000000000000e+04
3.400000000000000000e+01 8.768000000000000000e+03
3.500000000000000000e+01 3.376000000000000000e+03
3.600000000000000000e+01 1.171000000000000000e+03
3.700000000000000000e+01 4.050000000000000000e+02
3.800000000000000000e+01 1.960000000000000000e+02
3.900000000000000000e+01 7.900000000000000000e+01
4.000000000000000000e+01 7.500000000000000000e+01
4.100000000000000000e+01 4.800000000000000000e+01
4.200000000000000000e+01 3.200000000000000000e+01
4.300000000000000000e+01 2.800000000000000000e+01
4.400000000000000000e+01 3.000000000000000000e+01
4.500000000000000000e+01 1.500000000000000000e+01
4.600000000000000000e+01 2.500000000000000000e+01
4.700000000000000000e+01 1.500000000000000000e+01
4.800000000000000000e+01 1.600000000000000000e+01
4.900000000000000000e+01 2.900000000000000000e+01
5.000000000000000000e+01 6.000000000000000000e+00
5.100000000000000000e+01 2.600000000000000000e+01
5.200000000000000000e+01 8.000000000000000000e+00
5.300000000000000000e+01 1.800000000000000000e+01
5.400000000000000000e+01 8.000000000000000000e+00
5.500000000000000000e+01 1.200000000000000000e+01
5.600000000000000000e+01 8.000000000000000000e+00
5.700000000000000000e+01 1.100000000000000000e+01
5.800000000000000000e+01 1.000000000000000000e+00
5.900000000000000000e+01 6.000000000000000000e+00
6.000000000000000000e+01 3.000000000000000000e+00
6.100000000000000000e+01 4.000000000000000000e+00
6.300000000000000000e+01 2.000000000000000000e+00
6.400000000000000000e+01 1.000000000000000000e+00
6.600000000000000000e+01 1.000000000000000000e+00
6.800000000000000000e+01 1.000000000000000000e+00
7.200000000000000000e+01 1.000000000000000000e+00
7.400000000000000000e+01 1.000000000000000000e+00
7.700000000000000000e+01 1.000000000000000000e+00
8.100000000000000000e+01 1.000000000000000000e+00
8.600000000000000000e+01 1.000000000000000000e+00
9.200000000000000000e+01 1.000000000000000000e+00
1.050000000000000000e+02 1.000000000000000000e+00
1.090000000000000000e+02 1.000000000000000000e+00
1.120000000000000000e+02 1.000000000000000000e+00
1.160000000000000000e+02 1.000000000000000000e+00
1.260000000000000000e+02 1.000000000000000000e+00
1.370000000000000000e+02 1.000000000000000000e+00
1.480000000000000000e+02 1.000000000000000000e+00
1.580000000000000000e+02 1.000000000000000000e+00
1.650000000000000000e+02 1.000000000000000000e+00
1.830000000000000000e+02 1.000000000000000000e+00
1.940000000000000000e+02 1.000000000000000000e+00
2.280000000000000000e+02 1.000000000000000000e+00
2.420000000000000000e+02 1.000000000000000000e+00
2.460000000000000000e+02 1.000000000000000000e+00
3.060000000000000000e+02 1.000000000000000000e+00
3.080000000000000000e+02 1.000000000000000000e+00
3.600000000000000000e+02 1.000000000000000000e+00
5.400000000000000000e+02 1.000000000000000000e+00
1.035000000000000000e+03 1.000000000000000000e+00
1.743000000000000000e+03 1.000000000000000000e+00
2.050000000000000000e+03 1.000000000000000000e+00
3.453000000000000000e+03 1.000000000000000000e+00
