-2.000000000000000000e+00 1.000000000000000000e+00
-1.000000000000000000e+00 6.000000000000000000e+00
0.000000000000000000e+00 1.330000000000000000e+03
1.000000000000000000e+00 2.000000000000000000e+01
2.000000000000000000e+00 3.300000000000000000e+01
3.000000000000000000e+00 6.300000000000000000e+01
4.000000000000000000e+00 5.090000000000000000e+02
5.000000000000000000e+00 2.466000000000000000e+03
6.000000000000000000e+00 1.301600000000000000e+04
7.000000000000000000e+00 2.433700000000000000e+04
8.000000000000000000e+00 3.465800000000000000e+04
9.000000000000000000e+00 4.965400000000000000e+04
1.000000000000000000e+01 7.074600000000000000e+04
1.100000000000000000e+01 9.734500000000000000e+04
1.200000000000000000e+01 1.324710000000000000e+05
1.300000000000000000e+01 1.794290000000000000e+05
1.400000000000000000e+01 2.390330000000000000e+05
1.500000000000000000e+01 3.100030000000000000e+05
1.600000000000000000e+01 3.971350000000000000e+05
1.700000000000000000e+01 4.999060000000000000e+05
1.800000000000000000e+01 6.129050000000000000e+05
1.900000000000000000e+01 7.115690000000000000e+05
2.000000000000000000e+01 7.886190000000000000e+05
2.100000000000000000e+01 8.200200000000000000e+05
2.200000000000000000e+01 7.948790000000000000e+05
2.300000000000000000e+01 6.990510000000000000e+05
2.400000000000000000e+01 5.511730000000000000e+05
2.500000000000000000e+01 3.747560000000000000e+05
2.600000000000000000e+01 2.198380000000000000e+05
2.700000000000000000e+01 1.129430000000000000e+05
2.800000000000000000e+01 5.395400000000000000e+04
2.900000000000000000e+01 2.540200000000000000e+04
3.000000000000000000e+01 1.233400000000000000e+04
3.100000000000000000e+01 5.961000000000000000e+03
3.200000000000000000e+01 2.697000000000000000e+03
3.300000000000000000e+01 1.076000000000000000e+03
3.400000000000000000e+01 4.140000000000000000e+02
3.500000000000000000e+01 1.740000000000000000e+02
3.600000000000000000e+01 6.000000000000000000e+01
3.700000000000000000e+01 3.700000000000000000e+01
3.800000000000000000e+01 1.800000000000000000e+01
3.900000000000000000e+01 8.000000000000000000e+00
4.000000000000000000e+01 1.400000000000000000e+01
4.100000000000000000e+01 1.300000000000000000e+01
4.200000000000000000e+01 1.600000000000000000e+01
4.300000000000000000e+01 7.000000000000000000e+00
4.400000000000000000e+01 9.000000000000000000e+00
4.500000000000000000e+01 5.000000000000000000e+00
4.600000000000000000e+01 1.700000000000000000e+01
4.700000000000000000e+01 4.000000000000000000e+00
4.800000000000000000e+01 3.000000000000000000e+00
4.900000000000000000e+01 9.000000000000000000e+00
5.000000000000000000e+01 2.000000000000000000e+00
5.100000000000000000e+01 3.000000000000000000e+00
5.200000000000000000e+01 2.000000000000000000e+00
5.300000000000000000e+01 2.000000000000000000e+00
5.500000000000000000e+01 1.000000000000000000e+00
5.600000000000000000e+01 1.000000000000000000e+00
5.800000000000000000e+01 1.000000000000000000e+00
5.900000000000000000e+01 1.000000000000000000e+00
6.300000000000000000e+01 1.000000000000000000e+00
6.500000000000000000e+01 1.000000000000000000e+00
7.000000000000000000e+01 1.000000000000000000e+00
7.100000000000000000e+01 1.000000000000000000e+00
7.200000000000000000e+01 1.000000000000000000e+00
7.300000000000000000e+01 1.000000000000000000e+00
7.900000000000000000e+01 1.000000000000000000e+00
8.100000000000000000e+01 1.000000000000000000e+00
8.200000000000000000e+01 1.000000000000000000e+00
9.000000000000000000e+01 1.000000000000000000e+00
9.300000000000000000e+01 1.000000000000000000e+00
9.400000000000000000e+01 1.000000000000000000e+00
9.700000000000000000e+01 2.000000000000000000e+00
9.900000000000000000e+01 1.000000000000000000e+00
1.040000000000000000e+02 1.000000000000000000e+00
1.060000000000000000e+02 1.000000000000000000e+00
1.070000000000000000e+02 1.000000000000000000e+00
1.080000000000000000e+02 1.000000000000000000e+00
1.140000000000000000e+02 1.000000000000000000e+00
1.290000000000000000e+02 1.000000000000000000e+00
1.310000000000000000e+02 1.000000000000000000e+00
1.450000000000000000e+02 1.000000000000000000e+00
1.480000000000000000e+02 1.000000000000000000e+00
1.490000000000000000e+02 1.000000000000000000e+00
1.560000000000000000e+02 1.000000000000000000e+00
1.750000000000000000e+02 1.000000000000000000e+00
1.800000000000000000e+02 1.000000000000000000e+00
1.880000000000000000e+02 1.000000000000000000e+00
2.080000000000000000e+02 1.000000000000000000e+00
2.220000000000000000e+02 1.000000000000000000e+00
2.320000000000000000e+02 1.000000000000000000e+00
2.520000000000000000e+02 1.000000000000000000e+00
2.580000000000000000e+02 1.000000000000000000e+00
2.780000000000000000e+02 1.000000000000000000e+00
2.880000000000000000e+02 1.000000000000000000e+00
3.470000000000000000e+02 1.000000000000000000e+00
4.290000000000000000e+02 1.000000000000000000e+00
4.530000000000000000e+02 1.000000000000000000e+00
5.520000000000000000e+02 1.000000000000000000e+00
6.150000000000000000e+02 1.000000000000000000e+00
7.190000000000000000e+02 1.000000000000000000e+00
7.230000000000000000e+02 1.000000000000000000e+00
8.090000000000000000e+02 1.000000000000000000e+00
1.199000000000000000e+03 1.000000000000000000e+00
1.281000000000000000e+03 1.000000000000000000e+00
1.731000000000000000e+03 1.000000000000000000e+00
