-4.000000000000000000e+00 8.000000000000000000e+00
-3.000000000000000000e+00 6.000000000000000000e+00
-2.000000000000000000e+00 1.800000000000000000e+01
-1.000000000000000000e+00 8.800000000000000000e+01
0.000000000000000000e+00 1.405000000000000000e+03
1.000000000000000000e+00 1.830000000000000000e+02
2.000000000000000000e+00 2.380000000000000000e+02
3.000000000000000000e+00 4.040000000000000000e+02
4.000000000000000000e+00 2.095000000000000000e+03
5.000000000000000000e+00 1.552500000000000000e+04
6.000000000000000000e+00 1.107530000000000000e+05
7.000000000000000000e+00 1.926750000000000000e+05
8.000000000000000000e+00 2.305060000000000000e+05
9.000000000000000000e+00 2.744750000000000000e+05
1.000000000000000000e+01 3.158910000000000000e+05
1.100000000000000000e+01 3.471280000000000000e+05
1.200000000000000000e+01 3.648920000000000000e+05
1.300000000000000000e+01 3.822370000000000000e+05
1.400000000000000000e+01 4.004490000000000000e+05
1.500000000000000000e+01 4.257450000000000000e+05
1.600000000000000000e+01 4.655380000000000000e+05
1.700000000000000000e+01 5.284370000000000000e+05
1.800000000000000000e+01 6.135890000000000000e+05
1.900000000000000000e+01 7.174050000000000000e+05
2.000000000000000000e+01 8.476680000000000000e+05
2.100000000000000000e+01 1.000813000000000000e+06
2.200000000000000000e+01 1.161524000000000000e+06
2.300000000000000000e+01 1.307041000000000000e+06
2.400000000000000000e+01 1.416041000000000000e+06
2.500000000000000000e+01 1.456425000000000000e+06
2.600000000000000000e+01 1.430831000000000000e+06
2.700000000000000000e+01 1.359877000000000000e+06
2.800000000000000000e+01 1.264843000000000000e+06
2.900000000000000000e+01 1.166993000000000000e+06
3.000000000000000000e+01 1.064924000000000000e+06
3.100000000000000000e+01 9.776440000000000000e+05
3.200000000000000000e+01 8.968500000000000000e+05
3.300000000000000000e+01 8.247820000000000000e+05
3.400000000000000000e+01 7.607430000000000000e+05
3.500000000000000000e+01 7.023000000000000000e+05
3.600000000000000000e+01 6.474880000000000000e+05
3.700000000000000000e+01 5.924230000000000000e+05
3.800000000000000000e+01 5.410820000000000000e+05
3.900000000000000000e+01 4.903880000000000000e+05
4.000000000000000000e+01 4.407310000000000000e+05
4.100000000000000000e+01 3.907660000000000000e+05
4.200000000000000000e+01 3.394160000000000000e+05
4.300000000000000000e+01 2.877760000000000000e+05
4.400000000000000000e+01 2.398090000000000000e+05
4.500000000000000000e+01 1.930610000000000000e+05
4.600000000000000000e+01 1.502250000000000000e+05
4.700000000000000000e+01 1.132520000000000000e+05
4.800000000000000000e+01 8.086700000000000000e+04
4.900000000000000000e+01 5.526700000000000000e+04
5.000000000000000000e+01 3.602000000000000000e+04
5.100000000000000000e+01 2.215400000000000000e+04
5.200000000000000000e+01 1.337500000000000000e+04
5.300000000000000000e+01 7.570000000000000000e+03
5.400000000000000000e+01 4.096000000000000000e+03
5.500000000000000000e+01 2.108000000000000000e+03
5.600000000000000000e+01 1.077000000000000000e+03
5.700000000000000000e+01 5.900000000000000000e+02
5.800000000000000000e+01 3.330000000000000000e+02
5.900000000000000000e+01 2.180000000000000000e+02
6.000000000000000000e+01 1.310000000000000000e+02
6.100000000000000000e+01 1.290000000000000000e+02
6.200000000000000000e+01 6.500000000000000000e+01
6.300000000000000000e+01 6.900000000000000000e+01
6.400000000000000000e+01 6.100000000000000000e+01
6.500000000000000000e+01 3.900000000000000000e+01
6.600000000000000000e+01 3.800000000000000000e+01
6.700000000000000000e+01 2.800000000000000000e+01
6.800000000000000000e+01 3.100000000000000000e+01
6.900000000000000000e+01 4.000000000000000000e+01
7.000000000000000000e+01 2.500000000000000000e+01
7.100000000000000000e+01 2.600000000000000000e+01
7.200000000000000000e+01 2.100000000000000000e+01
7.300000000000000000e+01 2.500000000000000000e+01
7.400000000000000000e+01 1.600000000000000000e+01
7.500000000000000000e+01 1.300000000000000000e+01
7.600000000000000000e+01 2.200000000000000000e+01
7.700000000000000000e+01 1.200000000000000000e+01
7.800000000000000000e+01 2.100000000000000000e+01
7.900000000000000000e+01 1.000000000000000000e+01
8.000000000000000000e+01 1.800000000000000000e+01
8.100000000000000000e+01 4.000000000000000000e+00
8.200000000000000000e+01 1.800000000000000000e+01
8.300000000000000000e+01 6.000000000000000000e+00
8.400000000000000000e+01 1.600000000000000000e+01
8.500000000000000000e+01 1.000000000000000000e+00
8.600000000000000000e+01 1.400000000000000000e+01
8.700000000000000000e+01 5.000000000000000000e+00
8.800000000000000000e+01 3.000000000000000000e+00
8.900000000000000000e+01 4.000000000000000000e+00
9.000000000000000000e+01 5.000000000000000000e+00
9.100000000000000000e+01 2.000000000000000000e+00
9.200000000000000000e+01 5.000000000000000000e+00
9.300000000000000000e+01 8.000000000000000000e+00
9.400000000000000000e+01 6.000000000000000000e+00
9.500000000000000000e+01 1.000000000000000000e+00
9.600000000000000000e+01 8.000000000000000000e+00
9.700000000000000000e+01 1.000000000000000000e+00
9.800000000000000000e+01 2.000000000000000000e+00
9.900000000000000000e+01 1.000000000000000000e+00
1.010000000000000000e+02 2.000000000000000000e+00
1.020000000000000000e+02 1.000000000000000000e+00
1.050000000000000000e+02 1.000000000000000000e+00
1.080000000000000000e+02 2.000000000000000000e+00
1.840000000000000000e+02 1.000000000000000000e+00
2.070000000000000000e+02 1.000000000000000000e+00
2.680000000000000000e+02 1.000000000000000000e+00
3.870000000000000000e+02 1.000000000000000000e+00
1.313000000000000000e+03 1.000000000000000000e+00
4.211000000000000000e+03 1.000000000000000000e+00
