-4.000000000000000000e+00 3.000000000000000000e+00
-3.000000000000000000e+00 1.000000000000000000e+00
-2.000000000000000000e+00 8.000000000000000000e+00
-1.000000000000000000e+00 3.200000000000000000e+01
0.000000000000000000e+00 1.338000000000000000e+03
1.000000000000000000e+00 5.100000000000000000e+01
2.000000000000000000e+00 7.800000000000000000e+01
3.000000000000000000e+00 1.540000000000000000e+02
4.000000000000000000e+00 9.700000000000000000e+02
5.000000000000000000e+00 6.720000000000000000e+03
6.000000000000000000e+00 4.360400000000000000e+04
7.000000000000000000e+00 7.446600000000000000e+04
8.000000000000000000e+00 8.710300000000000000e+04
9.000000000000000000e+00 9.823600000000000000e+04
1.000000000000000000e+01 1.080270000000000000e+05
1.100000000000000000e+01 1.112170000000000000e+05
1.200000000000000000e+01 1.124370000000000000e+05
1.300000000000000000e+01 1.159170000000000000e+05
1.400000000000000000e+01 1.268250000000000000e+05
1.500000000000000000e+01 1.478490000000000000e+05
1.600000000000000000e+01 1.808480000000000000e+05
1.700000000000000000e+01 2.302180000000000000e+05
1.800000000000000000e+01 2.942810000000000000e+05
1.900000000000000000e+01 3.716710000000000000e+05
2.000000000000000000e+01 4.588220000000000000e+05
2.100000000000000000e+01 5.575410000000000000e+05
2.200000000000000000e+01 6.607480000000000000e+05
2.300000000000000000e+01 7.538450000000000000e+05
2.400000000000000000e+01 8.251060000000000000e+05
2.500000000000000000e+01 8.632710000000000000e+05
2.600000000000000000e+01 8.592180000000000000e+05
2.700000000000000000e+01 8.201000000000000000e+05
2.800000000000000000e+01 7.601740000000000000e+05
2.900000000000000000e+01 6.834710000000000000e+05
3.000000000000000000e+01 6.047560000000000000e+05
3.100000000000000000e+01 5.222870000000000000e+05
3.200000000000000000e+01 4.425430000000000000e+05
3.300000000000000000e+01 3.676130000000000000e+05
3.400000000000000000e+01 2.973810000000000000e+05
3.500000000000000000e+01 2.341810000000000000e+05
3.600000000000000000e+01 1.736070000000000000e+05
3.700000000000000000e+01 1.240350000000000000e+05
3.800000000000000000e+01 8.369200000000000000e+04
3.900000000000000000e+01 5.252200000000000000e+04
4.000000000000000000e+01 3.092700000000000000e+04
4.100000000000000000e+01 1.708700000000000000e+04
4.200000000000000000e+01 8.377000000000000000e+03
4.300000000000000000e+01 3.917000000000000000e+03
4.400000000000000000e+01 1.713000000000000000e+03
4.500000000000000000e+01 6.930000000000000000e+02
4.600000000000000000e+01 3.340000000000000000e+02
4.700000000000000000e+01 1.630000000000000000e+02
4.800000000000000000e+01 6.700000000000000000e+01
4.900000000000000000e+01 6.800000000000000000e+01
5.000000000000000000e+01 4.300000000000000000e+01
5.100000000000000000e+01 4.400000000000000000e+01
5.200000000000000000e+01 2.800000000000000000e+01
5.300000000000000000e+01 2.800000000000000000e+01
5.400000000000000000e+01 1.500000000000000000e+01
5.500000000000000000e+01 3.200000000000000000e+01
5.600000000000000000e+01 1.500000000000000000e+01
5.700000000000000000e+01 2.900000000000000000e+01
5.800000000000000000e+01 1.100000000000000000e+01
5.900000000000000000e+01 1.500000000000000000e+01
6.000000000000000000e+01 8.000000000000000000e+00
6.100000000000000000e+01 2.300000000000000000e+01
6.200000000000000000e+01 5.000000000000000000e+00
6.300000000000000000e+01 1.600000000000000000e+01
6.400000000000000000e+01 6.000000000000000000e+00
6.500000000000000000e+01 7.000000000000000000e+00
6.600000000000000000e+01 8.000000000000000000e+00
6.700000000000000000e+01 8.000000000000000000e+00
6.800000000000000000e+01 1.200000000000000000e+01
6.900000000000000000e+01 5.000000000000000000e+00
7.000000000000000000e+01 6.000000000000000000e+00
7.100000000000000000e+01 7.000000000000000000e+00
7.200000000000000000e+01 4.000000000000000000e+00
7.300000000000000000e+01 4.000000000000000000e+00
7.400000000000000000e+01 1.000000000000000000e+00
7.500000000000000000e+01 2.000000000000000000e+00
7.600000000000000000e+01 3.000000000000000000e+00
7.700000000000000000e+01 3.000000000000000000e+00
7.900000000000000000e+01 1.000000000000000000e+00
8.000000000000000000e+01 1.000000000000000000e+00
8.200000000000000000e+01 1.000000000000000000e+00
8.400000000000000000e+01 1.000000000000000000e+00
8.600000000000000000e+01 1.000000000000000000e+00
9.500000000000000000e+01 1.000000000000000000e+00
1.070000000000000000e+02 2.000000000000000000e+00
1.120000000000000000e+02 1.000000000000000000e+00
1.530000000000000000e+02 1.000000000000000000e+00
1.670000000000000000e+02 1.000000000000000000e+00
2.730000000000000000e+02 1.000000000000000000e+00
3.750000000000000000e+02 1.000000000000000000e+00
5.450000000000000000e+02 1.000000000000000000e+00
6.470000000000000000e+02 1.000000000000000000e+00
6.620000000000000000e+02 1.000000000000000000e+00
6.790000000000000000e+02 1.000000000000000000e+00
7.030000000000000000e+02 1.000000000000000000e+00
