-2.000000000000000000e+00 6.000000000000000000e+00
-1.000000000000000000e+00 4.000000000000000000e+00
0.000000000000000000e+00 1.327000000000000000e+03
1.000000000000000000e+00 1.900000000000000000e+01
2.000000000000000000e+00 2.000000000000000000e+01
3.000000000000000000e+00 6.400000000000000000e+01
4.000000000000000000e+00 4.670000000000000000e+02
5.000000000000000000e+00 2.528000000000000000e+03
6.000000000000000000e+00 1.345100000000000000e+04
7.000000000000000000e+00 2.509700000000000000e+04
8.000000000000000000e+00 3.561600000000000000e+04
9.000000000000000000e+00 5.103500000000000000e+04
1.000000000000000000e+01 7.209100000000000000e+04
1.100000000000000000e+01 1.002070000000000000e+05
1.200000000000000000e+01 1.358730000000000000e+05
1.300000000000000000e+01 1.835860000000000000e+05
1.400000000000000000e+01 2.434160000000000000e+05
1.500000000000000000e+01 3.148870000000000000e+05
1.600000000000000000e+01 4.034800000000000000e+05
1.700000000000000000e+01 5.072900000000000000e+05
1.800000000000000000e+01 6.160570000000000000e+05
1.900000000000000000e+01 7.151660000000000000e+05
2.000000000000000000e+01 7.865980000000000000e+05
2.100000000000000000e+01 8.082540000000000000e+05
2.200000000000000000e+01 7.752610000000000000e+05
2.300000000000000000e+01 6.712020000000000000e+05
2.400000000000000000e+01 5.170570000000000000e+05
2.500000000000000000e+01 3.413430000000000000e+05
2.600000000000000000e+01 1.952760000000000000e+05
2.700000000000000000e+01 9.844400000000000000e+04
2.800000000000000000e+01 4.597700000000000000e+04
2.900000000000000000e+01 2.194500000000000000e+04
3.000000000000000000e+01 1.066400000000000000e+04
3.100000000000000000e+01 5.082000000000000000e+03
3.200000000000000000e+01 2.248000000000000000e+03
3.300000000000000000e+01 9.160000000000000000e+02
3.400000000000000000e+01 3.340000000000000000e+02
3.500000000000000000e+01 1.170000000000000000e+02
3.600000000000000000e+01 5.400000000000000000e+01
3.700000000000000000e+01 1.800000000000000000e+01
3.800000000000000000e+01 2.100000000000000000e+01
3.900000000000000000e+01 6.000000000000000000e+00
4.000000000000000000e+01 2.000000000000000000e+01
4.100000000000000000e+01 1.100000000000000000e+01
4.200000000000000000e+01 1.600000000000000000e+01
4.300000000000000000e+01 1.200000000000000000e+01
4.400000000000000000e+01 1.000000000000000000e+01
4.500000000000000000e+01 5.000000000000000000e+00
4.600000000000000000e+01 6.000000000000000000e+00
4.700000000000000000e+01 4.000000000000000000e+00
4.800000000000000000e+01 4.000000000000000000e+00
4.900000000000000000e+01 3.000000000000000000e+00
5.000000000000000000e+01 3.000000000000000000e+00
5.100000000000000000e+01 4.000000000000000000e+00
5.200000000000000000e+01 1.000000000000000000e+00
5.300000000000000000e+01 1.000000000000000000e+00
5.500000000000000000e+01 2.000000000000000000e+00
5.600000000000000000e+01 2.000000000000000000e+00
6.200000000000000000e+01 1.000000000000000000e+00
7.000000000000000000e+01 1.000000000000000000e+00
7.500000000000000000e+01 1.000000000000000000e+00
7.800000000000000000e+01 1.000000000000000000e+00
8.000000000000000000e+01 2.000000000000000000e+00
8.400000000000000000e+01 1.000000000000000000e+00
8.600000000000000000e+01 1.000000000000000000e+00
9.200000000000000000e+01 1.000000000000000000e+00
9.300000000000000000e+01 1.000000000000000000e+00
9.800000000000000000e+01 1.000000000000000000e+00
1.000000000000000000e+02 1.000000000000000000e+00
1.030000000000000000e+02 1.000000000000000000e+00
1.090000000000000000e+02 1.000000000000000000e+00
1.110000000000000000e+02 1.000000000000000000e+00
1.190000000000000000e+02 1.000000000000000000e+00
1.250000000000000000e+02 1.000000000000000000e+00
1.290000000000000000e+02 2.000000000000000000e+00
1.300000000000000000e+02 1.000000000000000000e+00
1.380000000000000000e+02 1.000000000000000000e+00
1.470000000000000000e+02 1.000000000000000000e+00
1.770000000000000000e+02 1.000000000000000000e+00
1.940000000000000000e+02 1.000000000000000000e+00
2.050000000000000000e+02 1.000000000000000000e+00
2.330000000000000000e+02 1.000000000000000000e+00
2.520000000000000000e+02 1.000000000000000000e+00
2.870000000000000000e+02 1.000000000000000000e+00
3.480000000000000000e+02 1.000000000000000000e+00
5.740000000000000000e+02 1.000000000000000000e+00
9.500000000000000000e+02 1.000000000000000000e+00
1.015000000000000000e+03 1.000000000000000000e+00
1.077000000000000000e+03 1.000000000000000000e+00
1.124000000000000000e+03 1.000000000000000000e+00
1.318000000000000000e+03 1.000000000000000000e+00
