-4.000000000000000000e+00 2.000000000000000000e+00
-3.000000000000000000e+00 3.000000000000000000e+00
-2.000000000000000000e+00 1.000000000000000000e+00
-1.000000000000000000e+00 7.000000000000000000e+00
0.000000000000000000e+00 1.331000000000000000e+03
1.000000000000000000e+00 2.300000000000000000e+01
2.000000000000000000e+00 4.200000000000000000e+01
3.000000000000000000e+00 6.100000000000000000e+01
4.000000000000000000e+00 4.690000000000000000e+02
5.000000000000000000e+00 2.341000000000000000e+03
6.000000000000000000e+00 1.308400000000000000e+04
7.000000000000000000e+00 2.478200000000000000e+04
8.000000000000000000e+00 3.496000000000000000e+04
9.000000000000000000e+00 5.046700000000000000e+04
1.000000000000000000e+01 7.085500000000000000e+04
1.100000000000000000e+01 9.802800000000000000e+04
1.200000000000000000e+01 1.336720000000000000e+05
1.300000000000000000e+01 1.815770000000000000e+05
1.400000000000000000e+01 2.400990000000000000e+05
1.500000000000000000e+01 3.125530000000000000e+05
1.600000000000000000e+01 3.990870000000000000e+05
1.700000000000000000e+01 5.042840000000000000e+05
1.800000000000000000e+01 6.129480000000000000e+05
1.900000000000000000e+01 7.148090000000000000e+05
2.000000000000000000e+01 7.861920000000000000e+05
2.100000000000000000e+01 8.151370000000000000e+05
2.200000000000000000e+01 7.833590000000000000e+05
2.300000000000000000e+01 6.863490000000000000e+05
2.400000000000000000e+01 5.343770000000000000e+05
2.500000000000000000e+01 3.581130000000000000e+05
2.600000000000000000e+01 2.068470000000000000e+05
2.700000000000000000e+01 1.052860000000000000e+05
2.800000000000000000e+01 4.975400000000000000e+04
2.900000000000000000e+01 2.328900000000000000e+04
3.000000000000000000e+01 1.142100000000000000e+04
3.100000000000000000e+01 5.517000000000000000e+03
3.200000000000000000e+01 2.448000000000000000e+03
3.300000000000000000e+01 9.830000000000000000e+02
3.400000000000000000e+01 3.560000000000000000e+02
3.500000000000000000e+01 1.200000000000000000e+02
3.600000000000000000e+01 7.300000000000000000e+01
3.700000000000000000e+01 1.900000000000000000e+01
3.800000000000000000e+01 2.100000000000000000e+01
3.900000000000000000e+01 8.000000000000000000e+00
4.000000000000000000e+01 1.700000000000000000e+01
4.100000000000000000e+01 1.600000000000000000e+01
4.200000000000000000e+01 8.000000000000000000e+00
4.300000000000000000e+01 8.000000000000000000e+00
4.400000000000000000e+01 8.000000000000000000e+00
4.500000000000000000e+01 3.000000000000000000e+00
4.600000000000000000e+01 8.000000000000000000e+00
4.700000000000000000e+01 2.000000000000000000e+00
4.800000000000000000e+01 5.000000000000000000e+00
4.900000000000000000e+01 5.000000000000000000e+00
5.000000000000000000e+01 1.000000000000000000e+00
5.100000000000000000e+01 8.000000000000000000e+00
5.200000000000000000e+01 2.000000000000000000e+00
5.300000000000000000e+01 2.000000000000000000e+00
5.400000000000000000e+01 1.000000000000000000e+00
5.500000000000000000e+01 2.000000000000000000e+00
5.600000000000000000e+01 1.000000000000000000e+00
5.700000000000000000e+01 1.000000000000000000e+00
5.800000000000000000e+01 1.000000000000000000e+00
5.900000000000000000e+01 2.000000000000000000e+00
6.000000000000000000e+01 2.000000000000000000e+00
6.400000000000000000e+01 1.000000000000000000e+00
7.700000000000000000e+01 1.000000000000000000e+00
7.800000000000000000e+01 1.000000000000000000e+00
8.000000000000000000e+01 1.000000000000000000e+00
8.200000000000000000e+01 1.000000000000000000e+00
8.800000000000000000e+01 1.000000000000000000e+00
9.100000000000000000e+01 1.000000000000000000e+00
9.700000000000000000e+01 1.000000000000000000e+00
9.900000000000000000e+01 1.000000000000000000e+00
1.000000000000000000e+02 1.000000000000000000e+00
1.010000000000000000e+02 1.000000000000000000e+00
1.040000000000000000e+02 1.000000000000000000e+00
1.050000000000000000e+02 1.000000000000000000e+00
1.190000000000000000e+02 1.000000000000000000e+00
1.270000000000000000e+02 1.000000000000000000e+00
1.290000000000000000e+02 1.000000000000000000e+00
1.400000000000000000e+02 1.000000000000000000e+00
1.470000000000000000e+02 1.000000000000000000e+00
1.530000000000000000e+02 1.000000000000000000e+00
1.880000000000000000e+02 1.000000000000000000e+00
1.950000000000000000e+02 1.000000000000000000e+00
2.160000000000000000e+02 1.000000000000000000e+00
2.310000000000000000e+02 1.000000000000000000e+00
2.640000000000000000e+02 1.000000000000000000e+00
2.720000000000000000e+02 1.000000000000000000e+00
3.200000000000000000e+02 1.000000000000000000e+00
3.740000000000000000e+02 1.000000000000000000e+00
3.910000000000000000e+02 1.000000000000000000e+00
4.550000000000000000e+02 1.000000000000000000e+00
5.450000000000000000e+02 1.000000000000000000e+00
5.680000000000000000e+02 1.000000000000000000e+00
5.690000000000000000e+02 1.000000000000000000e+00
