-4.000000000000000000e+00 4.000000000000000000e+00
-3.000000000000000000e+00 7.000000000000000000e+00
-2.000000000000000000e+00 1.600000000000000000e+01
-1.000000000000000000e+00 6.000000000000000000e+01
0.000000000000000000e+00 1.371000000000000000e+03
1.000000000000000000e+00 1.120000000000000000e+02
2.000000000000000000e+00 1.800000000000000000e+02
3.000000000000000000e+00 2.740000000000000000e+02
4.000000000000000000e+00 1.327000000000000000e+03
5.000000000000000000e+00 1.055800000000000000e+04
6.000000000000000000e+00 7.434600000000000000e+04
7.000000000000000000e+00 1.294470000000000000e+05
8.000000000000000000e+00 1.553020000000000000e+05
9.000000000000000000e+00 1.839290000000000000e+05
1.000000000000000000e+01 2.128680000000000000e+05
1.100000000000000000e+01 2.321420000000000000e+05
1.200000000000000000e+01 2.459110000000000000e+05
1.300000000000000000e+01 2.557350000000000000e+05
1.400000000000000000e+01 2.684330000000000000e+05
1.500000000000000000e+01 2.838440000000000000e+05
1.600000000000000000e+01 3.093380000000000000e+05
1.700000000000000000e+01 3.493830000000000000e+05
1.800000000000000000e+01 4.046190000000000000e+05
1.900000000000000000e+01 4.722970000000000000e+05
2.000000000000000000e+01 5.588510000000000000e+05
2.100000000000000000e+01 6.576470000000000000e+05
2.200000000000000000e+01 7.699350000000000000e+05
2.300000000000000000e+01 8.682510000000000000e+05
2.400000000000000000e+01 9.476550000000000000e+05
2.500000000000000000e+01 9.830360000000000000e+05
2.600000000000000000e+01 9.700840000000000000e+05
2.700000000000000000e+01 9.266640000000000000e+05
2.800000000000000000e+01 8.646530000000000000e+05
2.900000000000000000e+01 8.010130000000000000e+05
3.000000000000000000e+01 7.305770000000000000e+05
3.100000000000000000e+01 6.689400000000000000e+05
3.200000000000000000e+01 6.151540000000000000e+05
3.300000000000000000e+01 5.637170000000000000e+05
3.400000000000000000e+01 5.200470000000000000e+05
3.500000000000000000e+01 4.810990000000000000e+05
3.600000000000000000e+01 4.415780000000000000e+05
3.700000000000000000e+01 4.054680000000000000e+05
3.800000000000000000e+01 3.716880000000000000e+05
3.900000000000000000e+01 3.359730000000000000e+05
4.000000000000000000e+01 3.023310000000000000e+05
4.100000000000000000e+01 2.685150000000000000e+05
4.200000000000000000e+01 2.355760000000000000e+05
4.300000000000000000e+01 1.999760000000000000e+05
4.400000000000000000e+01 1.677090000000000000e+05
4.500000000000000000e+01 1.353800000000000000e+05
4.600000000000000000e+01 1.062700000000000000e+05
4.700000000000000000e+01 8.019000000000000000e+04
4.800000000000000000e+01 5.747600000000000000e+04
4.900000000000000000e+01 3.963000000000000000e+04
5.000000000000000000e+01 2.601900000000000000e+04
5.100000000000000000e+01 1.636000000000000000e+04
5.200000000000000000e+01 9.657000000000000000e+03
5.300000000000000000e+01 5.550000000000000000e+03
5.400000000000000000e+01 2.962000000000000000e+03
5.500000000000000000e+01 1.617000000000000000e+03
5.600000000000000000e+01 8.090000000000000000e+02
5.700000000000000000e+01 3.940000000000000000e+02
5.800000000000000000e+01 1.920000000000000000e+02
5.900000000000000000e+01 1.590000000000000000e+02
6.000000000000000000e+01 8.000000000000000000e+01
6.100000000000000000e+01 7.900000000000000000e+01
6.200000000000000000e+01 3.200000000000000000e+01
6.300000000000000000e+01 4.200000000000000000e+01
6.400000000000000000e+01 2.600000000000000000e+01
6.500000000000000000e+01 3.500000000000000000e+01
6.600000000000000000e+01 2.400000000000000000e+01
6.700000000000000000e+01 2.600000000000000000e+01
6.800000000000000000e+01 2.300000000000000000e+01
6.900000000000000000e+01 1.500000000000000000e+01
7.000000000000000000e+01 1.600000000000000000e+01
7.100000000000000000e+01 2.100000000000000000e+01
7.200000000000000000e+01 2.000000000000000000e+01
7.300000000000000000e+01 2.000000000000000000e+01
7.400000000000000000e+01 1.600000000000000000e+01
7.500000000000000000e+01 1.300000000000000000e+01
7.600000000000000000e+01 2.400000000000000000e+01
7.700000000000000000e+01 1.200000000000000000e+01
7.800000000000000000e+01 9.000000000000000000e+00
7.900000000000000000e+01 2.000000000000000000e+00
8.000000000000000000e+01 1.300000000000000000e+01
8.100000000000000000e+01 1.000000000000000000e+00
8.200000000000000000e+01 1.200000000000000000e+01
8.300000000000000000e+01 2.000000000000000000e+00
8.400000000000000000e+01 7.000000000000000000e+00
8.500000000000000000e+01 1.000000000000000000e+00
8.600000000000000000e+01 1.000000000000000000e+01
8.700000000000000000e+01 4.000000000000000000e+00
8.800000000000000000e+01 7.000000000000000000e+00
8.900000000000000000e+01 7.000000000000000000e+00
9.000000000000000000e+01 5.000000000000000000e+00
9.100000000000000000e+01 3.000000000000000000e+00
9.200000000000000000e+01 4.000000000000000000e+00
9.300000000000000000e+01 3.000000000000000000e+00
9.400000000000000000e+01 2.000000000000000000e+00
9.500000000000000000e+01 1.000000000000000000e+00
9.600000000000000000e+01 3.000000000000000000e+00
9.800000000000000000e+01 1.000000000000000000e+00
1.020000000000000000e+02 1.000000000000000000e+00
1.050000000000000000e+02 1.000000000000000000e+00
1.070000000000000000e+02 2.000000000000000000e+00
1.080000000000000000e+02 1.000000000000000000e+00
1.090000000000000000e+02 1.000000000000000000e+00
1.240000000000000000e+02 1.000000000000000000e+00
1.320000000000000000e+02 1.000000000000000000e+00
1.470000000000000000e+02 1.000000000000000000e+00
1.600000000000000000e+02 1.000000000000000000e+00
1.650000000000000000e+02 1.000000000000000000e+00
1.740000000000000000e+02 1.000000000000000000e+00
1.870000000000000000e+02 1.000000000000000000e+00
2.060000000000000000e+02 1.000000000000000000e+00
3.620000000000000000e+02 1.000000000000000000e+00
4.340000000000000000e+02 1.000000000000000000e+00
4.905000000000000000e+03 1.000000000000000000e+00
