-4.000000000000000000e+00 4.000000000000000000e+00
-3.000000000000000000e+00 4.000000000000000000e+00
-2.000000000000000000e+00 1.300000000000000000e+01
-1.000000000000000000e+00 2.500000000000000000e+01
0.000000000000000000e+00 1.345000000000000000e+03
1.000000000000000000e+00 8.200000000000000000e+01
2.000000000000000000e+00 9.700000000000000000e+01
3.000000000000000000e+00 1.720000000000000000e+02
4.000000000000000000e+00 9.530000000000000000e+02
5.000000000000000000e+00 4.796000000000000000e+03
6.000000000000000000e+00 2.583800000000000000e+04
7.000000000000000000e+00 4.848900000000000000e+04
8.000000000000000000e+00 6.834900000000000000e+04
9.000000000000000000e+00 9.745200000000000000e+04
1.000000000000000000e+01 1.378370000000000000e+05
1.100000000000000000e+01 1.898760000000000000e+05
1.200000000000000000e+01 2.609050000000000000e+05
1.300000000000000000e+01 3.562660000000000000e+05
1.400000000000000000e+01 4.818820000000000000e+05
1.500000000000000000e+01 6.383440000000000000e+05
1.600000000000000000e+01 8.330520000000000000e+05
1.700000000000000000e+01 1.073525000000000000e+06
1.800000000000000000e+01 1.342660000000000000e+06
1.900000000000000000e+01 1.607530000000000000e+06
2.000000000000000000e+01 1.852397000000000000e+06
2.100000000000000000e+01 2.058081000000000000e+06
2.200000000000000000e+01 2.200138000000000000e+06
2.300000000000000000e+01 2.233988000000000000e+06
2.400000000000000000e+01 2.169295000000000000e+06
2.500000000000000000e+01 1.973873000000000000e+06
2.600000000000000000e+01 1.692149000000000000e+06
2.700000000000000000e+01 1.345193000000000000e+06
2.800000000000000000e+01 9.817550000000000000e+05
2.900000000000000000e+01 6.517950000000000000e+05
3.000000000000000000e+01 3.847990000000000000e+05
3.100000000000000000e+01 2.029810000000000000e+05
3.200000000000000000e+01 9.344000000000000000e+04
3.300000000000000000e+01 3.923000000000000000e+04
3.400000000000000000e+01 1.529800000000000000e+04
3.500000000000000000e+01 5.673000000000000000e+03
3.600000000000000000e+01 2.026000000000000000e+03
3.700000000000000000e+01 7.760000000000000000e+02
3.800000000000000000e+01 3.830000000000000000e+02
3.900000000000000000e+01 1.260000000000000000e+02
4.000000000000000000e+01 1.270000000000000000e+02
4.100000000000000000e+01 1.210000000000000000e+02
4.200000000000000000e+01 9.100000000000000000e+01
4.300000000000000000e+01 8.800000000000000000e+01
4.400000000000000000e+01 8.400000000000000000e+01
4.500000000000000000e+01 7.900000000000000000e+01
4.600000000000000000e+01 6.700000000000000000e+01
4.700000000000000000e+01 6.100000000000000000e+01
4.800000000000000000e+01 3.100000000000000000e+01
4.900000000000000000e+01 1.050000000000000000e+02
5.000000000000000000e+01 2.700000000000000000e+01
5.100000000000000000e+01 8.800000000000000000e+01
5.200000000000000000e+01 2.700000000000000000e+01
5.300000000000000000e+01 6.100000000000000000e+01
5.400000000000000000e+01 1.100000000000000000e+01
5.500000000000000000e+01 4.900000000000000000e+01
5.600000000000000000e+01 1.600000000000000000e+01
5.700000000000000000e+01 4.300000000000000000e+01
5.800000000000000000e+01 5.000000000000000000e+00
5.900000000000000000e+01 2.800000000000000000e+01
6.000000000000000000e+01 3.000000000000000000e+00
6.100000000000000000e+01 1.700000000000000000e+01
6.200000000000000000e+01 4.000000000000000000e+00
6.300000000000000000e+01 6.000000000000000000e+00
6.400000000000000000e+01 4.000000000000000000e+00
6.500000000000000000e+01 4.000000000000000000e+00
6.600000000000000000e+01 1.000000000000000000e+00
6.700000000000000000e+01 1.000000000000000000e+00
6.800000000000000000e+01 1.000000000000000000e+00
7.000000000000000000e+01 2.000000000000000000e+00
7.100000000000000000e+01 1.000000000000000000e+00
7.400000000000000000e+01 1.000000000000000000e+00
7.500000000000000000e+01 1.000000000000000000e+00
7.600000000000000000e+01 1.000000000000000000e+00
8.000000000000000000e+01 1.000000000000000000e+00
9.500000000000000000e+01 1.000000000000000000e+00
1.000000000000000000e+02 2.000000000000000000e+00
1.020000000000000000e+02 1.000000000000000000e+00
1.090000000000000000e+02 1.000000000000000000e+00
1.120000000000000000e+02 1.000000000000000000e+00
1.140000000000000000e+02 1.000000000000000000e+00
1.280000000000000000e+02 1.000000000000000000e+00
1.380000000000000000e+02 1.000000000000000000e+00
1.680000000000000000e+02 1.000000000000000000e+00
1.720000000000000000e+02 1.000000000000000000e+00
2.040000000000000000e+02 1.000000000000000000e+00
2.070000000000000000e+02 1.000000000000000000e+00
2.140000000000000000e+02 1.000000000000000000e+00
2.490000000000000000e+02 1.000000000000000000e+00
3.590000000000000000e+02 1.000000000000000000e+00
3.690000000000000000e+02 1.000000000000000000e+00
1.024000000000000000e+03 1.000000000000000000e+00
