-4.000000000000000000e+00 4.000000000000000000e+00
-3.000000000000000000e+00 4.000000000000000000e+00
-2.000000000000000000e+00 1.200000000000000000e+01
-1.000000000000000000e+00 2.100000000000000000e+01
0.000000000000000000e+00 1.333000000000000000e+03
1.000000000000000000e+00 6.800000000000000000e+01
2.000000000000000000e+00 8.200000000000000000e+01
3.000000000000000000e+00 1.590000000000000000e+02
4.000000000000000000e+00 9.820000000000000000e+02
5.000000000000000000e+00 6.568000000000000000e+03
6.000000000000000000e+00 4.422800000000000000e+04
7.000000000000000000e+00 7.501900000000000000e+04
8.000000000000000000e+00 8.721400000000000000e+04
9.000000000000000000e+00 9.871500000000000000e+04
1.000000000000000000e+01 1.081340000000000000e+05
1.100000000000000000e+01 1.111190000000000000e+05
1.200000000000000000e+01 1.132160000000000000e+05
1.300000000000000000e+01 1.166230000000000000e+05
1.400000000000000000e+01 1.272250000000000000e+05
1.500000000000000000e+01 1.485740000000000000e+05
1.600000000000000000e+01 1.809050000000000000e+05
1.700000000000000000e+01 2.310130000000000000e+05
1.800000000000000000e+01 2.954770000000000000e+05
1.900000000000000000e+01 3.727220000000000000e+05
2.000000000000000000e+01 4.610320000000000000e+05
2.100000000000000000e+01 5.596520000000000000e+05
2.200000000000000000e+01 6.615930000000000000e+05
2.300000000000000000e+01 7.536100000000000000e+05
2.400000000000000000e+01 8.273170000000000000e+05
2.500000000000000000e+01 8.649070000000000000e+05
2.600000000000000000e+01 8.629330000000000000e+05
2.700000000000000000e+01 8.229480000000000000e+05
2.800000000000000000e+01 7.606120000000000000e+05
2.900000000000000000e+01 6.882450000000000000e+05
3.000000000000000000e+01 6.055640000000000000e+05
3.100000000000000000e+01 5.236590000000000000e+05
3.200000000000000000e+01 4.459130000000000000e+05
3.300000000000000000e+01 3.702190000000000000e+05
3.400000000000000000e+01 2.998980000000000000e+05
3.500000000000000000e+01 2.344870000000000000e+05
3.600000000000000000e+01 1.757910000000000000e+05
3.700000000000000000e+01 1.250920000000000000e+05
3.800000000000000000e+01 8.404600000000000000e+04
3.900000000000000000e+01 5.310300000000000000e+04
4.000000000000000000e+01 3.145100000000000000e+04
4.100000000000000000e+01 1.708900000000000000e+04
4.200000000000000000e+01 8.387000000000000000e+03
4.300000000000000000e+01 4.004000000000000000e+03
4.400000000000000000e+01 1.689000000000000000e+03
4.500000000000000000e+01 7.670000000000000000e+02
4.600000000000000000e+01 3.490000000000000000e+02
4.700000000000000000e+01 1.450000000000000000e+02
4.800000000000000000e+01 6.700000000000000000e+01
4.900000000000000000e+01 5.400000000000000000e+01
5.000000000000000000e+01 3.300000000000000000e+01
5.100000000000000000e+01 4.500000000000000000e+01
5.200000000000000000e+01 2.800000000000000000e+01
5.300000000000000000e+01 3.100000000000000000e+01
5.400000000000000000e+01 1.600000000000000000e+01
5.500000000000000000e+01 3.000000000000000000e+01
5.600000000000000000e+01 1.000000000000000000e+01
5.700000000000000000e+01 2.300000000000000000e+01
5.800000000000000000e+01 1.300000000000000000e+01
5.900000000000000000e+01 2.600000000000000000e+01
6.000000000000000000e+01 1.000000000000000000e+01
6.100000000000000000e+01 1.600000000000000000e+01
6.200000000000000000e+01 6.000000000000000000e+00
6.300000000000000000e+01 1.300000000000000000e+01
6.400000000000000000e+01 1.100000000000000000e+01
6.500000000000000000e+01 5.000000000000000000e+00
6.600000000000000000e+01 9.000000000000000000e+00
6.700000000000000000e+01 8.000000000000000000e+00
6.800000000000000000e+01 7.000000000000000000e+00
6.900000000000000000e+01 8.000000000000000000e+00
7.000000000000000000e+01 1.000000000000000000e+01
7.100000000000000000e+01 4.000000000000000000e+00
7.200000000000000000e+01 2.000000000000000000e+00
7.300000000000000000e+01 7.000000000000000000e+00
7.400000000000000000e+01 4.000000000000000000e+00
7.600000000000000000e+01 6.000000000000000000e+00
7.700000000000000000e+01 1.000000000000000000e+00
7.800000000000000000e+01 3.000000000000000000e+00
8.000000000000000000e+01 1.000000000000000000e+00
8.200000000000000000e+01 2.000000000000000000e+00
8.400000000000000000e+01 2.000000000000000000e+00
9.000000000000000000e+01 1.000000000000000000e+00
1.100000000000000000e+02 1.000000000000000000e+00
1.120000000000000000e+02 1.000000000000000000e+00
1.260000000000000000e+02 1.000000000000000000e+00
1.270000000000000000e+02 1.000000000000000000e+00
1.350000000000000000e+02 2.000000000000000000e+00
1.420000000000000000e+02 1.000000000000000000e+00
1.530000000000000000e+02 1.000000000000000000e+00
1.690000000000000000e+02 1.000000000000000000e+00
1.700000000000000000e+02 1.000000000000000000e+00
1.940000000000000000e+02 1.000000000000000000e+00
3.700000000000000000e+02 1.000000000000000000e+00
3.780000000000000000e+02 1.000000000000000000e+00
4.280000000000000000e+02 1.000000000000000000e+00
5.670000000000000000e+02 1.000000000000000000e+00
