-4.000000000000000000e+00 1.000000000000000000e+00
-2.000000000000000000e+00 2.000000000000000000e+00
-1.000000000000000000e+00 7.000000000000000000e+00
0.000000000000000000e+00 1.324000000000000000e+03
1.000000000000000000e+00 1.600000000000000000e+01
2.000000000000000000e+00 3.600000000000000000e+01
3.000000000000000000e+00 8.500000000000000000e+01
4.000000000000000000e+00 4.690000000000000000e+02
5.000000000000000000e+00 2.447000000000000000e+03
6.000000000000000000e+00 1.342200000000000000e+04
7.000000000000000000e+00 2.469000000000000000e+04
8.000000000000000000e+00 3.537800000000000000e+04
9.000000000000000000e+00 5.077000000000000000e+04
1.000000000000000000e+01 7.154400000000000000e+04
1.100000000000000000e+01 9.891300000000000000e+04
1.200000000000000000e+01 1.347910000000000000e+05
1.300000000000000000e+01 1.824090000000000000e+05
1.400000000000000000e+01 2.419940000000000000e+05
1.500000000000000000e+01 3.128180000000000000e+05
1.600000000000000000e+01 4.006970000000000000e+05
1.700000000000000000e+01 5.035200000000000000e+05
1.800000000000000000e+01 6.158580000000000000e+05
1.900000000000000000e+01 7.141280000000000000e+05
2.000000000000000000e+01 7.845940000000000000e+05
2.100000000000000000e+01 8.111040000000000000e+05
2.200000000000000000e+01 7.793840000000000000e+05
2.300000000000000000e+01 6.794240000000000000e+05
2.400000000000000000e+01 5.245180000000000000e+05
2.500000000000000000e+01 3.491850000000000000e+05
2.600000000000000000e+01 2.018500000000000000e+05
2.700000000000000000e+01 1.015370000000000000e+05
2.800000000000000000e+01 4.795700000000000000e+04
2.900000000000000000e+01 2.262600000000000000e+04
3.000000000000000000e+01 1.106900000000000000e+04
3.100000000000000000e+01 5.306000000000000000e+03
3.200000000000000000e+01 2.436000000000000000e+03
3.300000000000000000e+01 9.610000000000000000e+02
3.400000000000000000e+01 3.500000000000000000e+02
3.500000000000000000e+01 1.220000000000000000e+02
3.600000000000000000e+01 5.300000000000000000e+01
3.700000000000000000e+01 2.600000000000000000e+01
3.800000000000000000e+01 2.700000000000000000e+01
3.900000000000000000e+01 6.000000000000000000e+00
4.000000000000000000e+01 2.400000000000000000e+01
4.100000000000000000e+01 1.000000000000000000e+01
4.200000000000000000e+01 5.000000000000000000e+00
4.300000000000000000e+01 6.000000000000000000e+00
4.400000000000000000e+01 8.000000000000000000e+00
4.500000000000000000e+01 6.000000000000000000e+00
4.600000000000000000e+01 7.000000000000000000e+00
4.700000000000000000e+01 5.000000000000000000e+00
4.800000000000000000e+01 2.000000000000000000e+00
4.900000000000000000e+01 6.000000000000000000e+00
5.000000000000000000e+01 2.000000000000000000e+00
5.100000000000000000e+01 2.000000000000000000e+00
5.200000000000000000e+01 3.000000000000000000e+00
5.300000000000000000e+01 4.000000000000000000e+00
5.400000000000000000e+01 1.000000000000000000e+00
5.500000000000000000e+01 4.000000000000000000e+00
5.700000000000000000e+01 1.000000000000000000e+00
5.800000000000000000e+01 2.000000000000000000e+00
6.400000000000000000e+01 1.000000000000000000e+00
6.500000000000000000e+01 1.000000000000000000e+00
6.600000000000000000e+01 1.000000000000000000e+00
6.900000000000000000e+01 1.000000000000000000e+00
7.700000000000000000e+01 1.000000000000000000e+00
8.300000000000000000e+01 1.000000000000000000e+00
8.600000000000000000e+01 1.000000000000000000e+00
9.300000000000000000e+01 1.000000000000000000e+00
9.700000000000000000e+01 1.000000000000000000e+00
9.800000000000000000e+01 1.000000000000000000e+00
9.900000000000000000e+01 3.000000000000000000e+00
1.000000000000000000e+02 1.000000000000000000e+00
1.010000000000000000e+02 1.000000000000000000e+00
1.030000000000000000e+02 1.000000000000000000e+00
1.050000000000000000e+02 1.000000000000000000e+00
1.060000000000000000e+02 1.000000000000000000e+00
1.110000000000000000e+02 1.000000000000000000e+00
1.120000000000000000e+02 1.000000000000000000e+00
1.370000000000000000e+02 1.000000000000000000e+00
1.400000000000000000e+02 1.000000000000000000e+00
1.420000000000000000e+02 1.000000000000000000e+00
1.450000000000000000e+02 2.000000000000000000e+00
1.550000000000000000e+02 1.000000000000000000e+00
1.560000000000000000e+02 1.000000000000000000e+00
1.820000000000000000e+02 1.000000000000000000e+00
1.840000000000000000e+02 1.000000000000000000e+00
1.870000000000000000e+02 1.000000000000000000e+00
1.890000000000000000e+02 1.000000000000000000e+00
1.980000000000000000e+02 1.000000000000000000e+00
2.020000000000000000e+02 2.000000000000000000e+00
2.120000000000000000e+02 1.000000000000000000e+00
2.180000000000000000e+02 1.000000000000000000e+00
2.380000000000000000e+02 1.000000000000000000e+00
2.800000000000000000e+02 1.000000000000000000e+00
3.120000000000000000e+02 1.000000000000000000e+00
3.380000000000000000e+02 1.000000000000000000e+00
3.550000000000000000e+02 1.000000000000000000e+00
3.810000000000000000e+02 1.000000000000000000e+00
4.110000000000000000e+02 1.000000000000000000e+00
4.260000000000000000e+02 1.000000000000000000e+00
5.370000000000000000e+02 1.000000000000000000e+00
6.010000000000000000e+02 1.000000000000000000e+00
7.950000000000000000e+02 1.000000000000000000e+00
9.410000000000000000e+02 1.000000000000000000e+00
1.020000000000000000e+03 1.000000000000000000e+00
1.067000000000000000e+03 1.000000000000000000e+00
1.548000000000000000e+03 1.000000000000000000e+00
1.554000000000000000e+03 1.000000000000000000e+00
2.481000000000000000e+03 1.000000000000000000e+00
