-4.000000000000000000e+00 4.000000000000000000e+00
-3.000000000000000000e+00 5.000000000000000000e+00
-2.000000000000000000e+00 1.400000000000000000e+01
-1.000000000000000000e+00 4.000000000000000000e+01
0.000000000000000000e+00 1.356000000000000000e+03
1.000000000000000000e+00 1.200000000000000000e+02
2.000000000000000000e+00 1.440000000000000000e+02
3.000000000000000000e+00 2.140000000000000000e+02
4.000000000000000000e+00 1.236000000000000000e+03
5.000000000000000000e+00 8.556000000000000000e+03
6.000000000000000000e+00 6.016200000000000000e+04
7.000000000000000000e+00 1.020290000000000000e+05
8.000000000000000000e+00 1.183910000000000000e+05
9.000000000000000000e+00 1.347740000000000000e+05
1.000000000000000000e+01 1.479160000000000000e+05
1.100000000000000000e+01 1.562760000000000000e+05
1.200000000000000000e+01 1.610700000000000000e+05
1.300000000000000000e+01 1.708020000000000000e+05
1.400000000000000000e+01 1.921690000000000000e+05
1.500000000000000000e+01 2.282650000000000000e+05
1.600000000000000000e+01 2.837980000000000000e+05
1.700000000000000000e+01 3.639890000000000000e+05
1.800000000000000000e+01 4.652730000000000000e+05
1.900000000000000000e+01 5.833880000000000000e+05
2.000000000000000000e+01 7.162220000000000000e+05
2.100000000000000000e+01 8.611830000000000000e+05
2.200000000000000000e+01 1.009667000000000000e+06
2.300000000000000000e+01 1.140604000000000000e+06
2.400000000000000000e+01 1.237610000000000000e+06
2.500000000000000000e+01 1.283355000000000000e+06
2.600000000000000000e+01 1.264324000000000000e+06
2.700000000000000000e+01 1.197466000000000000e+06
2.800000000000000000e+01 1.095327000000000000e+06
2.900000000000000000e+01 9.763160000000000000e+05
3.000000000000000000e+01 8.489430000000000000e+05
3.100000000000000000e+01 7.256420000000000000e+05
3.200000000000000000e+01 6.079440000000000000e+05
3.300000000000000000e+01 4.964570000000000000e+05
3.400000000000000000e+01 3.984860000000000000e+05
3.500000000000000000e+01 3.081080000000000000e+05
3.600000000000000000e+01 2.294030000000000000e+05
3.700000000000000000e+01 1.609260000000000000e+05
3.800000000000000000e+01 1.077490000000000000e+05
3.900000000000000000e+01 6.753100000000000000e+04
4.000000000000000000e+01 3.944400000000000000e+04
4.100000000000000000e+01 2.110600000000000000e+04
4.200000000000000000e+01 1.045800000000000000e+04
4.300000000000000000e+01 4.943000000000000000e+03
4.400000000000000000e+01 2.171000000000000000e+03
4.500000000000000000e+01 9.280000000000000000e+02
4.600000000000000000e+01 4.100000000000000000e+02
4.700000000000000000e+01 1.960000000000000000e+02
4.800000000000000000e+01 1.170000000000000000e+02
4.900000000000000000e+01 1.140000000000000000e+02
5.000000000000000000e+01 3.300000000000000000e+01
5.100000000000000000e+01 7.600000000000000000e+01
5.200000000000000000e+01 5.100000000000000000e+01
5.300000000000000000e+01 7.200000000000000000e+01
5.400000000000000000e+01 2.100000000000000000e+01
5.500000000000000000e+01 5.900000000000000000e+01
5.600000000000000000e+01 2.600000000000000000e+01
5.700000000000000000e+01 4.900000000000000000e+01
5.800000000000000000e+01 1.800000000000000000e+01
5.900000000000000000e+01 4.800000000000000000e+01
6.000000000000000000e+01 1.600000000000000000e+01
6.100000000000000000e+01 2.500000000000000000e+01
6.200000000000000000e+01 1.200000000000000000e+01
6.300000000000000000e+01 3.500000000000000000e+01
6.400000000000000000e+01 2.100000000000000000e+01
6.500000000000000000e+01 1.800000000000000000e+01
6.600000000000000000e+01 1.500000000000000000e+01
6.700000000000000000e+01 1.600000000000000000e+01
6.800000000000000000e+01 8.000000000000000000e+00
6.900000000000000000e+01 1.600000000000000000e+01
7.000000000000000000e+01 9.000000000000000000e+00
7.100000000000000000e+01 6.000000000000000000e+00
7.200000000000000000e+01 6.000000000000000000e+00
7.300000000000000000e+01 6.000000000000000000e+00
7.400000000000000000e+01 7.000000000000000000e+00
7.500000000000000000e+01 4.000000000000000000e+00
7.600000000000000000e+01 4.000000000000000000e+00
7.700000000000000000e+01 3.000000000000000000e+00
7.800000000000000000e+01 3.000000000000000000e+00
7.900000000000000000e+01 2.000000000000000000e+00
8.000000000000000000e+01 1.000000000000000000e+00
8.200000000000000000e+01 2.000000000000000000e+00
8.600000000000000000e+01 3.000000000000000000e+00
9.200000000000000000e+01 1.000000000000000000e+00
1.170000000000000000e+02 1.000000000000000000e+00
1.210000000000000000e+02 1.000000000000000000e+00
1.320000000000000000e+02 1.000000000000000000e+00
1.520000000000000000e+02 1.000000000000000000e+00
1.730000000000000000e+02 1.000000000000000000e+00
2.880000000000000000e+02 1.000000000000000000e+00
1.188000000000000000e+03 1.000000000000000000e+00
