-4.000000000000000000e+00 2.000000000000000000e+00
-3.000000000000000000e+00 6.000000000000000000e+00
-2.000000000000000000e+00 1.300000000000000000e+01
-1.000000000000000000e+00 5.600000000000000000e+01
0.000000000000000000e+00 1.364000000000000000e+03
1.000000000000000000e+00 1.040000000000000000e+02
2.000000000000000000e+00 1.380000000000000000e+02
3.000000000000000000e+00 2.670000000000000000e+02
4.000000000000000000e+00 1.640000000000000000e+03
5.000000000000000000e+00 1.107400000000000000e+04
6.000000000000000000e+00 7.586400000000000000e+04
7.000000000000000000e+00 1.321130000000000000e+05
8.000000000000000000e+00 1.606660000000000000e+05
9.000000000000000000e+00 1.882280000000000000e+05
1.000000000000000000e+01 2.175870000000000000e+05
1.100000000000000000e+01 2.378000000000000000e+05
1.200000000000000000e+01 2.510380000000000000e+05
1.300000000000000000e+01 2.581990000000000000e+05
1.400000000000000000e+01 2.664180000000000000e+05
1.500000000000000000e+01 2.779680000000000000e+05
1.600000000000000000e+01 2.963430000000000000e+05
1.700000000000000000e+01 3.290620000000000000e+05
1.800000000000000000e+01 3.730350000000000000e+05
1.900000000000000000e+01 4.330520000000000000e+05
2.000000000000000000e+01 5.087760000000000000e+05
2.100000000000000000e+01 6.002510000000000000e+05
2.200000000000000000e+01 7.040460000000000000e+05
2.300000000000000000e+01 8.002200000000000000e+05
2.400000000000000000e+01 8.808610000000000000e+05
2.500000000000000000e+01 9.255250000000000000e+05
2.600000000000000000e+01 9.253610000000000000e+05
2.700000000000000000e+01 8.903240000000000000e+05
2.800000000000000000e+01 8.420610000000000000e+05
2.900000000000000000e+01 7.885300000000000000e+05
3.000000000000000000e+01 7.300590000000000000e+05
3.100000000000000000e+01 6.788670000000000000e+05
3.200000000000000000e+01 6.278290000000000000e+05
3.300000000000000000e+01 5.837460000000000000e+05
3.400000000000000000e+01 5.437830000000000000e+05
3.500000000000000000e+01 5.065400000000000000e+05
3.600000000000000000e+01 4.710950000000000000e+05
3.700000000000000000e+01 4.361780000000000000e+05
3.800000000000000000e+01 4.005450000000000000e+05
3.900000000000000000e+01 3.671280000000000000e+05
4.000000000000000000e+01 3.330260000000000000e+05
4.100000000000000000e+01 2.968920000000000000e+05
4.200000000000000000e+01 2.604990000000000000e+05
4.300000000000000000e+01 2.242190000000000000e+05
4.400000000000000000e+01 1.886470000000000000e+05
4.500000000000000000e+01 1.530180000000000000e+05
4.600000000000000000e+01 1.213430000000000000e+05
4.700000000000000000e+01 9.190400000000000000e+04
4.800000000000000000e+01 6.762200000000000000e+04
4.900000000000000000e+01 4.615100000000000000e+04
5.000000000000000000e+01 3.055800000000000000e+04
5.100000000000000000e+01 1.917900000000000000e+04
5.200000000000000000e+01 1.170300000000000000e+04
5.300000000000000000e+01 6.652000000000000000e+03
5.400000000000000000e+01 3.644000000000000000e+03
5.500000000000000000e+01 1.911000000000000000e+03
5.600000000000000000e+01 9.950000000000000000e+02
5.700000000000000000e+01 5.410000000000000000e+02
5.800000000000000000e+01 2.510000000000000000e+02
5.900000000000000000e+01 1.670000000000000000e+02
6.000000000000000000e+01 1.030000000000000000e+02
6.100000000000000000e+01 7.600000000000000000e+01
6.200000000000000000e+01 3.900000000000000000e+01
6.300000000000000000e+01 5.100000000000000000e+01
6.400000000000000000e+01 3.200000000000000000e+01
6.500000000000000000e+01 3.000000000000000000e+01
6.600000000000000000e+01 2.200000000000000000e+01
6.700000000000000000e+01 2.700000000000000000e+01
6.800000000000000000e+01 2.000000000000000000e+01
6.900000000000000000e+01 2.100000000000000000e+01
7.000000000000000000e+01 1.900000000000000000e+01
7.100000000000000000e+01 1.600000000000000000e+01
7.200000000000000000e+01 1.700000000000000000e+01
7.300000000000000000e+01 2.700000000000000000e+01
7.400000000000000000e+01 1.300000000000000000e+01
7.500000000000000000e+01 1.100000000000000000e+01
7.600000000000000000e+01 1.900000000000000000e+01
7.700000000000000000e+01 5.000000000000000000e+00
7.800000000000000000e+01 1.100000000000000000e+01
7.900000000000000000e+01 9.000000000000000000e+00
8.000000000000000000e+01 1.200000000000000000e+01
8.100000000000000000e+01 2.000000000000000000e+00
8.200000000000000000e+01 8.000000000000000000e+00
8.300000000000000000e+01 1.000000000000000000e+00
8.400000000000000000e+01 8.000000000000000000e+00
8.500000000000000000e+01 1.000000000000000000e+00
8.600000000000000000e+01 4.000000000000000000e+00
8.700000000000000000e+01 4.000000000000000000e+00
8.800000000000000000e+01 2.000000000000000000e+00
8.900000000000000000e+01 2.000000000000000000e+00
9.000000000000000000e+01 2.000000000000000000e+00
9.100000000000000000e+01 3.000000000000000000e+00
9.200000000000000000e+01 3.000000000000000000e+00
9.300000000000000000e+01 4.000000000000000000e+00
9.400000000000000000e+01 6.000000000000000000e+00
9.500000000000000000e+01 3.000000000000000000e+00
9.600000000000000000e+01 3.000000000000000000e+00
9.700000000000000000e+01 2.000000000000000000e+00
9.800000000000000000e+01 3.000000000000000000e+00
9.900000000000000000e+01 2.000000000000000000e+00
1.000000000000000000e+02 1.000000000000000000e+00
1.020000000000000000e+02 1.000000000000000000e+00
1.050000000000000000e+02 1.000000000000000000e+00
1.060000000000000000e+02 1.000000000000000000e+00
1.080000000000000000e+02 1.000000000000000000e+00
1.110000000000000000e+02 1.000000000000000000e+00
1.310000000000000000e+02 1.000000000000000000e+00
1.320000000000000000e+02 1.000000000000000000e+00
1.370000000000000000e+02 1.000000000000000000e+00
1.390000000000000000e+02 1.000000000000000000e+00
1.790000000000000000e+02 1.000000000000000000e+00
1.920000000000000000e+02 1.000000000000000000e+00
4.120000000000000000e+02 1.000000000000000000e+00
9.590000000000000000e+02 1.000000000000000000e+00
9.990000000000000000e+02 1.000000000000000000e+00
2.775000000000000000e+03 1.000000000000000000e+00
