-4.000000000000000000e+00 1.000000000000000000e+00
-3.000000000000000000e+00 3.000000000000000000e+00
-2.000000000000000000e+00 1.300000000000000000e+01
-1.000000000000000000e+00 2.500000000000000000e+01
0.000000000000000000e+00 1.349000000000000000e+03
1.000000000000000000e+00 9.900000000000000000e+01
2.000000000000000000e+00 1.130000000000000000e+02
3.000000000000000000e+00 1.540000000000000000e+02
4.000000000000000000e+00 1.005000000000000000e+03
5.000000000000000000e+00 4.710000000000000000e+03
6.000000000000000000e+00 2.616600000000000000e+04
7.000000000000000000e+00 4.847000000000000000e+04
8.000000000000000000e+00 6.820400000000000000e+04
9.000000000000000000e+00 9.782900000000000000e+04
1.000000000000000000e+01 1.374560000000000000e+05
1.100000000000000000e+01 1.900700000000000000e+05
1.200000000000000000e+01 2.604800000000000000e+05
1.300000000000000000e+01 3.564190000000000000e+05
1.400000000000000000e+01 4.812590000000000000e+05
1.500000000000000000e+01 6.357760000000000000e+05
1.600000000000000000e+01 8.304180000000000000e+05
1.700000000000000000e+01 1.072695000000000000e+06
1.800000000000000000e+01 1.336270000000000000e+06
1.900000000000000000e+01 1.603189000000000000e+06
2.000000000000000000e+01 1.845607000000000000e+06
2.100000000000000000e+01 2.048248000000000000e+06
2.200000000000000000e+01 2.193208000000000000e+06
2.300000000000000000e+01 2.227456000000000000e+06
2.400000000000000000e+01 2.158535000000000000e+06
2.500000000000000000e+01 1.968231000000000000e+06
2.600000000000000000e+01 1.680987000000000000e+06
2.700000000000000000e+01 1.339731000000000000e+06
2.800000000000000000e+01 9.785670000000000000e+05
2.900000000000000000e+01 6.499670000000000000e+05
3.000000000000000000e+01 3.823320000000000000e+05
3.100000000000000000e+01 2.007130000000000000e+05
3.200000000000000000e+01 9.315400000000000000e+04
3.300000000000000000e+01 3.887500000000000000e+04
3.400000000000000000e+01 1.519400000000000000e+04
3.500000000000000000e+01 5.735000000000000000e+03
3.600000000000000000e+01 2.009000000000000000e+03
3.700000000000000000e+01 7.760000000000000000e+02
3.800000000000000000e+01 3.270000000000000000e+02
3.900000000000000000e+01 1.370000000000000000e+02
4.000000000000000000e+01 1.380000000000000000e+02
4.100000000000000000e+01 1.290000000000000000e+02
4.200000000000000000e+01 9.900000000000000000e+01
4.300000000000000000e+01 8.400000000000000000e+01
4.400000000000000000e+01 8.200000000000000000e+01
4.500000000000000000e+01 7.100000000000000000e+01
4.600000000000000000e+01 6.400000000000000000e+01
4.700000000000000000e+01 6.400000000000000000e+01
4.800000000000000000e+01 3.100000000000000000e+01
4.900000000000000000e+01 9.800000000000000000e+01
5.000000000000000000e+01 3.200000000000000000e+01
5.100000000000000000e+01 6.300000000000000000e+01
5.200000000000000000e+01 2.900000000000000000e+01
5.300000000000000000e+01 5.600000000000000000e+01
5.400000000000000000e+01 1.600000000000000000e+01
5.500000000000000000e+01 5.000000000000000000e+01
5.600000000000000000e+01 7.000000000000000000e+00
5.700000000000000000e+01 3.200000000000000000e+01
5.800000000000000000e+01 1.000000000000000000e+00
5.900000000000000000e+01 2.500000000000000000e+01
6.000000000000000000e+01 2.000000000000000000e+00
6.100000000000000000e+01 1.700000000000000000e+01
6.200000000000000000e+01 2.000000000000000000e+00
6.300000000000000000e+01 5.000000000000000000e+00
6.400000000000000000e+01 5.000000000000000000e+00
6.500000000000000000e+01 2.000000000000000000e+00
6.600000000000000000e+01 3.000000000000000000e+00
6.700000000000000000e+01 2.000000000000000000e+00
6.900000000000000000e+01 2.000000000000000000e+00
7.000000000000000000e+01 1.000000000000000000e+00
7.100000000000000000e+01 1.000000000000000000e+00
7.200000000000000000e+01 1.000000000000000000e+00
7.600000000000000000e+01 1.000000000000000000e+00
7.800000000000000000e+01 1.000000000000000000e+00
8.000000000000000000e+01 1.000000000000000000e+00
8.300000000000000000e+01 1.000000000000000000e+00
8.400000000000000000e+01 1.000000000000000000e+00
8.900000000000000000e+01 1.000000000000000000e+00
9.500000000000000000e+01 1.000000000000000000e+00
1.070000000000000000e+02 1.000000000000000000e+00
1.090000000000000000e+02 1.000000000000000000e+00
1.120000000000000000e+02 1.000000000000000000e+00
1.160000000000000000e+02 1.000000000000000000e+00
1.230000000000000000e+02 1.000000000000000000e+00
1.380000000000000000e+02 1.000000000000000000e+00
1.620000000000000000e+02 1.000000000000000000e+00
1.910000000000000000e+02 1.000000000000000000e+00
1.970000000000000000e+02 1.000000000000000000e+00
2.120000000000000000e+02 1.000000000000000000e+00
2.210000000000000000e+02 1.000000000000000000e+00
2.660000000000000000e+02 1.000000000000000000e+00
2.830000000000000000e+02 1.000000000000000000e+00
5.200000000000000000e+02 1.000000000000000000e+00
5.240000000000000000e+02 1.000000000000000000e+00
6.580000000000000000e+02 1.000000000000000000e+00
8.900000000000000000e+02 1.000000000000000000e+00
1.684000000000000000e+03 1.000000000000000000e+00
3.953000000000000000e+03 1.000000000000000000e+00
