-4.000000000000000000e+00 8.000000000000000000e+00
-3.000000000000000000e+00 8.000000000000000000e+00
-2.000000000000000000e+00 2.300000000000000000e+01
-1.000000000000000000e+00 8.400000000000000000e+01
0.000000000000000000e+00 1.414000000000000000e+03
1.000000000000000000e+00 1.840000000000000000e+02
2.000000000000000000e+00 2.490000000000000000e+02
3.000000000000000000e+00 4.090000000000000000e+02
4.000000000000000000e+00 2.140000000000000000e+03
5.000000000000000000e+00 1.594600000000000000e+04
6.000000000000000000e+00 1.119190000000000000e+05
7.000000000000000000e+00 1.921170000000000000e+05
8.000000000000000000e+00 2.315690000000000000e+05
9.000000000000000000e+00 2.743670000000000000e+05
1.000000000000000000e+01 3.161620000000000000e+05
1.100000000000000000e+01 3.440520000000000000e+05
1.200000000000000000e+01 3.655330000000000000e+05
1.300000000000000000e+01 3.826500000000000000e+05
1.400000000000000000e+01 4.005260000000000000e+05
1.500000000000000000e+01 4.246470000000000000e+05
1.600000000000000000e+01 4.657070000000000000e+05
1.700000000000000000e+01 5.277450000000000000e+05
1.800000000000000000e+01 6.121560000000000000e+05
1.900000000000000000e+01 7.179910000000000000e+05
2.000000000000000000e+01 8.483360000000000000e+05
2.100000000000000000e+01 1.001340000000000000e+06
2.200000000000000000e+01 1.165638000000000000e+06
2.300000000000000000e+01 1.310533000000000000e+06
2.400000000000000000e+01 1.419967000000000000e+06
2.500000000000000000e+01 1.457859000000000000e+06
2.600000000000000000e+01 1.429744000000000000e+06
2.700000000000000000e+01 1.353129000000000000e+06
2.800000000000000000e+01 1.262072000000000000e+06
2.900000000000000000e+01 1.163945000000000000e+06
3.000000000000000000e+01 1.064232000000000000e+06
3.100000000000000000e+01 9.723990000000000000e+05
3.200000000000000000e+01 8.954620000000000000e+05
3.300000000000000000e+01 8.220400000000000000e+05
3.400000000000000000e+01 7.597730000000000000e+05
3.500000000000000000e+01 7.003900000000000000e+05
3.600000000000000000e+01 6.446320000000000000e+05
3.700000000000000000e+01 5.917300000000000000e+05
3.800000000000000000e+01 5.397850000000000000e+05
3.900000000000000000e+01 4.904370000000000000e+05
4.000000000000000000e+01 4.403030000000000000e+05
4.100000000000000000e+01 3.895160000000000000e+05
4.200000000000000000e+01 3.398780000000000000e+05
4.300000000000000000e+01 2.880500000000000000e+05
4.400000000000000000e+01 2.403670000000000000e+05
4.500000000000000000e+01 1.929110000000000000e+05
4.600000000000000000e+01 1.511950000000000000e+05
4.700000000000000000e+01 1.135650000000000000e+05
4.800000000000000000e+01 8.141600000000000000e+04
4.900000000000000000e+01 5.601000000000000000e+04
5.000000000000000000e+01 3.631500000000000000e+04
5.100000000000000000e+01 2.231700000000000000e+04
5.200000000000000000e+01 1.335800000000000000e+04
5.300000000000000000e+01 7.440000000000000000e+03
5.400000000000000000e+01 4.097000000000000000e+03
5.500000000000000000e+01 2.222000000000000000e+03
5.600000000000000000e+01 1.122000000000000000e+03
5.700000000000000000e+01 6.240000000000000000e+02
5.800000000000000000e+01 3.160000000000000000e+02
5.900000000000000000e+01 2.070000000000000000e+02
6.000000000000000000e+01 1.220000000000000000e+02
6.100000000000000000e+01 1.000000000000000000e+02
6.200000000000000000e+01 7.400000000000000000e+01
6.300000000000000000e+01 7.100000000000000000e+01
6.400000000000000000e+01 5.200000000000000000e+01
6.500000000000000000e+01 4.800000000000000000e+01
6.600000000000000000e+01 4.300000000000000000e+01
6.700000000000000000e+01 3.600000000000000000e+01
6.800000000000000000e+01 4.100000000000000000e+01
6.900000000000000000e+01 4.000000000000000000e+01
7.000000000000000000e+01 2.100000000000000000e+01
7.100000000000000000e+01 2.800000000000000000e+01
7.200000000000000000e+01 2.700000000000000000e+01
7.300000000000000000e+01 2.200000000000000000e+01
7.400000000000000000e+01 1.300000000000000000e+01
7.500000000000000000e+01 1.000000000000000000e+01
7.600000000000000000e+01 3.600000000000000000e+01
7.700000000000000000e+01 1.000000000000000000e+01
7.800000000000000000e+01 2.100000000000000000e+01
7.900000000000000000e+01 7.000000000000000000e+00
8.000000000000000000e+01 1.500000000000000000e+01
8.100000000000000000e+01 6.000000000000000000e+00
8.200000000000000000e+01 2.200000000000000000e+01
8.300000000000000000e+01 5.000000000000000000e+00
8.400000000000000000e+01 1.900000000000000000e+01
8.500000000000000000e+01 3.000000000000000000e+00
8.600000000000000000e+01 1.700000000000000000e+01
8.700000000000000000e+01 2.000000000000000000e+00
8.800000000000000000e+01 9.000000000000000000e+00
8.900000000000000000e+01 3.000000000000000000e+00
9.000000000000000000e+01 1.400000000000000000e+01
9.100000000000000000e+01 7.000000000000000000e+00
9.200000000000000000e+01 5.000000000000000000e+00
9.300000000000000000e+01 7.000000000000000000e+00
9.400000000000000000e+01 4.000000000000000000e+00
9.600000000000000000e+01 3.000000000000000000e+00
9.700000000000000000e+01 1.000000000000000000e+00
9.800000000000000000e+01 1.000000000000000000e+00
1.010000000000000000e+02 1.000000000000000000e+00
1.020000000000000000e+02 1.000000000000000000e+00
1.030000000000000000e+02 2.000000000000000000e+00
1.070000000000000000e+02 1.000000000000000000e+00
1.090000000000000000e+02 2.000000000000000000e+00
1.260000000000000000e+02 1.000000000000000000e+00
1.280000000000000000e+02 1.000000000000000000e+00
1.530000000000000000e+02 1.000000000000000000e+00
1.600000000000000000e+02 1.000000000000000000e+00
2.380000000000000000e+02 1.000000000000000000e+00
4.560000000000000000e+02 1.000000000000000000e+00
1.133000000000000000e+03 1.000000000000000000e+00
