-4.000000000000000000e+00 6.000000000000000000e+00
-3.000000000000000000e+00 3.000000000000000000e+00
-2.000000000000000000e+00 1.400000000000000000e+01
-1.000000000000000000e+00 5.400000000000000000e+01
0.000000000000000000e+00 1.368000000000000000e+03
1.000000000000000000e+00 1.060000000000000000e+02
2.000000000000000000e+00 1.520000000000000000e+02
3.000000000000000000e+00 2.120000000000000000e+02
4.000000000000000000e+00 1.147000000000000000e+03
5.000000000000000000e+00 8.409000000000000000e+03
6.000000000000000000e+00 5.963900000000000000e+04
7.000000000000000000e+00 1.018830000000000000e+05
8.000000000000000000e+00 1.192900000000000000e+05
9.000000000000000000e+00 1.339890000000000000e+05
1.000000000000000000e+01 1.486000000000000000e+05
1.100000000000000000e+01 1.567150000000000000e+05
1.200000000000000000e+01 1.613350000000000000e+05
1.300000000000000000e+01 1.707600000000000000e+05
1.400000000000000000e+01 1.915260000000000000e+05
1.500000000000000000e+01 2.288330000000000000e+05
1.600000000000000000e+01 2.845850000000000000e+05
1.700000000000000000e+01 3.634460000000000000e+05
1.800000000000000000e+01 4.639000000000000000e+05
1.900000000000000000e+01 5.818900000000000000e+05
2.000000000000000000e+01 7.156520000000000000e+05
2.100000000000000000e+01 8.602090000000000000e+05
2.200000000000000000e+01 1.010550000000000000e+06
2.300000000000000000e+01 1.138337000000000000e+06
2.400000000000000000e+01 1.237820000000000000e+06
2.500000000000000000e+01 1.277459000000000000e+06
2.600000000000000000e+01 1.260125000000000000e+06
2.700000000000000000e+01 1.193375000000000000e+06
2.800000000000000000e+01 1.091406000000000000e+06
2.900000000000000000e+01 9.734790000000000000e+05
3.000000000000000000e+01 8.468420000000000000e+05
3.100000000000000000e+01 7.233540000000000000e+05
3.200000000000000000e+01 6.054990000000000000e+05
3.300000000000000000e+01 4.952500000000000000e+05
3.400000000000000000e+01 3.975540000000000000e+05
3.500000000000000000e+01 3.075000000000000000e+05
3.600000000000000000e+01 2.276280000000000000e+05
3.700000000000000000e+01 1.605630000000000000e+05
3.800000000000000000e+01 1.072180000000000000e+05
3.900000000000000000e+01 6.653600000000000000e+04
4.000000000000000000e+01 3.897600000000000000e+04
4.100000000000000000e+01 2.097800000000000000e+04
4.200000000000000000e+01 1.051900000000000000e+04
4.300000000000000000e+01 4.810000000000000000e+03
4.400000000000000000e+01 2.085000000000000000e+03
4.500000000000000000e+01 8.910000000000000000e+02
4.600000000000000000e+01 4.440000000000000000e+02
4.700000000000000000e+01 2.170000000000000000e+02
4.800000000000000000e+01 1.110000000000000000e+02
4.900000000000000000e+01 1.220000000000000000e+02
5.000000000000000000e+01 5.200000000000000000e+01
5.100000000000000000e+01 7.800000000000000000e+01
5.200000000000000000e+01 3.300000000000000000e+01
5.300000000000000000e+01 6.900000000000000000e+01
5.400000000000000000e+01 3.300000000000000000e+01
5.500000000000000000e+01 7.200000000000000000e+01
5.600000000000000000e+01 2.500000000000000000e+01
5.700000000000000000e+01 3.900000000000000000e+01
5.800000000000000000e+01 2.500000000000000000e+01
5.900000000000000000e+01 4.400000000000000000e+01
6.000000000000000000e+01 1.300000000000000000e+01
6.100000000000000000e+01 3.100000000000000000e+01
6.200000000000000000e+01 1.800000000000000000e+01
6.300000000000000000e+01 2.500000000000000000e+01
6.400000000000000000e+01 2.500000000000000000e+01
6.500000000000000000e+01 2.200000000000000000e+01
6.600000000000000000e+01 1.800000000000000000e+01
6.700000000000000000e+01 1.200000000000000000e+01
6.800000000000000000e+01 1.200000000000000000e+01
6.900000000000000000e+01 1.000000000000000000e+01
7.000000000000000000e+01 9.000000000000000000e+00
7.100000000000000000e+01 8.000000000000000000e+00
7.200000000000000000e+01 9.000000000000000000e+00
7.300000000000000000e+01 6.000000000000000000e+00
7.400000000000000000e+01 3.000000000000000000e+00
7.500000000000000000e+01 2.000000000000000000e+00
7.600000000000000000e+01 1.200000000000000000e+01
7.700000000000000000e+01 1.000000000000000000e+00
7.800000000000000000e+01 4.000000000000000000e+00
7.900000000000000000e+01 1.000000000000000000e+00
8.000000000000000000e+01 1.000000000000000000e+00
8.100000000000000000e+01 2.000000000000000000e+00
8.200000000000000000e+01 1.000000000000000000e+00
8.300000000000000000e+01 2.000000000000000000e+00
8.400000000000000000e+01 2.000000000000000000e+00
8.600000000000000000e+01 1.000000000000000000e+00
8.800000000000000000e+01 1.000000000000000000e+00
9.300000000000000000e+01 1.000000000000000000e+00
1.260000000000000000e+02 1.000000000000000000e+00
1.590000000000000000e+02 1.000000000000000000e+00
1.600000000000000000e+02 1.000000000000000000e+00
