-4.000000000000000000e+00 4.000000000000000000e+00
-3.000000000000000000e+00 1.000000000000000000e+00
-2.000000000000000000e+00 1.100000000000000000e+01
-1.000000000000000000e+00 4.600000000000000000e+01
0.000000000000000000e+00 1.368000000000000000e+03
1.000000000000000000e+00 1.240000000000000000e+02
2.000000000000000000e+00 1.360000000000000000e+02
3.000000000000000000e+00 2.880000000000000000e+02
4.000000000000000000e+00 1.609000000000000000e+03
5.000000000000000000e+00 1.122700000000000000e+04
6.000000000000000000e+00 7.600700000000000000e+04
7.000000000000000000e+00 1.330710000000000000e+05
8.000000000000000000e+00 1.604040000000000000e+05
9.000000000000000000e+00 1.896450000000000000e+05
1.000000000000000000e+01 2.188060000000000000e+05
1.100000000000000000e+01 2.390880000000000000e+05
1.200000000000000000e+01 2.506580000000000000e+05
1.300000000000000000e+01 2.588610000000000000e+05
1.400000000000000000e+01 2.675450000000000000e+05
1.500000000000000000e+01 2.786290000000000000e+05
1.600000000000000000e+01 2.968120000000000000e+05
1.700000000000000000e+01 3.288370000000000000e+05
1.800000000000000000e+01 3.752450000000000000e+05
1.900000000000000000e+01 4.321580000000000000e+05
2.000000000000000000e+01 5.083790000000000000e+05
2.100000000000000000e+01 6.005870000000000000e+05
2.200000000000000000e+01 7.041890000000000000e+05
2.300000000000000000e+01 8.018500000000000000e+05
2.400000000000000000e+01 8.858330000000000000e+05
2.500000000000000000e+01 9.255620000000000000e+05
2.600000000000000000e+01 9.246890000000000000e+05
2.700000000000000000e+01 8.906660000000000000e+05
2.800000000000000000e+01 8.417480000000000000e+05
2.900000000000000000e+01 7.887690000000000000e+05
3.000000000000000000e+01 7.301020000000000000e+05
3.100000000000000000e+01 6.776230000000000000e+05
3.200000000000000000e+01 6.267780000000000000e+05
3.300000000000000000e+01 5.837150000000000000e+05
3.400000000000000000e+01 5.438670000000000000e+05
3.500000000000000000e+01 5.073360000000000000e+05
3.600000000000000000e+01 4.699410000000000000e+05
3.700000000000000000e+01 4.366200000000000000e+05
3.800000000000000000e+01 4.012720000000000000e+05
3.900000000000000000e+01 3.677320000000000000e+05
4.000000000000000000e+01 3.320430000000000000e+05
4.100000000000000000e+01 2.968270000000000000e+05
4.200000000000000000e+01 2.602500000000000000e+05
4.300000000000000000e+01 2.229590000000000000e+05
4.400000000000000000e+01 1.879850000000000000e+05
4.500000000000000000e+01 1.527360000000000000e+05
4.600000000000000000e+01 1.212780000000000000e+05
4.700000000000000000e+01 9.223200000000000000e+04
4.800000000000000000e+01 6.683800000000000000e+04
4.900000000000000000e+01 4.631000000000000000e+04
5.000000000000000000e+01 3.063700000000000000e+04
5.100000000000000000e+01 1.932100000000000000e+04
5.200000000000000000e+01 1.155100000000000000e+04
5.300000000000000000e+01 6.702000000000000000e+03
5.400000000000000000e+01 3.610000000000000000e+03
5.500000000000000000e+01 1.867000000000000000e+03
5.600000000000000000e+01 1.063000000000000000e+03
5.700000000000000000e+01 5.220000000000000000e+02
5.800000000000000000e+01 2.870000000000000000e+02
5.900000000000000000e+01 1.710000000000000000e+02
6.000000000000000000e+01 6.900000000000000000e+01
6.100000000000000000e+01 7.700000000000000000e+01
6.200000000000000000e+01 4.100000000000000000e+01
6.300000000000000000e+01 4.100000000000000000e+01
6.400000000000000000e+01 3.000000000000000000e+01
6.500000000000000000e+01 2.800000000000000000e+01
6.600000000000000000e+01 2.400000000000000000e+01
6.700000000000000000e+01 2.700000000000000000e+01
6.800000000000000000e+01 2.400000000000000000e+01
6.900000000000000000e+01 2.000000000000000000e+01
7.000000000000000000e+01 1.400000000000000000e+01
7.100000000000000000e+01 1.900000000000000000e+01
7.200000000000000000e+01 2.000000000000000000e+01
7.300000000000000000e+01 1.700000000000000000e+01
7.400000000000000000e+01 7.000000000000000000e+00
7.500000000000000000e+01 8.000000000000000000e+00
7.600000000000000000e+01 1.700000000000000000e+01
7.700000000000000000e+01 1.800000000000000000e+01
7.800000000000000000e+01 1.000000000000000000e+01
7.900000000000000000e+01 7.000000000000000000e+00
8.000000000000000000e+01 1.500000000000000000e+01
8.100000000000000000e+01 5.000000000000000000e+00
8.200000000000000000e+01 9.000000000000000000e+00
8.300000000000000000e+01 5.000000000000000000e+00
8.400000000000000000e+01 1.200000000000000000e+01
8.500000000000000000e+01 4.000000000000000000e+00
8.600000000000000000e+01 1.100000000000000000e+01
8.700000000000000000e+01 2.000000000000000000e+00
8.800000000000000000e+01 5.000000000000000000e+00
8.900000000000000000e+01 6.000000000000000000e+00
9.000000000000000000e+01 1.000000000000000000e+00
9.100000000000000000e+01 4.000000000000000000e+00
9.200000000000000000e+01 2.000000000000000000e+00
9.300000000000000000e+01 3.000000000000000000e+00
9.400000000000000000e+01 4.000000000000000000e+00
9.500000000000000000e+01 1.000000000000000000e+00
9.600000000000000000e+01 1.000000000000000000e+00
9.700000000000000000e+01 2.000000000000000000e+00
9.900000000000000000e+01 3.000000000000000000e+00
1.000000000000000000e+02 1.000000000000000000e+00
1.010000000000000000e+02 2.000000000000000000e+00
1.030000000000000000e+02 1.000000000000000000e+00
1.040000000000000000e+02 1.000000000000000000e+00
1.050000000000000000e+02 1.000000000000000000e+00
1.110000000000000000e+02 1.000000000000000000e+00
1.130000000000000000e+02 1.000000000000000000e+00
1.150000000000000000e+02 1.000000000000000000e+00
1.190000000000000000e+02 1.000000000000000000e+00
1.220000000000000000e+02 2.000000000000000000e+00
1.310000000000000000e+02 1.000000000000000000e+00
1.400000000000000000e+02 1.000000000000000000e+00
7.490000000000000000e+02 1.000000000000000000e+00
