-4.000000000000000000e+00 5.000000000000000000e+00
-3.000000000000000000e+00 1.000000000000000000e+00
-2.000000000000000000e+00 1.100000000000000000e+01
-1.000000000000000000e+00 2.100000000000000000e+01
0.000000000000000000e+00 1.346000000000000000e+03
1.000000000000000000e+00 5.700000000000000000e+01
2.000000000000000000e+00 1.010000000000000000e+02
3.000000000000000000e+00 1.570000000000000000e+02
4.000000000000000000e+00 7.130000000000000000e+02
5.000000000000000000e+00 4.198000000000000000e+03
6.000000000000000000e+00 2.449200000000000000e+04
7.000000000000000000e+00 4.611100000000000000e+04
8.000000000000000000e+00 6.605000000000000000e+04
9.000000000000000000e+00 9.498100000000000000e+04
1.000000000000000000e+01 1.344510000000000000e+05
1.100000000000000000e+01 1.868770000000000000e+05
1.200000000000000000e+01 2.551280000000000000e+05
1.300000000000000000e+01 3.463280000000000000e+05
1.400000000000000000e+01 4.611060000000000000e+05
1.500000000000000000e+01 6.003740000000000000e+05
1.600000000000000000e+01 7.695540000000000000e+05
1.700000000000000000e+01 9.756690000000000000e+05
1.800000000000000000e+01 1.195907000000000000e+06
1.900000000000000000e+01 1.402497000000000000e+06
2.000000000000000000e+01 1.559789000000000000e+06
2.100000000000000000e+01 1.640024000000000000e+06
2.200000000000000000e+01 1.608810000000000000e+06
2.300000000000000000e+01 1.431349000000000000e+06
2.400000000000000000e+01 1.144104000000000000e+06
2.500000000000000000e+01 7.929100000000000000e+05
2.600000000000000000e+01 4.753210000000000000e+05
2.700000000000000000e+01 2.480340000000000000e+05
2.800000000000000000e+01 1.186060000000000000e+05
2.900000000000000000e+01 5.591200000000000000e+04
3.000000000000000000e+01 2.583100000000000000e+04
3.100000000000000000e+01 1.274400000000000000e+04
3.200000000000000000e+01 5.614000000000000000e+03
3.300000000000000000e+01 2.404000000000000000e+03
3.400000000000000000e+01 9.130000000000000000e+02
3.500000000000000000e+01 3.330000000000000000e+02
3.600000000000000000e+01 1.600000000000000000e+02
3.700000000000000000e+01 7.400000000000000000e+01
3.800000000000000000e+01 9.200000000000000000e+01
3.900000000000000000e+01 2.300000000000000000e+01
4.000000000000000000e+01 6.700000000000000000e+01
4.100000000000000000e+01 6.500000000000000000e+01
4.200000000000000000e+01 5.100000000000000000e+01
4.300000000000000000e+01 4.100000000000000000e+01
4.400000000000000000e+01 3.700000000000000000e+01
4.500000000000000000e+01 2.400000000000000000e+01
4.600000000000000000e+01 3.700000000000000000e+01
4.700000000000000000e+01 2.900000000000000000e+01
4.800000000000000000e+01 1.300000000000000000e+01
4.900000000000000000e+01 3.900000000000000000e+01
5.000000000000000000e+01 7.000000000000000000e+00
5.100000000000000000e+01 2.500000000000000000e+01
5.200000000000000000e+01 1.100000000000000000e+01
5.300000000000000000e+01 1.200000000000000000e+01
5.400000000000000000e+01 4.000000000000000000e+00
5.500000000000000000e+01 7.000000000000000000e+00
5.700000000000000000e+01 4.000000000000000000e+00
5.800000000000000000e+01 3.000000000000000000e+00
5.900000000000000000e+01 1.000000000000000000e+00
6.000000000000000000e+01 3.000000000000000000e+00
6.100000000000000000e+01 3.000000000000000000e+00
6.200000000000000000e+01 1.000000000000000000e+00
6.300000000000000000e+01 2.000000000000000000e+00
6.400000000000000000e+01 1.000000000000000000e+00
6.500000000000000000e+01 2.000000000000000000e+00
6.600000000000000000e+01 2.000000000000000000e+00
6.900000000000000000e+01 1.000000000000000000e+00
7.000000000000000000e+01 1.000000000000000000e+00
7.300000000000000000e+01 1.000000000000000000e+00
8.200000000000000000e+01 1.000000000000000000e+00
8.800000000000000000e+01 1.000000000000000000e+00
8.900000000000000000e+01 1.000000000000000000e+00
9.200000000000000000e+01 1.000000000000000000e+00
9.400000000000000000e+01 1.000000000000000000e+00
9.600000000000000000e+01 1.000000000000000000e+00
9.800000000000000000e+01 1.000000000000000000e+00
1.000000000000000000e+02 1.000000000000000000e+00
1.080000000000000000e+02 1.000000000000000000e+00
1.150000000000000000e+02 1.000000000000000000e+00
1.180000000000000000e+02 1.000000000000000000e+00
1.290000000000000000e+02 1.000000000000000000e+00
1.320000000000000000e+02 1.000000000000000000e+00
1.340000000000000000e+02 1.000000000000000000e+00
1.380000000000000000e+02 1.000000000000000000e+00
1.410000000000000000e+02 1.000000000000000000e+00
1.470000000000000000e+02 1.000000000000000000e+00
1.480000000000000000e+02 1.000000000000000000e+00
1.630000000000000000e+02 1.000000000000000000e+00
1.690000000000000000e+02 1.000000000000000000e+00
1.740000000000000000e+02 1.000000000000000000e+00
1.810000000000000000e+02 1.000000000000000000e+00
1.830000000000000000e+02 1.000000000000000000e+00
2.050000000000000000e+02 1.000000000000000000e+00
2.190000000000000000e+02 2.000000000000000000e+00
2.230000000000000000e+02 1.000000000000000000e+00
2.390000000000000000e+02 1.000000000000000000e+00
2.490000000000000000e+02 1.000000000000000000e+00
2.730000000000000000e+02 1.000000000000000000e+00
2.880000000000000000e+02 1.000000000000000000e+00
2.890000000000000000e+02 1.000000000000000000e+00
3.190000000000000000e+02 1.000000000000000000e+00
3.600000000000000000e+02 1.000000000000000000e+00
3.750000000000000000e+02 1.000000000000000000e+00
4.170000000000000000e+02 1.000000000000000000e+00
4.510000000000000000e+02 1.000000000000000000e+00
6.280000000000000000e+02 1.000000000000000000e+00
7.520000000000000000e+02 1.000000000000000000e+00
8.870000000000000000e+02 1.000000000000000000e+00
9.470000000000000000e+02 1.000000000000000000e+00
1.173000000000000000e+03 1.000000000000000000e+00
1.463000000000000000e+03 1.000000000000000000e+00
