-4.000000000000000000e+00 5.000000000000000000e+00
-3.000000000000000000e+00 5.000000000000000000e+00
-2.000000000000000000e+00 9.000000000000000000e+00
-1.000000000000000000e+00 4.900000000000000000e+01
0.000000000000000000e+00 1.344000000000000000e+03
1.000000000000000000e+00 1.030000000000000000e+02
2.000000000000000000e+00 1.550000000000000000e+02
3.000000000000000000e+00 2.250000000000000000e+02
4.000000000000000000e+00 1.146000000000000000e+03
5.000000000000000000e+00 8.563000000000000000e+03
6.000000000000000000e+00 5.920000000000000000e+04
7.000000000000000000e+00 1.003020000000000000e+05
8.000000000000000000e+00 1.166120000000000000e+05
9.000000000000000000e+00 1.329160000000000000e+05
1.000000000000000000e+01 1.476010000000000000e+05
1.100000000000000000e+01 1.542240000000000000e+05
1.200000000000000000e+01 1.585590000000000000e+05
1.300000000000000000e+01 1.678700000000000000e+05
1.400000000000000000e+01 1.895090000000000000e+05
1.500000000000000000e+01 2.250970000000000000e+05
1.600000000000000000e+01 2.797850000000000000e+05
1.700000000000000000e+01 3.581500000000000000e+05
1.800000000000000000e+01 4.582890000000000000e+05
1.900000000000000000e+01 5.739270000000000000e+05
2.000000000000000000e+01 7.054150000000000000e+05
2.100000000000000000e+01 8.472720000000000000e+05
2.200000000000000000e+01 9.962760000000000000e+05
2.300000000000000000e+01 1.120922000000000000e+06
2.400000000000000000e+01 1.219345000000000000e+06
2.500000000000000000e+01 1.262825000000000000e+06
2.600000000000000000e+01 1.242695000000000000e+06
2.700000000000000000e+01 1.177165000000000000e+06
2.800000000000000000e+01 1.077985000000000000e+06
2.900000000000000000e+01 9.612390000000000000e+05
3.000000000000000000e+01 8.360160000000000000e+05
3.100000000000000000e+01 7.139860000000000000e+05
3.200000000000000000e+01 5.953500000000000000e+05
3.300000000000000000e+01 4.891520000000000000e+05
3.400000000000000000e+01 3.921100000000000000e+05
3.500000000000000000e+01 3.030390000000000000e+05
3.600000000000000000e+01 2.251110000000000000e+05
3.700000000000000000e+01 1.580520000000000000e+05
3.800000000000000000e+01 1.052300000000000000e+05
3.900000000000000000e+01 6.674800000000000000e+04
4.000000000000000000e+01 3.888700000000000000e+04
4.100000000000000000e+01 2.084200000000000000e+04
4.200000000000000000e+01 1.009200000000000000e+04
4.300000000000000000e+01 4.777000000000000000e+03
4.400000000000000000e+01 2.152000000000000000e+03
4.500000000000000000e+01 8.860000000000000000e+02
4.600000000000000000e+01 4.100000000000000000e+02
4.700000000000000000e+01 1.990000000000000000e+02
4.800000000000000000e+01 1.160000000000000000e+02
4.900000000000000000e+01 1.200000000000000000e+02
5.000000000000000000e+01 5.300000000000000000e+01
5.100000000000000000e+01 8.200000000000000000e+01
5.200000000000000000e+01 4.300000000000000000e+01
5.300000000000000000e+01 7.600000000000000000e+01
5.400000000000000000e+01 2.300000000000000000e+01
5.500000000000000000e+01 6.300000000000000000e+01
5.600000000000000000e+01 2.100000000000000000e+01
5.700000000000000000e+01 4.700000000000000000e+01
5.800000000000000000e+01 1.400000000000000000e+01
5.900000000000000000e+01 4.600000000000000000e+01
6.000000000000000000e+01 1.800000000000000000e+01
6.100000000000000000e+01 4.200000000000000000e+01
6.200000000000000000e+01 1.500000000000000000e+01
6.300000000000000000e+01 3.500000000000000000e+01
6.400000000000000000e+01 1.800000000000000000e+01
6.500000000000000000e+01 1.600000000000000000e+01
6.600000000000000000e+01 1.000000000000000000e+01
6.700000000000000000e+01 1.700000000000000000e+01
6.800000000000000000e+01 1.200000000000000000e+01
6.900000000000000000e+01 1.100000000000000000e+01
7.000000000000000000e+01 8.000000000000000000e+00
7.100000000000000000e+01 7.000000000000000000e+00
7.200000000000000000e+01 3.000000000000000000e+00
7.300000000000000000e+01 8.000000000000000000e+00
7.400000000000000000e+01 6.000000000000000000e+00
7.500000000000000000e+01 1.000000000000000000e+00
7.600000000000000000e+01 6.000000000000000000e+00
7.700000000000000000e+01 2.000000000000000000e+00
7.800000000000000000e+01 3.000000000000000000e+00
7.900000000000000000e+01 2.000000000000000000e+00
8.000000000000000000e+01 2.000000000000000000e+00
8.100000000000000000e+01 1.000000000000000000e+00
8.500000000000000000e+01 1.000000000000000000e+00
8.600000000000000000e+01 1.000000000000000000e+00
9.900000000000000000e+01 1.000000000000000000e+00
1.010000000000000000e+02 1.000000000000000000e+00
1.060000000000000000e+02 1.000000000000000000e+00
1.170000000000000000e+02 1.000000000000000000e+00
1.410000000000000000e+02 1.000000000000000000e+00
1.500000000000000000e+02 1.000000000000000000e+00
1.520000000000000000e+02 1.000000000000000000e+00
1.850000000000000000e+02 1.000000000000000000e+00
2.670000000000000000e+02 1.000000000000000000e+00
5.620000000000000000e+02 1.000000000000000000e+00
