-4.000000000000000000e+00 4.000000000000000000e+00
-3.000000000000000000e+00 1.000000000000000000e+00
-2.000000000000000000e+00 2.100000000000000000e+01
-1.000000000000000000e+00 6.000000000000000000e+01
0.000000000000000000e+00 1.382000000000000000e+03
1.000000000000000000e+00 1.230000000000000000e+02
2.000000000000000000e+00 1.570000000000000000e+02
3.000000000000000000e+00 2.540000000000000000e+02
4.000000000000000000e+00 1.270000000000000000e+03
5.000000000000000000e+00 9.609000000000000000e+03
6.000000000000000000e+00 6.832200000000000000e+04
7.000000000000000000e+00 1.194690000000000000e+05
8.000000000000000000e+00 1.435990000000000000e+05
9.000000000000000000e+00 1.697520000000000000e+05
1.000000000000000000e+01 1.960610000000000000e+05
1.100000000000000000e+01 2.138080000000000000e+05
1.200000000000000000e+01 2.268910000000000000e+05
1.300000000000000000e+01 2.341150000000000000e+05
1.400000000000000000e+01 2.473630000000000000e+05
1.500000000000000000e+01 2.615670000000000000e+05
1.600000000000000000e+01 2.852040000000000000e+05
1.700000000000000000e+01 3.228820000000000000e+05
1.800000000000000000e+01 3.718720000000000000e+05
1.900000000000000000e+01 4.360180000000000000e+05
2.000000000000000000e+01 5.130740000000000000e+05
2.100000000000000000e+01 6.062120000000000000e+05
2.200000000000000000e+01 7.079400000000000000e+05
2.300000000000000000e+01 8.003400000000000000e+05
2.400000000000000000e+01 8.751980000000000000e+05
2.500000000000000000e+01 9.055370000000000000e+05
2.600000000000000000e+01 8.963120000000000000e+05
2.700000000000000000e+01 8.562650000000000000e+05
2.800000000000000000e+01 7.996450000000000000e+05
2.900000000000000000e+01 7.385460000000000000e+05
3.000000000000000000e+01 6.754310000000000000e+05
3.100000000000000000e+01 6.186730000000000000e+05
3.200000000000000000e+01 5.682860000000000000e+05
3.300000000000000000e+01 5.225500000000000000e+05
3.400000000000000000e+01 4.800280000000000000e+05
3.500000000000000000e+01 4.456400000000000000e+05
3.600000000000000000e+01 4.088050000000000000e+05
3.700000000000000000e+01 3.751440000000000000e+05
3.800000000000000000e+01 3.431850000000000000e+05
3.900000000000000000e+01 3.119680000000000000e+05
4.000000000000000000e+01 2.798510000000000000e+05
4.100000000000000000e+01 2.482620000000000000e+05
4.200000000000000000e+01 2.175760000000000000e+05
4.300000000000000000e+01 1.859090000000000000e+05
4.400000000000000000e+01 1.550840000000000000e+05
4.500000000000000000e+01 1.259780000000000000e+05
4.600000000000000000e+01 9.874100000000000000e+04
4.700000000000000000e+01 7.522900000000000000e+04
4.800000000000000000e+01 5.440700000000000000e+04
4.900000000000000000e+01 3.730200000000000000e+04
5.000000000000000000e+01 2.439700000000000000e+04
5.100000000000000000e+01 1.525400000000000000e+04
5.200000000000000000e+01 9.083000000000000000e+03
5.300000000000000000e+01 5.212000000000000000e+03
5.400000000000000000e+01 2.724000000000000000e+03
5.500000000000000000e+01 1.483000000000000000e+03
5.600000000000000000e+01 6.930000000000000000e+02
5.700000000000000000e+01 4.110000000000000000e+02
5.800000000000000000e+01 2.070000000000000000e+02
5.900000000000000000e+01 1.460000000000000000e+02
6.000000000000000000e+01 7.700000000000000000e+01
6.100000000000000000e+01 6.900000000000000000e+01
6.200000000000000000e+01 2.800000000000000000e+01
6.300000000000000000e+01 5.100000000000000000e+01
6.400000000000000000e+01 1.900000000000000000e+01
6.500000000000000000e+01 3.600000000000000000e+01
6.600000000000000000e+01 2.400000000000000000e+01
6.700000000000000000e+01 2.000000000000000000e+01
6.800000000000000000e+01 2.800000000000000000e+01
6.900000000000000000e+01 1.500000000000000000e+01
7.000000000000000000e+01 1.400000000000000000e+01
7.100000000000000000e+01 1.700000000000000000e+01
7.200000000000000000e+01 2.000000000000000000e+01
7.300000000000000000e+01 1.600000000000000000e+01
7.400000000000000000e+01 1.300000000000000000e+01
7.500000000000000000e+01 3.000000000000000000e+00
7.600000000000000000e+01 1.500000000000000000e+01
7.700000000000000000e+01 6.000000000000000000e+00
7.800000000000000000e+01 1.100000000000000000e+01
7.900000000000000000e+01 1.000000000000000000e+00
8.000000000000000000e+01 1.100000000000000000e+01
8.100000000000000000e+01 5.000000000000000000e+00
8.200000000000000000e+01 1.000000000000000000e+01
8.300000000000000000e+01 4.000000000000000000e+00
8.400000000000000000e+01 4.000000000000000000e+00
8.500000000000000000e+01 2.000000000000000000e+00
8.600000000000000000e+01 3.000000000000000000e+00
8.700000000000000000e+01 7.000000000000000000e+00
8.800000000000000000e+01 4.000000000000000000e+00
8.900000000000000000e+01 5.000000000000000000e+00
9.000000000000000000e+01 1.000000000000000000e+00
9.100000000000000000e+01 1.000000000000000000e+00
9.200000000000000000e+01 3.000000000000000000e+00
9.300000000000000000e+01 2.000000000000000000e+00
9.400000000000000000e+01 1.000000000000000000e+00
9.500000000000000000e+01 3.000000000000000000e+00
9.600000000000000000e+01 1.000000000000000000e+00
9.800000000000000000e+01 1.000000000000000000e+00
9.900000000000000000e+01 1.000000000000000000e+00
1.010000000000000000e+02 2.000000000000000000e+00
1.020000000000000000e+02 1.000000000000000000e+00
1.030000000000000000e+02 1.000000000000000000e+00
1.050000000000000000e+02 1.000000000000000000e+00
1.070000000000000000e+02 1.000000000000000000e+00
1.090000000000000000e+02 1.000000000000000000e+00
1.150000000000000000e+02 1.000000000000000000e+00
1.270000000000000000e+02 1.000000000000000000e+00
1.390000000000000000e+02 1.000000000000000000e+00
1.610000000000000000e+02 1.000000000000000000e+00
2.180000000000000000e+02 1.000000000000000000e+00
2.270000000000000000e+02 1.000000000000000000e+00
2.530000000000000000e+02 1.000000000000000000e+00
2.550000000000000000e+02 1.000000000000000000e+00
2.770000000000000000e+02 1.000000000000000000e+00
2.780000000000000000e+02 1.000000000000000000e+00
4.770000000000000000e+02 1.000000000000000000e+00
8.220000000000000000e+02 1.000000000000000000e+00
1.231000000000000000e+03 1.000000000000000000e+00
1.381000000000000000e+03 1.000000000000000000e+00
