-4.000000000000000000e+00 6.000000000000000000e+00
-3.000000000000000000e+00 1.000000000000000000e+00
-2.000000000000000000e+00 7.000000000000000000e+00
-1.000000000000000000e+00 3.200000000000000000e+01
0.000000000000000000e+00 1.330000000000000000e+03
1.000000000000000000e+00 6.900000000000000000e+01
2.000000000000000000e+00 8.000000000000000000e+01
3.000000000000000000e+00 1.750000000000000000e+02
4.000000000000000000e+00 1.011000000000000000e+03
5.000000000000000000e+00 6.700000000000000000e+03
6.000000000000000000e+00 4.371400000000000000e+04
7.000000000000000000e+00 7.467600000000000000e+04
8.000000000000000000e+00 8.697300000000000000e+04
9.000000000000000000e+00 9.778800000000000000e+04
1.000000000000000000e+01 1.072270000000000000e+05
1.100000000000000000e+01 1.111660000000000000e+05
1.200000000000000000e+01 1.116370000000000000e+05
1.300000000000000000e+01 1.169260000000000000e+05
1.400000000000000000e+01 1.275940000000000000e+05
1.500000000000000000e+01 1.478870000000000000e+05
1.600000000000000000e+01 1.810780000000000000e+05
1.700000000000000000e+01 2.302580000000000000e+05
1.800000000000000000e+01 2.954110000000000000e+05
1.900000000000000000e+01 3.708610000000000000e+05
2.000000000000000000e+01 4.605350000000000000e+05
2.100000000000000000e+01 5.574310000000000000e+05
2.200000000000000000e+01 6.599760000000000000e+05
2.300000000000000000e+01 7.497260000000000000e+05
2.400000000000000000e+01 8.239910000000000000e+05
2.500000000000000000e+01 8.611080000000000000e+05
2.600000000000000000e+01 8.554920000000000000e+05
2.700000000000000000e+01 8.167740000000000000e+05
2.800000000000000000e+01 7.553490000000000000e+05
2.900000000000000000e+01 6.800380000000000000e+05
3.000000000000000000e+01 5.998880000000000000e+05
3.100000000000000000e+01 5.176960000000000000e+05
3.200000000000000000e+01 4.403020000000000000e+05
3.300000000000000000e+01 3.648570000000000000e+05
3.400000000000000000e+01 2.956100000000000000e+05
3.500000000000000000e+01 2.312670000000000000e+05
3.600000000000000000e+01 1.726760000000000000e+05
3.700000000000000000e+01 1.228360000000000000e+05
3.800000000000000000e+01 8.273100000000000000e+04
3.900000000000000000e+01 5.242500000000000000e+04
4.000000000000000000e+01 3.065900000000000000e+04
4.100000000000000000e+01 1.662900000000000000e+04
4.200000000000000000e+01 8.211000000000000000e+03
4.300000000000000000e+01 3.810000000000000000e+03
4.400000000000000000e+01 1.632000000000000000e+03
4.500000000000000000e+01 6.720000000000000000e+02
4.600000000000000000e+01 3.160000000000000000e+02
4.700000000000000000e+01 1.280000000000000000e+02
4.800000000000000000e+01 8.000000000000000000e+01
4.900000000000000000e+01 7.300000000000000000e+01
5.000000000000000000e+01 3.500000000000000000e+01
5.100000000000000000e+01 4.100000000000000000e+01
5.200000000000000000e+01 2.600000000000000000e+01
5.300000000000000000e+01 3.700000000000000000e+01
5.400000000000000000e+01 2.300000000000000000e+01
5.500000000000000000e+01 3.600000000000000000e+01
5.600000000000000000e+01 1.700000000000000000e+01
5.700000000000000000e+01 3.000000000000000000e+01
5.800000000000000000e+01 8.000000000000000000e+00
5.900000000000000000e+01 1.800000000000000000e+01
6.000000000000000000e+01 8.000000000000000000e+00
6.100000000000000000e+01 2.000000000000000000e+01
6.200000000000000000e+01 1.100000000000000000e+01
6.300000000000000000e+01 1.200000000000000000e+01
6.400000000000000000e+01 1.200000000000000000e+01
6.500000000000000000e+01 7.000000000000000000e+00
6.600000000000000000e+01 9.000000000000000000e+00
6.700000000000000000e+01 1.200000000000000000e+01
6.800000000000000000e+01 4.000000000000000000e+00
6.900000000000000000e+01 5.000000000000000000e+00
7.000000000000000000e+01 3.000000000000000000e+00
7.100000000000000000e+01 6.000000000000000000e+00
7.200000000000000000e+01 4.000000000000000000e+00
7.300000000000000000e+01 1.000000000000000000e+00
7.400000000000000000e+01 4.000000000000000000e+00
7.500000000000000000e+01 1.000000000000000000e+00
7.600000000000000000e+01 2.000000000000000000e+00
7.700000000000000000e+01 1.000000000000000000e+00
7.800000000000000000e+01 2.000000000000000000e+00
8.000000000000000000e+01 1.000000000000000000e+00
9.000000000000000000e+01 1.000000000000000000e+00
9.900000000000000000e+01 1.000000000000000000e+00
1.200000000000000000e+02 1.000000000000000000e+00
1.250000000000000000e+02 1.000000000000000000e+00
1.270000000000000000e+02 1.000000000000000000e+00
1.560000000000000000e+02 1.000000000000000000e+00
1.810000000000000000e+02 1.000000000000000000e+00
1.880000000000000000e+02 1.000000000000000000e+00
2.190000000000000000e+02 1.000000000000000000e+00
2.380000000000000000e+02 1.000000000000000000e+00
2.870000000000000000e+02 1.000000000000000000e+00
3.370000000000000000e+02 1.000000000000000000e+00
