-4.000000000000000000e+00 4.000000000000000000e+00
-3.000000000000000000e+00 2.000000000000000000e+00
-2.000000000000000000e+00 8.000000000000000000e+00
-1.000000000000000000e+00 3.500000000000000000e+01
0.000000000000000000e+00 1.360000000000000000e+03
1.000000000000000000e+00 1.010000000000000000e+02
2.000000000000000000e+00 1.080000000000000000e+02
3.000000000000000000e+00 1.780000000000000000e+02
4.000000000000000000e+00 9.930000000000000000e+02
5.000000000000000000e+00 4.842000000000000000e+03
6.000000000000000000e+00 2.665300000000000000e+04
7.000000000000000000e+00 4.913500000000000000e+04
8.000000000000000000e+00 6.921300000000000000e+04
9.000000000000000000e+00 9.938000000000000000e+04
1.000000000000000000e+01 1.395710000000000000e+05
1.100000000000000000e+01 1.926400000000000000e+05
1.200000000000000000e+01 2.641670000000000000e+05
1.300000000000000000e+01 3.617640000000000000e+05
1.400000000000000000e+01 4.875740000000000000e+05
1.500000000000000000e+01 6.443320000000000000e+05
1.600000000000000000e+01 8.386730000000000000e+05
1.700000000000000000e+01 1.082254000000000000e+06
1.800000000000000000e+01 1.348064000000000000e+06
1.900000000000000000e+01 1.612920000000000000e+06
2.000000000000000000e+01 1.852745000000000000e+06
2.100000000000000000e+01 2.055505000000000000e+06
2.200000000000000000e+01 2.196585000000000000e+06
2.300000000000000000e+01 2.231103000000000000e+06
2.400000000000000000e+01 2.161911000000000000e+06
2.500000000000000000e+01 1.963703000000000000e+06
2.600000000000000000e+01 1.675540000000000000e+06
2.700000000000000000e+01 1.332416000000000000e+06
2.800000000000000000e+01 9.709330000000000000e+05
2.900000000000000000e+01 6.414150000000000000e+05
3.000000000000000000e+01 3.770500000000000000e+05
3.100000000000000000e+01 1.968350000000000000e+05
3.200000000000000000e+01 9.090100000000000000e+04
3.300000000000000000e+01 3.795200000000000000e+04
3.400000000000000000e+01 1.492900000000000000e+04
3.500000000000000000e+01 5.659000000000000000e+03
3.600000000000000000e+01 1.949000000000000000e+03
3.700000000000000000e+01 8.060000000000000000e+02
3.800000000000000000e+01 3.790000000000000000e+02
3.900000000000000000e+01 1.370000000000000000e+02
4.000000000000000000e+01 1.550000000000000000e+02
4.100000000000000000e+01 1.040000000000000000e+02
4.200000000000000000e+01 9.100000000000000000e+01
4.300000000000000000e+01 7.800000000000000000e+01
4.400000000000000000e+01 9.300000000000000000e+01
4.500000000000000000e+01 7.600000000000000000e+01
4.600000000000000000e+01 8.600000000000000000e+01
4.700000000000000000e+01 8.200000000000000000e+01
4.800000000000000000e+01 3.300000000000000000e+01
4.900000000000000000e+01 8.900000000000000000e+01
5.000000000000000000e+01 2.400000000000000000e+01
5.100000000000000000e+01 7.600000000000000000e+01
5.200000000000000000e+01 2.100000000000000000e+01
5.300000000000000000e+01 5.900000000000000000e+01
5.400000000000000000e+01 2.100000000000000000e+01
5.500000000000000000e+01 3.100000000000000000e+01
5.600000000000000000e+01 1.300000000000000000e+01
5.700000000000000000e+01 2.700000000000000000e+01
5.800000000000000000e+01 1.300000000000000000e+01
5.900000000000000000e+01 2.200000000000000000e+01
6.000000000000000000e+01 8.000000000000000000e+00
6.100000000000000000e+01 1.200000000000000000e+01
6.200000000000000000e+01 5.000000000000000000e+00
6.300000000000000000e+01 2.000000000000000000e+00
6.400000000000000000e+01 2.000000000000000000e+00
6.500000000000000000e+01 6.000000000000000000e+00
6.600000000000000000e+01 2.000000000000000000e+00
6.800000000000000000e+01 1.000000000000000000e+00
6.900000000000000000e+01 1.000000000000000000e+00
7.000000000000000000e+01 2.000000000000000000e+00
7.200000000000000000e+01 2.000000000000000000e+00
7.300000000000000000e+01 1.000000000000000000e+00
7.400000000000000000e+01 1.000000000000000000e+00
7.500000000000000000e+01 1.000000000000000000e+00
8.100000000000000000e+01 1.000000000000000000e+00
8.300000000000000000e+01 1.000000000000000000e+00
8.500000000000000000e+01 1.000000000000000000e+00
8.600000000000000000e+01 1.000000000000000000e+00
9.100000000000000000e+01 1.000000000000000000e+00
1.050000000000000000e+02 1.000000000000000000e+00
1.110000000000000000e+02 1.000000000000000000e+00
1.130000000000000000e+02 1.000000000000000000e+00
1.170000000000000000e+02 1.000000000000000000e+00
1.550000000000000000e+02 1.000000000000000000e+00
1.840000000000000000e+02 1.000000000000000000e+00
1.850000000000000000e+02 1.000000000000000000e+00
1.870000000000000000e+02 1.000000000000000000e+00
1.960000000000000000e+02 1.000000000000000000e+00
2.080000000000000000e+02 1.000000000000000000e+00
2.090000000000000000e+02 1.000000000000000000e+00
2.440000000000000000e+02 1.000000000000000000e+00
2.590000000000000000e+02 1.000000000000000000e+00
2.790000000000000000e+02 2.000000000000000000e+00
2.860000000000000000e+02 1.000000000000000000e+00
3.300000000000000000e+02 1.000000000000000000e+00
3.360000000000000000e+02 1.000000000000000000e+00
3.450000000000000000e+02 1.000000000000000000e+00
4.480000000000000000e+02 1.000000000000000000e+00
4.880000000000000000e+02 1.000000000000000000e+00
6.680000000000000000e+02 1.000000000000000000e+00
1.195000000000000000e+03 1.000000000000000000e+00
1.367000000000000000e+03 1.000000000000000000e+00
