-4.000000000000000000e+00 5.000000000000000000e+00
-3.000000000000000000e+00 6.000000000000000000e+00
-2.000000000000000000e+00 1.600000000000000000e+01
-1.000000000000000000e+00 4.000000000000000000e+01
0.000000000000000000e+00 1.366000000000000000e+03
1.000000000000000000e+00 1.360000000000000000e+02
2.000000000000000000e+00 1.730000000000000000e+02
3.000000000000000000e+00 2.820000000000000000e+02
4.000000000000000000e+00 1.553000000000000000e+03
5.000000000000000000e+00 1.105000000000000000e+04
6.000000000000000000e+00 7.623700000000000000e+04
7.000000000000000000e+00 1.319150000000000000e+05
8.000000000000000000e+00 1.587810000000000000e+05
9.000000000000000000e+00 1.890570000000000000e+05
1.000000000000000000e+01 2.177780000000000000e+05
1.100000000000000000e+01 2.373520000000000000e+05
1.200000000000000000e+01 2.498880000000000000e+05
1.300000000000000000e+01 2.579760000000000000e+05
1.400000000000000000e+01 2.674260000000000000e+05
1.500000000000000000e+01 2.789400000000000000e+05
1.600000000000000000e+01 2.985170000000000000e+05
1.700000000000000000e+01 3.306300000000000000e+05
1.800000000000000000e+01 3.762920000000000000e+05
1.900000000000000000e+01 4.331900000000000000e+05
2.000000000000000000e+01 5.093050000000000000e+05
2.100000000000000000e+01 6.019870000000000000e+05
2.200000000000000000e+01 7.067310000000000000e+05
2.300000000000000000e+01 8.032860000000000000e+05
2.400000000000000000e+01 8.833170000000000000e+05
2.500000000000000000e+01 9.258600000000000000e+05
2.600000000000000000e+01 9.228270000000000000e+05
2.700000000000000000e+01 8.886000000000000000e+05
2.800000000000000000e+01 8.383120000000000000e+05
2.900000000000000000e+01 7.845390000000000000e+05
3.000000000000000000e+01 7.289220000000000000e+05
3.100000000000000000e+01 6.742820000000000000e+05
3.200000000000000000e+01 6.268150000000000000e+05
3.300000000000000000e+01 5.816660000000000000e+05
3.400000000000000000e+01 5.413340000000000000e+05
3.500000000000000000e+01 5.048270000000000000e+05
3.600000000000000000e+01 4.692940000000000000e+05
3.700000000000000000e+01 4.351560000000000000e+05
3.800000000000000000e+01 3.992050000000000000e+05
3.900000000000000000e+01 3.655560000000000000e+05
4.000000000000000000e+01 3.315940000000000000e+05
4.100000000000000000e+01 2.939940000000000000e+05
4.200000000000000000e+01 2.591390000000000000e+05
4.300000000000000000e+01 2.223180000000000000e+05
4.400000000000000000e+01 1.863940000000000000e+05
4.500000000000000000e+01 1.511050000000000000e+05
4.600000000000000000e+01 1.202430000000000000e+05
4.700000000000000000e+01 9.064500000000000000e+04
4.800000000000000000e+01 6.606900000000000000e+04
4.900000000000000000e+01 4.608500000000000000e+04
5.000000000000000000e+01 2.986300000000000000e+04
5.100000000000000000e+01 1.875700000000000000e+04
5.200000000000000000e+01 1.157000000000000000e+04
5.300000000000000000e+01 6.393000000000000000e+03
5.400000000000000000e+01 3.476000000000000000e+03
5.500000000000000000e+01 1.851000000000000000e+03
5.600000000000000000e+01 1.030000000000000000e+03
5.700000000000000000e+01 5.130000000000000000e+02
5.800000000000000000e+01 2.600000000000000000e+02
5.900000000000000000e+01 1.760000000000000000e+02
6.000000000000000000e+01 8.500000000000000000e+01
6.100000000000000000e+01 7.200000000000000000e+01
6.200000000000000000e+01 4.500000000000000000e+01
6.300000000000000000e+01 5.800000000000000000e+01
6.400000000000000000e+01 2.700000000000000000e+01
6.500000000000000000e+01 3.000000000000000000e+01
6.600000000000000000e+01 2.800000000000000000e+01
6.700000000000000000e+01 2.600000000000000000e+01
6.800000000000000000e+01 2.800000000000000000e+01
6.900000000000000000e+01 2.200000000000000000e+01
7.000000000000000000e+01 1.900000000000000000e+01
7.100000000000000000e+01 2.000000000000000000e+01
7.200000000000000000e+01 1.500000000000000000e+01
7.300000000000000000e+01 1.200000000000000000e+01
7.400000000000000000e+01 1.200000000000000000e+01
7.500000000000000000e+01 7.000000000000000000e+00
7.600000000000000000e+01 1.600000000000000000e+01
7.700000000000000000e+01 3.000000000000000000e+00
7.800000000000000000e+01 5.000000000000000000e+00
7.900000000000000000e+01 7.000000000000000000e+00
8.000000000000000000e+01 1.000000000000000000e+01
8.100000000000000000e+01 7.000000000000000000e+00
8.200000000000000000e+01 1.000000000000000000e+01
8.300000000000000000e+01 2.000000000000000000e+00
8.400000000000000000e+01 3.000000000000000000e+00
8.500000000000000000e+01 2.000000000000000000e+00
8.600000000000000000e+01 4.000000000000000000e+00
8.700000000000000000e+01 8.000000000000000000e+00
8.800000000000000000e+01 4.000000000000000000e+00
8.900000000000000000e+01 7.000000000000000000e+00
9.000000000000000000e+01 7.000000000000000000e+00
9.100000000000000000e+01 2.000000000000000000e+00
9.200000000000000000e+01 3.000000000000000000e+00
9.300000000000000000e+01 2.000000000000000000e+00
9.400000000000000000e+01 2.000000000000000000e+00
9.500000000000000000e+01 1.000000000000000000e+00
9.600000000000000000e+01 1.000000000000000000e+00
9.700000000000000000e+01 1.000000000000000000e+00
1.010000000000000000e+02 1.000000000000000000e+00
1.020000000000000000e+02 1.000000000000000000e+00
1.030000000000000000e+02 3.000000000000000000e+00
1.050000000000000000e+02 1.000000000000000000e+00
1.060000000000000000e+02 1.000000000000000000e+00
1.070000000000000000e+02 1.000000000000000000e+00
1.080000000000000000e+02 1.000000000000000000e+00
1.180000000000000000e+02 1.000000000000000000e+00
1.580000000000000000e+02 1.000000000000000000e+00
1.610000000000000000e+02 1.000000000000000000e+00
1.660000000000000000e+02 1.000000000000000000e+00
2.150000000000000000e+02 1.000000000000000000e+00
2.260000000000000000e+02 1.000000000000000000e+00
2.960000000000000000e+02 1.000000000000000000e+00
2.990000000000000000e+02 1.000000000000000000e+00
