-4.000000000000000000e+00 2.000000000000000000e+00
-3.000000000000000000e+00 2.000000000000000000e+00
-2.000000000000000000e+00 5.000000000000000000e+00
-1.000000000000000000e+00 2.200000000000000000e+01
0.000000000000000000e+00 1.349000000000000000e+03
1.000000000000000000e+00 6.600000000000000000e+01
2.000000000000000000e+00 8.900000000000000000e+01
3.000000000000000000e+00 1.390000000000000000e+02
4.000000000000000000e+00 7.150000000000000000e+02
5.000000000000000000e+00 4.164000000000000000e+03
6.000000000000000000e+00 2.422000000000000000e+04
7.000000000000000000e+00 4.619500000000000000e+04
8.000000000000000000e+00 6.509000000000000000e+04
9.000000000000000000e+00 9.393000000000000000e+04
1.000000000000000000e+01 1.330480000000000000e+05
1.100000000000000000e+01 1.845070000000000000e+05
1.200000000000000000e+01 2.533520000000000000e+05
1.300000000000000000e+01 3.436870000000000000e+05
1.400000000000000000e+01 4.567490000000000000e+05
1.500000000000000000e+01 5.978630000000000000e+05
1.600000000000000000e+01 7.672480000000000000e+05
1.700000000000000000e+01 9.724890000000000000e+05
1.800000000000000000e+01 1.190730000000000000e+06
1.900000000000000000e+01 1.399196000000000000e+06
2.000000000000000000e+01 1.560121000000000000e+06
2.100000000000000000e+01 1.644336000000000000e+06
2.200000000000000000e+01 1.605853000000000000e+06
2.300000000000000000e+01 1.435535000000000000e+06
2.400000000000000000e+01 1.151738000000000000e+06
2.500000000000000000e+01 8.003530000000000000e+05
2.600000000000000000e+01 4.792500000000000000e+05
2.700000000000000000e+01 2.508080000000000000e+05
2.800000000000000000e+01 1.201730000000000000e+05
2.900000000000000000e+01 5.634500000000000000e+04
3.000000000000000000e+01 2.669300000000000000e+04
3.100000000000000000e+01 1.298300000000000000e+04
3.200000000000000000e+01 5.881000000000000000e+03
3.300000000000000000e+01 2.366000000000000000e+03
3.400000000000000000e+01 9.550000000000000000e+02
3.500000000000000000e+01 3.840000000000000000e+02
3.600000000000000000e+01 1.670000000000000000e+02
3.700000000000000000e+01 9.500000000000000000e+01
3.800000000000000000e+01 9.700000000000000000e+01
3.900000000000000000e+01 3.300000000000000000e+01
4.000000000000000000e+01 6.500000000000000000e+01
4.100000000000000000e+01 5.000000000000000000e+01
4.200000000000000000e+01 4.400000000000000000e+01
4.300000000000000000e+01 4.700000000000000000e+01
4.400000000000000000e+01 3.600000000000000000e+01
4.500000000000000000e+01 4.000000000000000000e+01
4.600000000000000000e+01 4.500000000000000000e+01
4.700000000000000000e+01 2.400000000000000000e+01
4.800000000000000000e+01 1.900000000000000000e+01
4.900000000000000000e+01 3.200000000000000000e+01
5.000000000000000000e+01 4.000000000000000000e+00
5.100000000000000000e+01 1.400000000000000000e+01
5.200000000000000000e+01 6.000000000000000000e+00
5.300000000000000000e+01 1.600000000000000000e+01
5.400000000000000000e+01 4.000000000000000000e+00
5.500000000000000000e+01 1.200000000000000000e+01
5.600000000000000000e+01 4.000000000000000000e+00
5.700000000000000000e+01 3.000000000000000000e+00
5.800000000000000000e+01 4.000000000000000000e+00
5.900000000000000000e+01 7.000000000000000000e+00
6.000000000000000000e+01 4.000000000000000000e+00
6.100000000000000000e+01 1.000000000000000000e+00
6.200000000000000000e+01 1.000000000000000000e+00
6.300000000000000000e+01 1.000000000000000000e+00
6.400000000000000000e+01 3.000000000000000000e+00
6.600000000000000000e+01 2.000000000000000000e+00
7.100000000000000000e+01 1.000000000000000000e+00
7.500000000000000000e+01 1.000000000000000000e+00
7.800000000000000000e+01 1.000000000000000000e+00
7.900000000000000000e+01 1.000000000000000000e+00
8.100000000000000000e+01 1.000000000000000000e+00
8.200000000000000000e+01 2.000000000000000000e+00
8.900000000000000000e+01 1.000000000000000000e+00
9.000000000000000000e+01 1.000000000000000000e+00
9.400000000000000000e+01 2.000000000000000000e+00
9.700000000000000000e+01 1.000000000000000000e+00
9.900000000000000000e+01 1.000000000000000000e+00
1.050000000000000000e+02 1.000000000000000000e+00
1.060000000000000000e+02 1.000000000000000000e+00
1.160000000000000000e+02 1.000000000000000000e+00
1.310000000000000000e+02 1.000000000000000000e+00
1.390000000000000000e+02 1.000000000000000000e+00
1.480000000000000000e+02 1.000000000000000000e+00
1.490000000000000000e+02 2.000000000000000000e+00
1.540000000000000000e+02 1.000000000000000000e+00
1.620000000000000000e+02 1.000000000000000000e+00
1.640000000000000000e+02 1.000000000000000000e+00
1.660000000000000000e+02 1.000000000000000000e+00
1.700000000000000000e+02 1.000000000000000000e+00
1.780000000000000000e+02 1.000000000000000000e+00
1.850000000000000000e+02 1.000000000000000000e+00
1.900000000000000000e+02 1.000000000000000000e+00
1.990000000000000000e+02 1.000000000000000000e+00
2.050000000000000000e+02 1.000000000000000000e+00
2.060000000000000000e+02 1.000000000000000000e+00
2.140000000000000000e+02 1.000000000000000000e+00
2.370000000000000000e+02 1.000000000000000000e+00
4.260000000000000000e+02 1.000000000000000000e+00
4.520000000000000000e+02 1.000000000000000000e+00
4.840000000000000000e+02 1.000000000000000000e+00
6.160000000000000000e+02 1.000000000000000000e+00
8.100000000000000000e+02 1.000000000000000000e+00
8.270000000000000000e+02 1.000000000000000000e+00
1.008000000000000000e+03 1.000000000000000000e+00
1.280000000000000000e+03 1.000000000000000000e+00
1.890000000000000000e+03 1.000000000000000000e+00
2.375000000000000000e+03 1.000000000000000000e+00
7.181000000000000000e+03 1.000000000000000000e+00
