-4.000000000000000000e+00 6.000000000000000000e+00
-3.000000000000000000e+00 3.000000000000000000e+00
-2.000000000000000000e+00 1.000000000000000000e+01
-1.000000000000000000e+00 4.200000000000000000e+01
0.000000000000000000e+00 1.368000000000000000e+03
1.000000000000000000e+00 1.180000000000000000e+02
2.000000000000000000e+00 1.280000000000000000e+02
3.000000000000000000e+00 2.170000000000000000e+02
4.000000000000000000e+00 1.152000000000000000e+03
5.000000000000000000e+00 8.574000000000000000e+03
6.000000000000000000e+00 5.941800000000000000e+04
7.000000000000000000e+00 1.004560000000000000e+05
8.000000000000000000e+00 1.172260000000000000e+05
9.000000000000000000e+00 1.340620000000000000e+05
1.000000000000000000e+01 1.477170000000000000e+05
1.100000000000000000e+01 1.550590000000000000e+05
1.200000000000000000e+01 1.592590000000000000e+05
1.300000000000000000e+01 1.687750000000000000e+05
1.400000000000000000e+01 1.900890000000000000e+05
1.500000000000000000e+01 2.254070000000000000e+05
1.600000000000000000e+01 2.818160000000000000e+05
1.700000000000000000e+01 3.602410000000000000e+05
1.800000000000000000e+01 4.579960000000000000e+05
1.900000000000000000e+01 5.764770000000000000e+05
2.000000000000000000e+01 7.083520000000000000e+05
2.100000000000000000e+01 8.545950000000000000e+05
2.200000000000000000e+01 1.000803000000000000e+06
2.300000000000000000e+01 1.128828000000000000e+06
2.400000000000000000e+01 1.227499000000000000e+06
2.500000000000000000e+01 1.269718000000000000e+06
2.600000000000000000e+01 1.254326000000000000e+06
2.700000000000000000e+01 1.185824000000000000e+06
2.800000000000000000e+01 1.085931000000000000e+06
2.900000000000000000e+01 9.684270000000000000e+05
3.000000000000000000e+01 8.412050000000000000e+05
3.100000000000000000e+01 7.179060000000000000e+05
3.200000000000000000e+01 6.003490000000000000e+05
3.300000000000000000e+01 4.935910000000000000e+05
3.400000000000000000e+01 3.959660000000000000e+05
3.500000000000000000e+01 3.057090000000000000e+05
3.600000000000000000e+01 2.274990000000000000e+05
3.700000000000000000e+01 1.603080000000000000e+05
3.800000000000000000e+01 1.065950000000000000e+05
3.900000000000000000e+01 6.659800000000000000e+04
4.000000000000000000e+01 3.915800000000000000e+04
4.100000000000000000e+01 2.113200000000000000e+04
4.200000000000000000e+01 1.045000000000000000e+04
4.300000000000000000e+01 4.725000000000000000e+03
4.400000000000000000e+01 2.129000000000000000e+03
4.500000000000000000e+01 9.590000000000000000e+02
4.600000000000000000e+01 4.600000000000000000e+02
4.700000000000000000e+01 2.240000000000000000e+02
4.800000000000000000e+01 1.030000000000000000e+02
4.900000000000000000e+01 1.190000000000000000e+02
5.000000000000000000e+01 3.600000000000000000e+01
5.100000000000000000e+01 8.100000000000000000e+01
5.200000000000000000e+01 5.600000000000000000e+01
5.300000000000000000e+01 6.500000000000000000e+01
5.400000000000000000e+01 2.900000000000000000e+01
5.500000000000000000e+01 6.300000000000000000e+01
5.600000000000000000e+01 2.900000000000000000e+01
5.700000000000000000e+01 5.400000000000000000e+01
5.800000000000000000e+01 1.000000000000000000e+01
5.900000000000000000e+01 3.700000000000000000e+01
6.000000000000000000e+01 1.700000000000000000e+01
6.100000000000000000e+01 3.500000000000000000e+01
6.200000000000000000e+01 1.600000000000000000e+01
6.300000000000000000e+01 3.600000000000000000e+01
6.400000000000000000e+01 2.300000000000000000e+01
6.500000000000000000e+01 2.400000000000000000e+01
6.600000000000000000e+01 1.900000000000000000e+01
6.700000000000000000e+01 1.000000000000000000e+01
6.800000000000000000e+01 1.400000000000000000e+01
6.900000000000000000e+01 1.200000000000000000e+01
7.000000000000000000e+01 8.000000000000000000e+00
7.100000000000000000e+01 3.000000000000000000e+00
7.200000000000000000e+01 4.000000000000000000e+00
7.300000000000000000e+01 3.000000000000000000e+00
7.400000000000000000e+01 8.000000000000000000e+00
7.500000000000000000e+01 1.000000000000000000e+00
7.600000000000000000e+01 5.000000000000000000e+00
7.700000000000000000e+01 3.000000000000000000e+00
7.800000000000000000e+01 5.000000000000000000e+00
7.900000000000000000e+01 1.000000000000000000e+00
8.000000000000000000e+01 2.000000000000000000e+00
8.100000000000000000e+01 3.000000000000000000e+00
8.600000000000000000e+01 1.000000000000000000e+00
1.200000000000000000e+02 1.000000000000000000e+00
1.280000000000000000e+02 1.000000000000000000e+00
1.410000000000000000e+02 1.000000000000000000e+00
2.030000000000000000e+02 1.000000000000000000e+00
4.050000000000000000e+02 1.000000000000000000e+00
4.451000000000000000e+03 1.000000000000000000e+00
