-4.000000000000000000e+00 5.000000000000000000e+00
-3.000000000000000000e+00 2.000000000000000000e+00
-2.000000000000000000e+00 8.000000000000000000e+00
-1.000000000000000000e+00 5.600000000000000000e+01
0.000000000000000000e+00 1.345000000000000000e+03
1.000000000000000000e+00 1.190000000000000000e+02
2.000000000000000000e+00 1.570000000000000000e+02
3.000000000000000000e+00 2.910000000000000000e+02
4.000000000000000000e+00 1.606000000000000000e+03
5.000000000000000000e+00 1.110000000000000000e+04
6.000000000000000000e+00 7.568100000000000000e+04
7.000000000000000000e+00 1.318040000000000000e+05
8.000000000000000000e+00 1.583830000000000000e+05
9.000000000000000000e+00 1.889370000000000000e+05
1.000000000000000000e+01 2.183620000000000000e+05
1.100000000000000000e+01 2.376910000000000000e+05
1.200000000000000000e+01 2.512760000000000000e+05
1.300000000000000000e+01 2.583540000000000000e+05
1.400000000000000000e+01 2.661160000000000000e+05
1.500000000000000000e+01 2.778670000000000000e+05
1.600000000000000000e+01 2.969180000000000000e+05
1.700000000000000000e+01 3.300330000000000000e+05
1.800000000000000000e+01 3.738830000000000000e+05
1.900000000000000000e+01 4.339310000000000000e+05
2.000000000000000000e+01 5.077450000000000000e+05
2.100000000000000000e+01 6.016610000000000000e+05
2.200000000000000000e+01 7.059830000000000000e+05
2.300000000000000000e+01 8.024670000000000000e+05
2.400000000000000000e+01 8.837230000000000000e+05
2.500000000000000000e+01 9.269560000000000000e+05
2.600000000000000000e+01 9.259880000000000000e+05
2.700000000000000000e+01 8.916450000000000000e+05
2.800000000000000000e+01 8.403240000000000000e+05
2.900000000000000000e+01 7.888880000000000000e+05
3.000000000000000000e+01 7.305260000000000000e+05
3.100000000000000000e+01 6.771290000000000000e+05
3.200000000000000000e+01 6.252720000000000000e+05
3.300000000000000000e+01 5.829090000000000000e+05
3.400000000000000000e+01 5.436920000000000000e+05
3.500000000000000000e+01 5.069100000000000000e+05
3.600000000000000000e+01 4.719870000000000000e+05
3.700000000000000000e+01 4.357050000000000000e+05
3.800000000000000000e+01 4.012910000000000000e+05
3.900000000000000000e+01 3.670340000000000000e+05
4.000000000000000000e+01 3.319290000000000000e+05
4.100000000000000000e+01 2.968930000000000000e+05
4.200000000000000000e+01 2.604030000000000000e+05
4.300000000000000000e+01 2.229220000000000000e+05
4.400000000000000000e+01 1.879800000000000000e+05
4.500000000000000000e+01 1.530310000000000000e+05
4.600000000000000000e+01 1.202530000000000000e+05
4.700000000000000000e+01 9.158500000000000000e+04
4.800000000000000000e+01 6.678300000000000000e+04
4.900000000000000000e+01 4.653900000000000000e+04
5.000000000000000000e+01 3.037200000000000000e+04
5.100000000000000000e+01 1.936200000000000000e+04
5.200000000000000000e+01 1.163100000000000000e+04
5.300000000000000000e+01 6.616000000000000000e+03
5.400000000000000000e+01 3.557000000000000000e+03
5.500000000000000000e+01 1.934000000000000000e+03
5.600000000000000000e+01 9.810000000000000000e+02
5.700000000000000000e+01 5.090000000000000000e+02
5.800000000000000000e+01 2.920000000000000000e+02
5.900000000000000000e+01 1.360000000000000000e+02
6.000000000000000000e+01 1.040000000000000000e+02
6.100000000000000000e+01 8.800000000000000000e+01
6.200000000000000000e+01 4.700000000000000000e+01
6.300000000000000000e+01 4.900000000000000000e+01
6.400000000000000000e+01 3.200000000000000000e+01
6.500000000000000000e+01 2.900000000000000000e+01
6.600000000000000000e+01 2.800000000000000000e+01
6.700000000000000000e+01 2.400000000000000000e+01
6.800000000000000000e+01 2.200000000000000000e+01
6.900000000000000000e+01 2.700000000000000000e+01
7.000000000000000000e+01 2.000000000000000000e+01
7.100000000000000000e+01 1.400000000000000000e+01
7.200000000000000000e+01 1.500000000000000000e+01
7.300000000000000000e+01 1.600000000000000000e+01
7.400000000000000000e+01 1.800000000000000000e+01
7.500000000000000000e+01 6.000000000000000000e+00
7.600000000000000000e+01 1.200000000000000000e+01
7.700000000000000000e+01 8.000000000000000000e+00
7.800000000000000000e+01 1.000000000000000000e+01
7.900000000000000000e+01 7.000000000000000000e+00
8.000000000000000000e+01 1.300000000000000000e+01
8.100000000000000000e+01 3.000000000000000000e+00
8.200000000000000000e+01 1.500000000000000000e+01
8.300000000000000000e+01 2.000000000000000000e+00
8.400000000000000000e+01 1.000000000000000000e+01
8.500000000000000000e+01 9.000000000000000000e+00
8.600000000000000000e+01 1.500000000000000000e+01
8.700000000000000000e+01 4.000000000000000000e+00
8.800000000000000000e+01 5.000000000000000000e+00
8.900000000000000000e+01 3.000000000000000000e+00
9.000000000000000000e+01 6.000000000000000000e+00
9.100000000000000000e+01 6.000000000000000000e+00
9.200000000000000000e+01 3.000000000000000000e+00
9.300000000000000000e+01 2.000000000000000000e+00
9.400000000000000000e+01 2.000000000000000000e+00
9.500000000000000000e+01 2.000000000000000000e+00
9.600000000000000000e+01 1.000000000000000000e+00
9.700000000000000000e+01 1.000000000000000000e+00
9.800000000000000000e+01 2.000000000000000000e+00
9.900000000000000000e+01 2.000000000000000000e+00
1.000000000000000000e+02 2.000000000000000000e+00
1.020000000000000000e+02 2.000000000000000000e+00
1.040000000000000000e+02 1.000000000000000000e+00
1.050000000000000000e+02 1.000000000000000000e+00
1.060000000000000000e+02 1.000000000000000000e+00
1.100000000000000000e+02 1.000000000000000000e+00
1.200000000000000000e+02 1.000000000000000000e+00
1.650000000000000000e+02 1.000000000000000000e+00
1.660000000000000000e+02 1.000000000000000000e+00
1.690000000000000000e+02 1.000000000000000000e+00
1.860000000000000000e+02 1.000000000000000000e+00
5.560000000000000000e+02 1.000000000000000000e+00
6.610000000000000000e+02 1.000000000000000000e+00
7.590000000000000000e+02 1.000000000000000000e+00
9.220000000000000000e+02 1.000000000000000000e+00
1.000000000000000000e+03 1.000000000000000000e+00
