-4.000000000000000000e+00 1.000000000000000000e+01
-3.000000000000000000e+00 1.000000000000000000e+00
-2.000000000000000000e+00 1.300000000000000000e+01
-1.000000000000000000e+00 6.100000000000000000e+01
0.000000000000000000e+00 1.351000000000000000e+03
1.000000000000000000e+00 1.190000000000000000e+02
2.000000000000000000e+00 1.300000000000000000e+02
3.000000000000000000e+00 2.380000000000000000e+02
4.000000000000000000e+00 1.222000000000000000e+03
5.000000000000000000e+00 8.555000000000000000e+03
6.000000000000000000e+00 6.029900000000000000e+04
7.000000000000000000e+00 1.023000000000000000e+05
8.000000000000000000e+00 1.190840000000000000e+05
9.000000000000000000e+00 1.352860000000000000e+05
1.000000000000000000e+01 1.494830000000000000e+05
1.100000000000000000e+01 1.565480000000000000e+05
1.200000000000000000e+01 1.611770000000000000e+05
1.300000000000000000e+01 1.710140000000000000e+05
1.400000000000000000e+01 1.934540000000000000e+05
1.500000000000000000e+01 2.278430000000000000e+05
1.600000000000000000e+01 2.847730000000000000e+05
1.700000000000000000e+01 3.634300000000000000e+05
1.800000000000000000e+01 4.657370000000000000e+05
1.900000000000000000e+01 5.842870000000000000e+05
2.000000000000000000e+01 7.179300000000000000e+05
2.100000000000000000e+01 8.631080000000000000e+05
2.200000000000000000e+01 1.013384000000000000e+06
2.300000000000000000e+01 1.143368000000000000e+06
2.400000000000000000e+01 1.243946000000000000e+06
2.500000000000000000e+01 1.287893000000000000e+06
2.600000000000000000e+01 1.272237000000000000e+06
2.700000000000000000e+01 1.205758000000000000e+06
2.800000000000000000e+01 1.103147000000000000e+06
2.900000000000000000e+01 9.828000000000000000e+05
3.000000000000000000e+01 8.536280000000000000e+05
3.100000000000000000e+01 7.296990000000000000e+05
3.200000000000000000e+01 6.084940000000000000e+05
3.300000000000000000e+01 5.006710000000000000e+05
3.400000000000000000e+01 4.012760000000000000e+05
3.500000000000000000e+01 3.114550000000000000e+05
3.600000000000000000e+01 2.309480000000000000e+05
3.700000000000000000e+01 1.616180000000000000e+05
3.800000000000000000e+01 1.084030000000000000e+05
3.900000000000000000e+01 6.803600000000000000e+04
4.000000000000000000e+01 3.984200000000000000e+04
4.100000000000000000e+01 2.134500000000000000e+04
4.200000000000000000e+01 1.083400000000000000e+04
4.300000000000000000e+01 4.841000000000000000e+03
4.400000000000000000e+01 2.198000000000000000e+03
4.500000000000000000e+01 9.550000000000000000e+02
4.600000000000000000e+01 4.230000000000000000e+02
4.700000000000000000e+01 2.010000000000000000e+02
4.800000000000000000e+01 1.160000000000000000e+02
4.900000000000000000e+01 1.050000000000000000e+02
5.000000000000000000e+01 5.400000000000000000e+01
5.100000000000000000e+01 8.800000000000000000e+01
5.200000000000000000e+01 3.800000000000000000e+01
5.300000000000000000e+01 7.100000000000000000e+01
5.400000000000000000e+01 2.900000000000000000e+01
5.500000000000000000e+01 5.500000000000000000e+01
5.600000000000000000e+01 2.500000000000000000e+01
5.700000000000000000e+01 5.700000000000000000e+01
5.800000000000000000e+01 2.200000000000000000e+01
5.900000000000000000e+01 3.800000000000000000e+01
6.000000000000000000e+01 1.500000000000000000e+01
6.100000000000000000e+01 3.000000000000000000e+01
6.200000000000000000e+01 1.000000000000000000e+01
6.300000000000000000e+01 2.700000000000000000e+01
6.400000000000000000e+01 1.400000000000000000e+01
6.500000000000000000e+01 2.300000000000000000e+01
6.600000000000000000e+01 1.100000000000000000e+01
6.700000000000000000e+01 1.200000000000000000e+01
6.800000000000000000e+01 1.200000000000000000e+01
6.900000000000000000e+01 6.000000000000000000e+00
7.000000000000000000e+01 4.000000000000000000e+00
7.100000000000000000e+01 1.300000000000000000e+01
7.200000000000000000e+01 5.000000000000000000e+00
7.300000000000000000e+01 5.000000000000000000e+00
7.400000000000000000e+01 6.000000000000000000e+00
7.500000000000000000e+01 1.000000000000000000e+00
7.600000000000000000e+01 5.000000000000000000e+00
7.700000000000000000e+01 3.000000000000000000e+00
7.800000000000000000e+01 6.000000000000000000e+00
7.900000000000000000e+01 2.000000000000000000e+00
8.000000000000000000e+01 1.000000000000000000e+00
8.200000000000000000e+01 3.000000000000000000e+00
8.300000000000000000e+01 1.000000000000000000e+00
8.500000000000000000e+01 1.000000000000000000e+00
9.500000000000000000e+01 1.000000000000000000e+00
9.600000000000000000e+01 1.000000000000000000e+00
1.150000000000000000e+02 1.000000000000000000e+00
1.360000000000000000e+02 1.000000000000000000e+00
1.660000000000000000e+02 1.000000000000000000e+00
1.950000000000000000e+02 1.000000000000000000e+00
3.360000000000000000e+02 1.000000000000000000e+00
4.100000000000000000e+02 1.000000000000000000e+00
4.880000000000000000e+02 1.000000000000000000e+00
7.530000000000000000e+02 1.000000000000000000e+00
1.402000000000000000e+03 1.000000000000000000e+00
