-4.000000000000000000e+00 2.000000000000000000e+00
-3.000000000000000000e+00 3.000000000000000000e+00
-2.000000000000000000e+00 9.000000000000000000e+00
-1.000000000000000000e+00 4.000000000000000000e+01
0.000000000000000000e+00 1.352000000000000000e+03
1.000000000000000000e+00 9.100000000000000000e+01
2.000000000000000000e+00 1.090000000000000000e+02
3.000000000000000000e+00 1.720000000000000000e+02
4.000000000000000000e+00 9.330000000000000000e+02
5.000000000000000000e+00 4.936000000000000000e+03
6.000000000000000000e+00 2.676100000000000000e+04
7.000000000000000000e+00 4.883200000000000000e+04
8.000000000000000000e+00 6.934500000000000000e+04
9.000000000000000000e+00 9.878800000000000000e+04
1.000000000000000000e+01 1.387560000000000000e+05
1.100000000000000000e+01 1.918590000000000000e+05
1.200000000000000000e+01 2.631630000000000000e+05
1.300000000000000000e+01 3.603640000000000000e+05
1.400000000000000000e+01 4.845970000000000000e+05
1.500000000000000000e+01 6.427800000000000000e+05
1.600000000000000000e+01 8.376270000000000000e+05
1.700000000000000000e+01 1.080247000000000000e+06
1.800000000000000000e+01 1.346791000000000000e+06
1.900000000000000000e+01 1.614418000000000000e+06
2.000000000000000000e+01 1.858908000000000000e+06
2.100000000000000000e+01 2.061968000000000000e+06
2.200000000000000000e+01 2.203330000000000000e+06
2.300000000000000000e+01 2.238962000000000000e+06
2.400000000000000000e+01 2.168568000000000000e+06
2.500000000000000000e+01 1.972502000000000000e+06
2.600000000000000000e+01 1.690978000000000000e+06
2.700000000000000000e+01 1.346407000000000000e+06
2.800000000000000000e+01 9.833960000000000000e+05
2.900000000000000000e+01 6.512940000000000000e+05
3.000000000000000000e+01 3.838160000000000000e+05
3.100000000000000000e+01 2.010200000000000000e+05
3.200000000000000000e+01 9.400700000000000000e+04
3.300000000000000000e+01 3.970200000000000000e+04
3.400000000000000000e+01 1.527300000000000000e+04
3.500000000000000000e+01 5.792000000000000000e+03
3.600000000000000000e+01 2.076000000000000000e+03
3.700000000000000000e+01 8.210000000000000000e+02
3.800000000000000000e+01 3.820000000000000000e+02
3.900000000000000000e+01 1.600000000000000000e+02
4.000000000000000000e+01 1.880000000000000000e+02
4.100000000000000000e+01 1.040000000000000000e+02
4.200000000000000000e+01 8.600000000000000000e+01
4.300000000000000000e+01 8.700000000000000000e+01
4.400000000000000000e+01 7.300000000000000000e+01
4.500000000000000000e+01 8.100000000000000000e+01
4.600000000000000000e+01 7.200000000000000000e+01
4.700000000000000000e+01 7.900000000000000000e+01
4.800000000000000000e+01 3.400000000000000000e+01
4.900000000000000000e+01 9.300000000000000000e+01
5.000000000000000000e+01 2.000000000000000000e+01
5.100000000000000000e+01 6.900000000000000000e+01
5.200000000000000000e+01 2.000000000000000000e+01
5.300000000000000000e+01 7.400000000000000000e+01
5.400000000000000000e+01 2.200000000000000000e+01
5.500000000000000000e+01 3.900000000000000000e+01
5.600000000000000000e+01 1.400000000000000000e+01
5.700000000000000000e+01 3.600000000000000000e+01
5.800000000000000000e+01 1.100000000000000000e+01
5.900000000000000000e+01 1.800000000000000000e+01
6.000000000000000000e+01 9.000000000000000000e+00
6.100000000000000000e+01 1.500000000000000000e+01
6.200000000000000000e+01 6.000000000000000000e+00
6.300000000000000000e+01 1.400000000000000000e+01
6.400000000000000000e+01 2.000000000000000000e+00
6.500000000000000000e+01 3.000000000000000000e+00
6.600000000000000000e+01 3.000000000000000000e+00
6.700000000000000000e+01 3.000000000000000000e+00
6.800000000000000000e+01 3.000000000000000000e+00
6.900000000000000000e+01 4.000000000000000000e+00
7.000000000000000000e+01 1.000000000000000000e+00
7.400000000000000000e+01 1.000000000000000000e+00
7.700000000000000000e+01 1.000000000000000000e+00
8.100000000000000000e+01 1.000000000000000000e+00
9.100000000000000000e+01 1.000000000000000000e+00
9.200000000000000000e+01 1.000000000000000000e+00
9.900000000000000000e+01 1.000000000000000000e+00
1.270000000000000000e+02 1.000000000000000000e+00
1.520000000000000000e+02 1.000000000000000000e+00
2.270000000000000000e+02 1.000000000000000000e+00
2.450000000000000000e+02 1.000000000000000000e+00
2.470000000000000000e+02 1.000000000000000000e+00
3.020000000000000000e+02 1.000000000000000000e+00
7.530000000000000000e+02 1.000000000000000000e+00
