-3.000000000000000000e+00 2.000000000000000000e+00
-2.000000000000000000e+00 3.000000000000000000e+00
-1.000000000000000000e+00 1.300000000000000000e+01
0.000000000000000000e+00 1.330000000000000000e+03
1.000000000000000000e+00 3.300000000000000000e+01
2.000000000000000000e+00 4.000000000000000000e+01
3.000000000000000000e+00 8.600000000000000000e+01
4.000000000000000000e+00 6.990000000000000000e+02
5.000000000000000000e+00 3.052000000000000000e+03
6.000000000000000000e+00 1.447200000000000000e+04
7.000000000000000000e+00 2.641000000000000000e+04
8.000000000000000000e+00 3.774600000000000000e+04
9.000000000000000000e+00 5.355600000000000000e+04
1.000000000000000000e+01 7.535300000000000000e+04
1.100000000000000000e+01 1.040930000000000000e+05
1.200000000000000000e+01 1.427250000000000000e+05
1.300000000000000000e+01 1.953030000000000000e+05
1.400000000000000000e+01 2.626210000000000000e+05
1.500000000000000000e+01 3.463460000000000000e+05
1.600000000000000000e+01 4.544690000000000000e+05
1.700000000000000000e+01 5.853290000000000000e+05
1.800000000000000000e+01 7.291640000000000000e+05
1.900000000000000000e+01 8.754490000000000000e+05
2.000000000000000000e+01 1.007864000000000000e+06
2.100000000000000000e+01 1.121266000000000000e+06
2.200000000000000000e+01 1.206005000000000000e+06
2.300000000000000000e+01 1.229703000000000000e+06
2.400000000000000000e+01 1.199339000000000000e+06
2.500000000000000000e+01 1.099020000000000000e+06
2.600000000000000000e+01 9.449190000000000000e+05
2.700000000000000000e+01 7.552860000000000000e+05
2.800000000000000000e+01 5.509210000000000000e+05
2.900000000000000000e+01 3.634800000000000000e+05
3.000000000000000000e+01 2.147310000000000000e+05
3.100000000000000000e+01 1.125970000000000000e+05
3.200000000000000000e+01 5.185700000000000000e+04
3.300000000000000000e+01 2.153000000000000000e+04
3.400000000000000000e+01 8.377000000000000000e+03
3.500000000000000000e+01 3.209000000000000000e+03
3.600000000000000000e+01 1.082000000000000000e+03
3.700000000000000000e+01 4.500000000000000000e+02
3.800000000000000000e+01 1.830000000000000000e+02
3.900000000000000000e+01 8.700000000000000000e+01
4.000000000000000000e+01 5.800000000000000000e+01
4.100000000000000000e+01 4.000000000000000000e+01
4.200000000000000000e+01 3.200000000000000000e+01
4.300000000000000000e+01 4.200000000000000000e+01
4.400000000000000000e+01 2.700000000000000000e+01
4.500000000000000000e+01 2.600000000000000000e+01
4.600000000000000000e+01 3.100000000000000000e+01
4.700000000000000000e+01 2.100000000000000000e+01
4.800000000000000000e+01 1.200000000000000000e+01
4.900000000000000000e+01 3.800000000000000000e+01
5.000000000000000000e+01 8.000000000000000000e+00
5.100000000000000000e+01 2.000000000000000000e+01
5.200000000000000000e+01 5.000000000000000000e+00
5.300000000000000000e+01 1.600000000000000000e+01
5.400000000000000000e+01 5.000000000000000000e+00
5.500000000000000000e+01 1.100000000000000000e+01
5.600000000000000000e+01 5.000000000000000000e+00
5.700000000000000000e+01 7.000000000000000000e+00
5.800000000000000000e+01 3.000000000000000000e+00
5.900000000000000000e+01 3.000000000000000000e+00
6.000000000000000000e+01 2.000000000000000000e+00
6.100000000000000000e+01 4.000000000000000000e+00
6.200000000000000000e+01 1.000000000000000000e+00
6.300000000000000000e+01 2.000000000000000000e+00
6.500000000000000000e+01 2.000000000000000000e+00
6.600000000000000000e+01 1.000000000000000000e+00
6.900000000000000000e+01 1.000000000000000000e+00
7.500000000000000000e+01 1.000000000000000000e+00
8.300000000000000000e+01 1.000000000000000000e+00
8.600000000000000000e+01 1.000000000000000000e+00
9.100000000000000000e+01 1.000000000000000000e+00
1.150000000000000000e+02 2.000000000000000000e+00
1.330000000000000000e+02 1.000000000000000000e+00
1.730000000000000000e+02 1.000000000000000000e+00
1.750000000000000000e+02 2.000000000000000000e+00
1.990000000000000000e+02 1.000000000000000000e+00
2.160000000000000000e+02 1.000000000000000000e+00
2.180000000000000000e+02 1.000000000000000000e+00
2.770000000000000000e+02 1.000000000000000000e+00
4.050000000000000000e+02 1.000000000000000000e+00
4.720000000000000000e+02 1.000000000000000000e+00
6.690000000000000000e+02 1.000000000000000000e+00
6.900000000000000000e+02 1.000000000000000000e+00
1.310000000000000000e+03 1.000000000000000000e+00
