-4.000000000000000000e+00 2.000000000000000000e+00
-3.000000000000000000e+00 4.000000000000000000e+00
-2.000000000000000000e+00 9.000000000000000000e+00
-1.000000000000000000e+00 5.000000000000000000e+01
0.000000000000000000e+00 1.358000000000000000e+03
1.000000000000000000e+00 1.160000000000000000e+02
2.000000000000000000e+00 1.490000000000000000e+02
3.000000000000000000e+00 2.740000000000000000e+02
4.000000000000000000e+00 1.622000000000000000e+03
5.000000000000000000e+00 1.120100000000000000e+04
6.000000000000000000e+00 7.606600000000000000e+04
7.000000000000000000e+00 1.322950000000000000e+05
8.000000000000000000e+00 1.598490000000000000e+05
9.000000000000000000e+00 1.899490000000000000e+05
1.000000000000000000e+01 2.176720000000000000e+05
1.100000000000000000e+01 2.383050000000000000e+05
1.200000000000000000e+01 2.502550000000000000e+05
1.300000000000000000e+01 2.594850000000000000e+05
1.400000000000000000e+01 2.672520000000000000e+05
1.500000000000000000e+01 2.785140000000000000e+05
1.600000000000000000e+01 2.982430000000000000e+05
1.700000000000000000e+01 3.306170000000000000e+05
1.800000000000000000e+01 3.750090000000000000e+05
1.900000000000000000e+01 4.343520000000000000e+05
2.000000000000000000e+01 5.097280000000000000e+05
2.100000000000000000e+01 6.018480000000000000e+05
2.200000000000000000e+01 7.068160000000000000e+05
2.300000000000000000e+01 8.014560000000000000e+05
2.400000000000000000e+01 8.842800000000000000e+05
2.500000000000000000e+01 9.248170000000000000e+05
2.600000000000000000e+01 9.239380000000000000e+05
2.700000000000000000e+01 8.898670000000000000e+05
2.800000000000000000e+01 8.389890000000000000e+05
2.900000000000000000e+01 7.856920000000000000e+05
3.000000000000000000e+01 7.270970000000000000e+05
3.100000000000000000e+01 6.744520000000000000e+05
3.200000000000000000e+01 6.270800000000000000e+05
3.300000000000000000e+01 5.815490000000000000e+05
3.400000000000000000e+01 5.422800000000000000e+05
3.500000000000000000e+01 5.054280000000000000e+05
3.600000000000000000e+01 4.700210000000000000e+05
3.700000000000000000e+01 4.334890000000000000e+05
3.800000000000000000e+01 4.000930000000000000e+05
3.900000000000000000e+01 3.664830000000000000e+05
4.000000000000000000e+01 3.314660000000000000e+05
4.100000000000000000e+01 2.958930000000000000e+05
4.200000000000000000e+01 2.592100000000000000e+05
4.300000000000000000e+01 2.220990000000000000e+05
4.400000000000000000e+01 1.867210000000000000e+05
4.500000000000000000e+01 1.518070000000000000e+05
4.600000000000000000e+01 1.194900000000000000e+05
4.700000000000000000e+01 9.128900000000000000e+04
4.800000000000000000e+01 6.633900000000000000e+04
4.900000000000000000e+01 4.610400000000000000e+04
5.000000000000000000e+01 3.044800000000000000e+04
5.100000000000000000e+01 1.884800000000000000e+04
5.200000000000000000e+01 1.122800000000000000e+04
5.300000000000000000e+01 6.540000000000000000e+03
5.400000000000000000e+01 3.508000000000000000e+03
5.500000000000000000e+01 1.958000000000000000e+03
5.600000000000000000e+01 1.044000000000000000e+03
5.700000000000000000e+01 5.450000000000000000e+02
5.800000000000000000e+01 2.610000000000000000e+02
5.900000000000000000e+01 1.470000000000000000e+02
6.000000000000000000e+01 8.000000000000000000e+01
6.100000000000000000e+01 8.100000000000000000e+01
6.200000000000000000e+01 4.300000000000000000e+01
6.300000000000000000e+01 5.000000000000000000e+01
6.400000000000000000e+01 5.100000000000000000e+01
6.500000000000000000e+01 4.000000000000000000e+01
6.600000000000000000e+01 2.100000000000000000e+01
6.700000000000000000e+01 1.900000000000000000e+01
6.800000000000000000e+01 1.900000000000000000e+01
6.900000000000000000e+01 2.100000000000000000e+01
7.000000000000000000e+01 3.000000000000000000e+01
7.100000000000000000e+01 1.500000000000000000e+01
7.200000000000000000e+01 1.500000000000000000e+01
7.300000000000000000e+01 1.300000000000000000e+01
7.400000000000000000e+01 1.100000000000000000e+01
7.500000000000000000e+01 4.000000000000000000e+00
7.600000000000000000e+01 1.200000000000000000e+01
7.700000000000000000e+01 8.000000000000000000e+00
7.800000000000000000e+01 2.300000000000000000e+01
7.900000000000000000e+01 7.000000000000000000e+00
8.000000000000000000e+01 1.100000000000000000e+01
8.100000000000000000e+01 5.000000000000000000e+00
8.200000000000000000e+01 1.200000000000000000e+01
8.300000000000000000e+01 1.000000000000000000e+00
8.400000000000000000e+01 8.000000000000000000e+00
8.500000000000000000e+01 3.000000000000000000e+00
8.600000000000000000e+01 5.000000000000000000e+00
8.700000000000000000e+01 2.000000000000000000e+00
8.800000000000000000e+01 4.000000000000000000e+00
8.900000000000000000e+01 5.000000000000000000e+00
9.000000000000000000e+01 1.100000000000000000e+01
9.100000000000000000e+01 2.000000000000000000e+00
9.200000000000000000e+01 2.000000000000000000e+00
9.300000000000000000e+01 2.000000000000000000e+00
9.400000000000000000e+01 3.000000000000000000e+00
9.500000000000000000e+01 1.000000000000000000e+00
9.600000000000000000e+01 3.000000000000000000e+00
9.700000000000000000e+01 3.000000000000000000e+00
9.800000000000000000e+01 1.000000000000000000e+00
1.010000000000000000e+02 1.000000000000000000e+00
1.020000000000000000e+02 2.000000000000000000e+00
1.050000000000000000e+02 2.000000000000000000e+00
1.090000000000000000e+02 1.000000000000000000e+00
1.110000000000000000e+02 1.000000000000000000e+00
1.180000000000000000e+02 1.000000000000000000e+00
1.400000000000000000e+02 1.000000000000000000e+00
1.650000000000000000e+02 1.000000000000000000e+00
2.120000000000000000e+02 1.000000000000000000e+00
2.190000000000000000e+02 1.000000000000000000e+00
9.560000000000000000e+02 1.000000000000000000e+00
