-4.000000000000000000e+00 3.000000000000000000e+00
-3.000000000000000000e+00 7.000000000000000000e+00
-2.000000000000000000e+00 1.700000000000000000e+01
-1.000000000000000000e+00 4.600000000000000000e+01
0.000000000000000000e+00 1.379000000000000000e+03
1.000000000000000000e+00 1.120000000000000000e+02
2.000000000000000000e+00 1.320000000000000000e+02
3.000000000000000000e+00 2.050000000000000000e+02
4.000000000000000000e+00 1.152000000000000000e+03
5.000000000000000000e+00 8.658000000000000000e+03
6.000000000000000000e+00 6.002000000000000000e+04
7.000000000000000000e+00 1.016520000000000000e+05
8.000000000000000000e+00 1.187940000000000000e+05
9.000000000000000000e+00 1.352190000000000000e+05
1.000000000000000000e+01 1.490210000000000000e+05
1.100000000000000000e+01 1.556220000000000000e+05
1.200000000000000000e+01 1.607720000000000000e+05
1.300000000000000000e+01 1.706490000000000000e+05
1.400000000000000000e+01 1.913540000000000000e+05
1.500000000000000000e+01 2.267950000000000000e+05
1.600000000000000000e+01 2.836020000000000000e+05
1.700000000000000000e+01 3.616500000000000000e+05
1.800000000000000000e+01 4.627150000000000000e+05
1.900000000000000000e+01 5.813650000000000000e+05
2.000000000000000000e+01 7.155340000000000000e+05
2.100000000000000000e+01 8.586490000000000000e+05
2.200000000000000000e+01 1.008011000000000000e+06
2.300000000000000000e+01 1.138110000000000000e+06
2.400000000000000000e+01 1.239215000000000000e+06
2.500000000000000000e+01 1.279585000000000000e+06
2.600000000000000000e+01 1.263504000000000000e+06
2.700000000000000000e+01 1.196497000000000000e+06
2.800000000000000000e+01 1.094267000000000000e+06
2.900000000000000000e+01 9.782090000000000000e+05
3.000000000000000000e+01 8.489580000000000000e+05
3.100000000000000000e+01 7.246850000000000000e+05
3.200000000000000000e+01 6.065420000000000000e+05
3.300000000000000000e+01 4.971040000000000000e+05
3.400000000000000000e+01 3.982610000000000000e+05
3.500000000000000000e+01 3.088570000000000000e+05
3.600000000000000000e+01 2.287210000000000000e+05
3.700000000000000000e+01 1.612080000000000000e+05
3.800000000000000000e+01 1.076100000000000000e+05
3.900000000000000000e+01 6.793500000000000000e+04
4.000000000000000000e+01 3.985100000000000000e+04
4.100000000000000000e+01 2.119800000000000000e+04
4.200000000000000000e+01 1.060700000000000000e+04
4.300000000000000000e+01 4.929000000000000000e+03
4.400000000000000000e+01 2.106000000000000000e+03
4.500000000000000000e+01 9.640000000000000000e+02
4.600000000000000000e+01 4.390000000000000000e+02
4.700000000000000000e+01 1.930000000000000000e+02
4.800000000000000000e+01 1.210000000000000000e+02
4.900000000000000000e+01 1.300000000000000000e+02
5.000000000000000000e+01 4.700000000000000000e+01
5.100000000000000000e+01 8.900000000000000000e+01
5.200000000000000000e+01 4.000000000000000000e+01
5.300000000000000000e+01 7.200000000000000000e+01
5.400000000000000000e+01 2.900000000000000000e+01
5.500000000000000000e+01 5.300000000000000000e+01
5.600000000000000000e+01 1.800000000000000000e+01
5.700000000000000000e+01 6.300000000000000000e+01
5.800000000000000000e+01 1.800000000000000000e+01
5.900000000000000000e+01 4.700000000000000000e+01
6.000000000000000000e+01 1.100000000000000000e+01
6.100000000000000000e+01 3.700000000000000000e+01
6.200000000000000000e+01 1.500000000000000000e+01
6.300000000000000000e+01 1.900000000000000000e+01
6.400000000000000000e+01 2.300000000000000000e+01
6.500000000000000000e+01 1.700000000000000000e+01
6.600000000000000000e+01 1.800000000000000000e+01
6.700000000000000000e+01 1.200000000000000000e+01
6.800000000000000000e+01 1.700000000000000000e+01
6.900000000000000000e+01 1.000000000000000000e+01
7.000000000000000000e+01 1.000000000000000000e+01
7.100000000000000000e+01 9.000000000000000000e+00
7.200000000000000000e+01 3.000000000000000000e+00
7.300000000000000000e+01 9.000000000000000000e+00
7.400000000000000000e+01 9.000000000000000000e+00
7.500000000000000000e+01 2.000000000000000000e+00
7.600000000000000000e+01 5.000000000000000000e+00
7.700000000000000000e+01 1.000000000000000000e+00
7.800000000000000000e+01 5.000000000000000000e+00
7.900000000000000000e+01 1.000000000000000000e+00
8.000000000000000000e+01 2.000000000000000000e+00
8.900000000000000000e+01 1.000000000000000000e+00
1.040000000000000000e+02 1.000000000000000000e+00
1.050000000000000000e+02 1.000000000000000000e+00
1.480000000000000000e+02 1.000000000000000000e+00
1.530000000000000000e+02 1.000000000000000000e+00
1.660000000000000000e+02 1.000000000000000000e+00
3.980000000000000000e+02 1.000000000000000000e+00
5.890000000000000000e+02 1.000000000000000000e+00
2.517000000000000000e+03 1.000000000000000000e+00
