-4.000000000000000000e+00 7.000000000000000000e+00
-3.000000000000000000e+00 1.000000000000000000e+01
-2.000000000000000000e+00 1.900000000000000000e+01
-1.000000000000000000e+00 8.500000000000000000e+01
0.000000000000000000e+00 1.428000000000000000e+03
1.000000000000000000e+00 1.980000000000000000e+02
2.000000000000000000e+00 2.620000000000000000e+02
3.000000000000000000e+00 4.060000000000000000e+02
4.000000000000000000e+00 2.103000000000000000e+03
5.000000000000000000e+00 1.558700000000000000e+04
6.000000000000000000e+00 1.106130000000000000e+05
7.000000000000000000e+00 1.918010000000000000e+05
8.000000000000000000e+00 2.309770000000000000e+05
9.000000000000000000e+00 2.730400000000000000e+05
1.000000000000000000e+01 3.153140000000000000e+05
1.100000000000000000e+01 3.448600000000000000e+05
1.200000000000000000e+01 3.638010000000000000e+05
1.300000000000000000e+01 3.789170000000000000e+05
1.400000000000000000e+01 3.974690000000000000e+05
1.500000000000000000e+01 4.213060000000000000e+05
1.600000000000000000e+01 4.609360000000000000e+05
1.700000000000000000e+01 5.203650000000000000e+05
1.800000000000000000e+01 6.015620000000000000e+05
1.900000000000000000e+01 7.062990000000000000e+05
2.000000000000000000e+01 8.318190000000000000e+05
2.100000000000000000e+01 9.829800000000000000e+05
2.200000000000000000e+01 1.148384000000000000e+06
2.300000000000000000e+01 1.293139000000000000e+06
2.400000000000000000e+01 1.407879000000000000e+06
2.500000000000000000e+01 1.453736000000000000e+06
2.600000000000000000e+01 1.432879000000000000e+06
2.700000000000000000e+01 1.365535000000000000e+06
2.800000000000000000e+01 1.270730000000000000e+06
2.900000000000000000e+01 1.175422000000000000e+06
3.000000000000000000e+01 1.076560000000000000e+06
3.100000000000000000e+01 9.830670000000000000e+05
3.200000000000000000e+01 9.028170000000000000e+05
3.300000000000000000e+01 8.308270000000000000e+05
3.400000000000000000e+01 7.668390000000000000e+05
3.500000000000000000e+01 7.056090000000000000e+05
3.600000000000000000e+01 6.513940000000000000e+05
3.700000000000000000e+01 5.970040000000000000e+05
3.800000000000000000e+01 5.466500000000000000e+05
3.900000000000000000e+01 4.956810000000000000e+05
4.000000000000000000e+01 4.454420000000000000e+05
4.100000000000000000e+01 3.936680000000000000e+05
4.200000000000000000e+01 3.439400000000000000e+05
4.300000000000000000e+01 2.938360000000000000e+05
4.400000000000000000e+01 2.457270000000000000e+05
4.500000000000000000e+01 1.980520000000000000e+05
4.600000000000000000e+01 1.550610000000000000e+05
4.700000000000000000e+01 1.171350000000000000e+05
4.800000000000000000e+01 8.394400000000000000e+04
4.900000000000000000e+01 5.795900000000000000e+04
5.000000000000000000e+01 3.745400000000000000e+04
5.100000000000000000e+01 2.356300000000000000e+04
5.200000000000000000e+01 1.384600000000000000e+04
5.300000000000000000e+01 7.858000000000000000e+03
5.400000000000000000e+01 4.235000000000000000e+03
5.500000000000000000e+01 2.232000000000000000e+03
5.600000000000000000e+01 1.279000000000000000e+03
5.700000000000000000e+01 6.510000000000000000e+02
5.800000000000000000e+01 3.360000000000000000e+02
5.900000000000000000e+01 2.470000000000000000e+02
6.000000000000000000e+01 1.170000000000000000e+02
6.100000000000000000e+01 1.230000000000000000e+02
6.200000000000000000e+01 5.800000000000000000e+01
6.300000000000000000e+01 7.800000000000000000e+01
6.400000000000000000e+01 4.700000000000000000e+01
6.500000000000000000e+01 4.900000000000000000e+01
6.600000000000000000e+01 3.700000000000000000e+01
6.700000000000000000e+01 2.800000000000000000e+01
6.800000000000000000e+01 3.400000000000000000e+01
6.900000000000000000e+01 2.500000000000000000e+01
7.000000000000000000e+01 2.700000000000000000e+01
7.100000000000000000e+01 3.200000000000000000e+01
7.200000000000000000e+01 2.400000000000000000e+01
7.300000000000000000e+01 2.000000000000000000e+01
7.400000000000000000e+01 1.600000000000000000e+01
7.500000000000000000e+01 9.000000000000000000e+00
7.600000000000000000e+01 2.100000000000000000e+01
7.700000000000000000e+01 1.400000000000000000e+01
7.800000000000000000e+01 3.300000000000000000e+01
7.900000000000000000e+01 4.000000000000000000e+00
8.000000000000000000e+01 2.100000000000000000e+01
8.100000000000000000e+01 4.000000000000000000e+00
8.200000000000000000e+01 1.300000000000000000e+01
8.300000000000000000e+01 6.000000000000000000e+00
8.400000000000000000e+01 1.400000000000000000e+01
8.500000000000000000e+01 2.000000000000000000e+00
8.600000000000000000e+01 1.600000000000000000e+01
8.700000000000000000e+01 3.000000000000000000e+00
8.800000000000000000e+01 6.000000000000000000e+00
8.900000000000000000e+01 5.000000000000000000e+00
9.000000000000000000e+01 2.000000000000000000e+00
9.100000000000000000e+01 5.000000000000000000e+00
9.200000000000000000e+01 5.000000000000000000e+00
9.300000000000000000e+01 1.000000000000000000e+00
9.400000000000000000e+01 3.000000000000000000e+00
9.500000000000000000e+01 3.000000000000000000e+00
9.600000000000000000e+01 5.000000000000000000e+00
9.700000000000000000e+01 3.000000000000000000e+00
9.800000000000000000e+01 3.000000000000000000e+00
9.900000000000000000e+01 1.000000000000000000e+00
1.010000000000000000e+02 1.000000000000000000e+00
1.030000000000000000e+02 4.000000000000000000e+00
1.110000000000000000e+02 1.000000000000000000e+00
1.210000000000000000e+02 1.000000000000000000e+00
1.420000000000000000e+02 1.000000000000000000e+00
1.750000000000000000e+02 1.000000000000000000e+00
4.970000000000000000e+02 1.000000000000000000e+00
