-4.000000000000000000e+00 3.000000000000000000e+00
-3.000000000000000000e+00 1.000000000000000000e+00
-2.000000000000000000e+00 2.000000000000000000e+00
-1.000000000000000000e+00 6.000000000000000000e+00
0.000000000000000000e+00 1.328000000000000000e+03
1.000000000000000000e+00 2.800000000000000000e+01
2.000000000000000000e+00 4.100000000000000000e+01
3.000000000000000000e+00 5.200000000000000000e+01
4.000000000000000000e+00 4.890000000000000000e+02
5.000000000000000000e+00 2.370000000000000000e+03
6.000000000000000000e+00 1.297900000000000000e+04
7.000000000000000000e+00 2.433600000000000000e+04
8.000000000000000000e+00 3.496800000000000000e+04
9.000000000000000000e+00 4.998700000000000000e+04
1.000000000000000000e+01 7.081700000000000000e+04
1.100000000000000000e+01 9.726800000000000000e+04
1.200000000000000000e+01 1.326850000000000000e+05
1.300000000000000000e+01 1.790770000000000000e+05
1.400000000000000000e+01 2.390560000000000000e+05
1.500000000000000000e+01 3.107160000000000000e+05
1.600000000000000000e+01 3.959190000000000000e+05
1.700000000000000000e+01 4.999870000000000000e+05
1.800000000000000000e+01 6.104200000000000000e+05
1.900000000000000000e+01 7.125020000000000000e+05
2.000000000000000000e+01 7.878480000000000000e+05
2.100000000000000000e+01 8.201410000000000000e+05
2.200000000000000000e+01 7.935110000000000000e+05
2.300000000000000000e+01 6.994510000000000000e+05
2.400000000000000000e+01 5.475930000000000000e+05
2.500000000000000000e+01 3.729200000000000000e+05
2.600000000000000000e+01 2.180600000000000000e+05
2.700000000000000000e+01 1.122450000000000000e+05
2.800000000000000000e+01 5.284400000000000000e+04
2.900000000000000000e+01 2.540400000000000000e+04
3.000000000000000000e+01 1.232900000000000000e+04
3.100000000000000000e+01 5.845000000000000000e+03
3.200000000000000000e+01 2.633000000000000000e+03
3.300000000000000000e+01 1.065000000000000000e+03
3.400000000000000000e+01 3.860000000000000000e+02
3.500000000000000000e+01 1.570000000000000000e+02
3.600000000000000000e+01 7.100000000000000000e+01
3.700000000000000000e+01 2.800000000000000000e+01
3.800000000000000000e+01 2.400000000000000000e+01
3.900000000000000000e+01 9.000000000000000000e+00
4.000000000000000000e+01 2.500000000000000000e+01
4.100000000000000000e+01 1.900000000000000000e+01
4.200000000000000000e+01 1.400000000000000000e+01
4.300000000000000000e+01 1.200000000000000000e+01
4.400000000000000000e+01 1.200000000000000000e+01
4.500000000000000000e+01 4.000000000000000000e+00
4.600000000000000000e+01 1.100000000000000000e+01
4.700000000000000000e+01 7.000000000000000000e+00
4.800000000000000000e+01 6.000000000000000000e+00
4.900000000000000000e+01 6.000000000000000000e+00
5.000000000000000000e+01 7.000000000000000000e+00
5.100000000000000000e+01 4.000000000000000000e+00
5.200000000000000000e+01 3.000000000000000000e+00
5.300000000000000000e+01 3.000000000000000000e+00
5.400000000000000000e+01 1.000000000000000000e+00
5.500000000000000000e+01 1.000000000000000000e+00
5.600000000000000000e+01 3.000000000000000000e+00
5.700000000000000000e+01 1.000000000000000000e+00
6.000000000000000000e+01 1.000000000000000000e+00
6.100000000000000000e+01 1.000000000000000000e+00
6.400000000000000000e+01 1.000000000000000000e+00
6.500000000000000000e+01 1.000000000000000000e+00
6.600000000000000000e+01 1.000000000000000000e+00
6.700000000000000000e+01 1.000000000000000000e+00
7.100000000000000000e+01 2.000000000000000000e+00
7.200000000000000000e+01 2.000000000000000000e+00
7.500000000000000000e+01 1.000000000000000000e+00
7.600000000000000000e+01 1.000000000000000000e+00
7.700000000000000000e+01 1.000000000000000000e+00
8.500000000000000000e+01 1.000000000000000000e+00
9.400000000000000000e+01 1.000000000000000000e+00
9.900000000000000000e+01 2.000000000000000000e+00
1.000000000000000000e+02 1.000000000000000000e+00
1.100000000000000000e+02 1.000000000000000000e+00
1.200000000000000000e+02 1.000000000000000000e+00
1.260000000000000000e+02 1.000000000000000000e+00
1.320000000000000000e+02 1.000000000000000000e+00
1.410000000000000000e+02 1.000000000000000000e+00
1.420000000000000000e+02 1.000000000000000000e+00
1.470000000000000000e+02 1.000000000000000000e+00
1.710000000000000000e+02 1.000000000000000000e+00
1.770000000000000000e+02 1.000000000000000000e+00
1.920000000000000000e+02 1.000000000000000000e+00
2.020000000000000000e+02 1.000000000000000000e+00
2.050000000000000000e+02 1.000000000000000000e+00
2.100000000000000000e+02 1.000000000000000000e+00
2.110000000000000000e+02 1.000000000000000000e+00
2.410000000000000000e+02 1.000000000000000000e+00
2.430000000000000000e+02 1.000000000000000000e+00
2.930000000000000000e+02 1.000000000000000000e+00
3.280000000000000000e+02 1.000000000000000000e+00
4.130000000000000000e+02 1.000000000000000000e+00
4.630000000000000000e+02 1.000000000000000000e+00
4.680000000000000000e+02 1.000000000000000000e+00
7.070000000000000000e+02 1.000000000000000000e+00
1.254000000000000000e+03 1.000000000000000000e+00
1.565000000000000000e+03 1.000000000000000000e+00
2.368000000000000000e+03 1.000000000000000000e+00
2.560000000000000000e+03 1.000000000000000000e+00
