-4.000000000000000000e+00 1.000000000000000000e+00
-3.000000000000000000e+00 1.000000000000000000e+00
-2.000000000000000000e+00 5.000000000000000000e+00
-1.000000000000000000e+00 1.400000000000000000e+01
0.000000000000000000e+00 1.321000000000000000e+03
1.000000000000000000e+00 2.900000000000000000e+01
2.000000000000000000e+00 4.400000000000000000e+01
3.000000000000000000e+00 5.600000000000000000e+01
4.000000000000000000e+00 3.890000000000000000e+02
5.000000000000000000e+00 2.639000000000000000e+03
6.000000000000000000e+00 1.757200000000000000e+04
7.000000000000000000e+00 2.992100000000000000e+04
8.000000000000000000e+00 3.476800000000000000e+04
9.000000000000000000e+00 3.939100000000000000e+04
1.000000000000000000e+01 4.326000000000000000e+04
1.100000000000000000e+01 4.435500000000000000e+04
1.200000000000000000e+01 4.559700000000000000e+04
1.300000000000000000e+01 4.652600000000000000e+04
1.400000000000000000e+01 5.073700000000000000e+04
1.500000000000000000e+01 5.902200000000000000e+04
1.600000000000000000e+01 7.292900000000000000e+04
1.700000000000000000e+01 9.275300000000000000e+04
1.800000000000000000e+01 1.186260000000000000e+05
1.900000000000000000e+01 1.487730000000000000e+05
2.000000000000000000e+01 1.850740000000000000e+05
2.100000000000000000e+01 2.235440000000000000e+05
2.200000000000000000e+01 2.662260000000000000e+05
2.300000000000000000e+01 3.019990000000000000e+05
2.400000000000000000e+01 3.325510000000000000e+05
2.500000000000000000e+01 3.460500000000000000e+05
2.600000000000000000e+01 3.440200000000000000e+05
2.700000000000000000e+01 3.284850000000000000e+05
2.800000000000000000e+01 3.056220000000000000e+05
2.900000000000000000e+01 2.763730000000000000e+05
3.000000000000000000e+01 2.425810000000000000e+05
3.100000000000000000e+01 2.091080000000000000e+05
3.200000000000000000e+01 1.779040000000000000e+05
3.300000000000000000e+01 1.482340000000000000e+05
3.400000000000000000e+01 1.188680000000000000e+05
3.500000000000000000e+01 9.387900000000000000e+04
3.600000000000000000e+01 6.989000000000000000e+04
3.700000000000000000e+01 4.993600000000000000e+04
3.800000000000000000e+01 3.338500000000000000e+04
3.900000000000000000e+01 2.116800000000000000e+04
4.000000000000000000e+01 1.247600000000000000e+04
4.100000000000000000e+01 6.942000000000000000e+03
4.200000000000000000e+01 3.363000000000000000e+03
4.300000000000000000e+01 1.547000000000000000e+03
4.400000000000000000e+01 7.010000000000000000e+02
4.500000000000000000e+01 2.780000000000000000e+02
4.600000000000000000e+01 1.210000000000000000e+02
4.700000000000000000e+01 6.300000000000000000e+01
4.800000000000000000e+01 2.000000000000000000e+01
4.900000000000000000e+01 3.200000000000000000e+01
5.000000000000000000e+01 1.300000000000000000e+01
5.100000000000000000e+01 1.700000000000000000e+01
5.200000000000000000e+01 1.300000000000000000e+01
5.300000000000000000e+01 1.400000000000000000e+01
5.400000000000000000e+01 3.000000000000000000e+00
5.500000000000000000e+01 1.400000000000000000e+01
5.600000000000000000e+01 3.000000000000000000e+00
5.700000000000000000e+01 8.000000000000000000e+00
5.800000000000000000e+01 2.000000000000000000e+00
5.900000000000000000e+01 3.000000000000000000e+00
6.000000000000000000e+01 5.000000000000000000e+00
6.100000000000000000e+01 7.000000000000000000e+00
6.200000000000000000e+01 5.000000000000000000e+00
6.300000000000000000e+01 6.000000000000000000e+00
6.400000000000000000e+01 5.000000000000000000e+00
6.500000000000000000e+01 4.000000000000000000e+00
6.600000000000000000e+01 4.000000000000000000e+00
6.700000000000000000e+01 2.000000000000000000e+00
6.800000000000000000e+01 1.000000000000000000e+00
6.900000000000000000e+01 2.000000000000000000e+00
7.000000000000000000e+01 1.000000000000000000e+00
7.100000000000000000e+01 3.000000000000000000e+00
7.200000000000000000e+01 3.000000000000000000e+00
7.300000000000000000e+01 1.000000000000000000e+00
7.400000000000000000e+01 1.000000000000000000e+00
7.500000000000000000e+01 1.000000000000000000e+00
7.600000000000000000e+01 2.000000000000000000e+00
7.700000000000000000e+01 1.000000000000000000e+00
7.800000000000000000e+01 1.000000000000000000e+00
9.000000000000000000e+01 1.000000000000000000e+00
1.130000000000000000e+02 1.000000000000000000e+00
