-4.000000000000000000e+00 1.800000000000000000e+01
-3.000000000000000000e+00 8.000000000000000000e+00
-2.000000000000000000e+00 2.200000000000000000e+01
-1.000000000000000000e+00 8.500000000000000000e+01
0.000000000000000000e+00 1.429000000000000000e+03
1.000000000000000000e+00 1.860000000000000000e+02
2.000000000000000000e+00 2.540000000000000000e+02
3.000000000000000000e+00 4.140000000000000000e+02
4.000000000000000000e+00 2.059000000000000000e+03
5.000000000000000000e+00 1.580000000000000000e+04
6.000000000000000000e+00 1.100090000000000000e+05
7.000000000000000000e+00 1.922130000000000000e+05
8.000000000000000000e+00 2.313330000000000000e+05
9.000000000000000000e+00 2.725710000000000000e+05
1.000000000000000000e+01 3.154790000000000000e+05
1.100000000000000000e+01 3.449860000000000000e+05
1.200000000000000000e+01 3.638170000000000000e+05
1.300000000000000000e+01 3.802010000000000000e+05
1.400000000000000000e+01 3.985120000000000000e+05
1.500000000000000000e+01 4.230320000000000000e+05
1.600000000000000000e+01 4.608250000000000000e+05
1.700000000000000000e+01 5.224160000000000000e+05
1.800000000000000000e+01 6.048600000000000000e+05
1.900000000000000000e+01 7.101030000000000000e+05
2.000000000000000000e+01 8.371420000000000000e+05
2.100000000000000000e+01 9.857030000000000000e+05
2.200000000000000000e+01 1.150450000000000000e+06
2.300000000000000000e+01 1.295578000000000000e+06
2.400000000000000000e+01 1.407452000000000000e+06
2.500000000000000000e+01 1.453313000000000000e+06
2.600000000000000000e+01 1.433600000000000000e+06
2.700000000000000000e+01 1.362201000000000000e+06
2.800000000000000000e+01 1.270832000000000000e+06
2.900000000000000000e+01 1.172702000000000000e+06
3.000000000000000000e+01 1.074025000000000000e+06
3.100000000000000000e+01 9.825530000000000000e+05
3.200000000000000000e+01 9.020220000000000000e+05
3.300000000000000000e+01 8.281820000000000000e+05
3.400000000000000000e+01 7.654800000000000000e+05
3.500000000000000000e+01 7.062480000000000000e+05
3.600000000000000000e+01 6.486900000000000000e+05
3.700000000000000000e+01 5.967590000000000000e+05
3.800000000000000000e+01 5.451380000000000000e+05
3.900000000000000000e+01 4.959860000000000000e+05
4.000000000000000000e+01 4.456170000000000000e+05
4.100000000000000000e+01 3.949900000000000000e+05
4.200000000000000000e+01 3.425430000000000000e+05
4.300000000000000000e+01 2.924790000000000000e+05
4.400000000000000000e+01 2.444570000000000000e+05
4.500000000000000000e+01 1.965200000000000000e+05
4.600000000000000000e+01 1.546540000000000000e+05
4.700000000000000000e+01 1.165170000000000000e+05
4.800000000000000000e+01 8.353200000000000000e+04
4.900000000000000000e+01 5.760400000000000000e+04
5.000000000000000000e+01 3.762900000000000000e+04
5.100000000000000000e+01 2.347900000000000000e+04
5.200000000000000000e+01 1.403400000000000000e+04
5.300000000000000000e+01 7.849000000000000000e+03
5.400000000000000000e+01 4.162000000000000000e+03
5.500000000000000000e+01 2.412000000000000000e+03
5.600000000000000000e+01 1.254000000000000000e+03
5.700000000000000000e+01 6.830000000000000000e+02
5.800000000000000000e+01 3.480000000000000000e+02
5.900000000000000000e+01 1.950000000000000000e+02
6.000000000000000000e+01 1.450000000000000000e+02
6.100000000000000000e+01 1.130000000000000000e+02
6.200000000000000000e+01 8.000000000000000000e+01
6.300000000000000000e+01 6.700000000000000000e+01
6.400000000000000000e+01 5.900000000000000000e+01
6.500000000000000000e+01 3.800000000000000000e+01
6.600000000000000000e+01 3.900000000000000000e+01
6.700000000000000000e+01 3.800000000000000000e+01
6.800000000000000000e+01 4.100000000000000000e+01
6.900000000000000000e+01 3.700000000000000000e+01
7.000000000000000000e+01 2.700000000000000000e+01
7.100000000000000000e+01 3.100000000000000000e+01
7.200000000000000000e+01 2.300000000000000000e+01
7.300000000000000000e+01 2.000000000000000000e+01
7.400000000000000000e+01 1.900000000000000000e+01
7.500000000000000000e+01 5.000000000000000000e+00
7.600000000000000000e+01 1.700000000000000000e+01
7.700000000000000000e+01 1.400000000000000000e+01
7.800000000000000000e+01 2.800000000000000000e+01
7.900000000000000000e+01 3.000000000000000000e+00
8.000000000000000000e+01 1.900000000000000000e+01
8.100000000000000000e+01 6.000000000000000000e+00
8.200000000000000000e+01 1.800000000000000000e+01
8.300000000000000000e+01 2.000000000000000000e+00
8.400000000000000000e+01 1.200000000000000000e+01
8.500000000000000000e+01 6.000000000000000000e+00
8.600000000000000000e+01 6.000000000000000000e+00
8.700000000000000000e+01 6.000000000000000000e+00
8.800000000000000000e+01 5.000000000000000000e+00
8.900000000000000000e+01 1.100000000000000000e+01
9.000000000000000000e+01 5.000000000000000000e+00
9.100000000000000000e+01 4.000000000000000000e+00
9.200000000000000000e+01 3.000000000000000000e+00
9.300000000000000000e+01 4.000000000000000000e+00
9.400000000000000000e+01 4.000000000000000000e+00
9.500000000000000000e+01 3.000000000000000000e+00
9.600000000000000000e+01 4.000000000000000000e+00
9.700000000000000000e+01 2.000000000000000000e+00
9.800000000000000000e+01 3.000000000000000000e+00
1.030000000000000000e+02 1.000000000000000000e+00
1.420000000000000000e+02 1.000000000000000000e+00
1.570000000000000000e+02 1.000000000000000000e+00
1.710000000000000000e+02 1.000000000000000000e+00
1.930000000000000000e+02 1.000000000000000000e+00
2.050000000000000000e+02 1.000000000000000000e+00
2.850000000000000000e+02 1.000000000000000000e+00
2.940000000000000000e+02 1.000000000000000000e+00
4.660000000000000000e+02 1.000000000000000000e+00
6.860000000000000000e+02 1.000000000000000000e+00
