-4.000000000000000000e+00 1.000000000000000000e+00
-3.000000000000000000e+00 5.000000000000000000e+00
-2.000000000000000000e+00 1.000000000000000000e+01
-1.000000000000000000e+00 3.200000000000000000e+01
0.000000000000000000e+00 1.351000000000000000e+03
1.000000000000000000e+00 8.300000000000000000e+01
2.000000000000000000e+00 1.310000000000000000e+02
3.000000000000000000e+00 1.750000000000000000e+02
4.000000000000000000e+00 9.380000000000000000e+02
5.000000000000000000e+00 4.860000000000000000e+03
6.000000000000000000e+00 2.644100000000000000e+04
7.000000000000000000e+00 4.884000000000000000e+04
8.000000000000000000e+00 6.921100000000000000e+04
9.000000000000000000e+00 9.867700000000000000e+04
1.000000000000000000e+01 1.386770000000000000e+05
1.100000000000000000e+01 1.912830000000000000e+05
1.200000000000000000e+01 2.640860000000000000e+05
1.300000000000000000e+01 3.596210000000000000e+05
1.400000000000000000e+01 4.852250000000000000e+05
1.500000000000000000e+01 6.413020000000000000e+05
1.600000000000000000e+01 8.365910000000000000e+05
1.700000000000000000e+01 1.079816000000000000e+06
1.800000000000000000e+01 1.347793000000000000e+06
1.900000000000000000e+01 1.614453000000000000e+06
2.000000000000000000e+01 1.858142000000000000e+06
2.100000000000000000e+01 2.061055000000000000e+06
2.200000000000000000e+01 2.204389000000000000e+06
2.300000000000000000e+01 2.240868000000000000e+06
2.400000000000000000e+01 2.172429000000000000e+06
2.500000000000000000e+01 1.979155000000000000e+06
2.600000000000000000e+01 1.694979000000000000e+06
2.700000000000000000e+01 1.349034000000000000e+06
2.800000000000000000e+01 9.865910000000000000e+05
2.900000000000000000e+01 6.540280000000000000e+05
3.000000000000000000e+01 3.861230000000000000e+05
3.100000000000000000e+01 2.020730000000000000e+05
3.200000000000000000e+01 9.423100000000000000e+04
3.300000000000000000e+01 3.933000000000000000e+04
3.400000000000000000e+01 1.557600000000000000e+04
3.500000000000000000e+01 5.677000000000000000e+03
3.600000000000000000e+01 2.126000000000000000e+03
3.700000000000000000e+01 8.320000000000000000e+02
3.800000000000000000e+01 3.570000000000000000e+02
3.900000000000000000e+01 1.450000000000000000e+02
4.000000000000000000e+01 1.240000000000000000e+02
4.100000000000000000e+01 1.230000000000000000e+02
4.200000000000000000e+01 9.000000000000000000e+01
4.300000000000000000e+01 9.600000000000000000e+01
4.400000000000000000e+01 9.300000000000000000e+01
4.500000000000000000e+01 9.400000000000000000e+01
4.600000000000000000e+01 8.400000000000000000e+01
4.700000000000000000e+01 6.300000000000000000e+01
4.800000000000000000e+01 3.700000000000000000e+01
4.900000000000000000e+01 9.100000000000000000e+01
5.000000000000000000e+01 3.200000000000000000e+01
5.100000000000000000e+01 8.100000000000000000e+01
5.200000000000000000e+01 1.900000000000000000e+01
5.300000000000000000e+01 5.400000000000000000e+01
5.400000000000000000e+01 1.800000000000000000e+01
5.500000000000000000e+01 5.900000000000000000e+01
5.600000000000000000e+01 1.700000000000000000e+01
5.700000000000000000e+01 3.500000000000000000e+01
5.800000000000000000e+01 1.000000000000000000e+01
5.900000000000000000e+01 2.100000000000000000e+01
6.000000000000000000e+01 6.000000000000000000e+00
6.100000000000000000e+01 1.900000000000000000e+01
6.200000000000000000e+01 4.000000000000000000e+00
6.300000000000000000e+01 1.100000000000000000e+01
6.400000000000000000e+01 3.000000000000000000e+00
6.500000000000000000e+01 2.000000000000000000e+00
6.600000000000000000e+01 1.000000000000000000e+00
6.700000000000000000e+01 3.000000000000000000e+00
6.800000000000000000e+01 3.000000000000000000e+00
6.900000000000000000e+01 3.000000000000000000e+00
7.000000000000000000e+01 1.000000000000000000e+00
7.100000000000000000e+01 1.000000000000000000e+00
7.300000000000000000e+01 1.000000000000000000e+00
7.800000000000000000e+01 1.000000000000000000e+00
9.600000000000000000e+01 1.000000000000000000e+00
9.800000000000000000e+01 1.000000000000000000e+00
1.020000000000000000e+02 3.000000000000000000e+00
1.110000000000000000e+02 1.000000000000000000e+00
1.130000000000000000e+02 1.000000000000000000e+00
1.180000000000000000e+02 1.000000000000000000e+00
1.250000000000000000e+02 1.000000000000000000e+00
1.310000000000000000e+02 1.000000000000000000e+00
1.330000000000000000e+02 2.000000000000000000e+00
1.570000000000000000e+02 1.000000000000000000e+00
1.580000000000000000e+02 1.000000000000000000e+00
1.700000000000000000e+02 1.000000000000000000e+00
2.200000000000000000e+02 1.000000000000000000e+00
2.260000000000000000e+02 1.000000000000000000e+00
2.350000000000000000e+02 1.000000000000000000e+00
2.420000000000000000e+02 1.000000000000000000e+00
2.730000000000000000e+02 1.000000000000000000e+00
2.930000000000000000e+02 1.000000000000000000e+00
7.300000000000000000e+02 1.000000000000000000e+00
7.940000000000000000e+02 1.000000000000000000e+00
1.122000000000000000e+03 1.000000000000000000e+00
