-4.000000000000000000e+00 3.000000000000000000e+00
-3.000000000000000000e+00 4.000000000000000000e+00
-2.000000000000000000e+00 1.100000000000000000e+01
-1.000000000000000000e+00 4.500000000000000000e+01
0.000000000000000000e+00 1.356000000000000000e+03
1.000000000000000000e+00 1.100000000000000000e+02
2.000000000000000000e+00 1.390000000000000000e+02
3.000000000000000000e+00 2.250000000000000000e+02
4.000000000000000000e+00 1.147000000000000000e+03
5.000000000000000000e+00 8.277000000000000000e+03
6.000000000000000000e+00 5.811800000000000000e+04
7.000000000000000000e+00 9.882100000000000000e+04
8.000000000000000000e+00 1.159650000000000000e+05
9.000000000000000000e+00 1.315500000000000000e+05
1.000000000000000000e+01 1.448770000000000000e+05
1.100000000000000000e+01 1.519090000000000000e+05
1.200000000000000000e+01 1.571470000000000000e+05
1.300000000000000000e+01 1.674350000000000000e+05
1.400000000000000000e+01 1.888190000000000000e+05
1.500000000000000000e+01 2.237900000000000000e+05
1.600000000000000000e+01 2.801830000000000000e+05
1.700000000000000000e+01 3.580340000000000000e+05
1.800000000000000000e+01 4.572690000000000000e+05
1.900000000000000000e+01 5.734880000000000000e+05
2.000000000000000000e+01 7.046480000000000000e+05
2.100000000000000000e+01 8.452910000000000000e+05
2.200000000000000000e+01 9.912650000000000000e+05
2.300000000000000000e+01 1.115244000000000000e+06
2.400000000000000000e+01 1.212302000000000000e+06
2.500000000000000000e+01 1.249532000000000000e+06
2.600000000000000000e+01 1.227298000000000000e+06
2.700000000000000000e+01 1.161314000000000000e+06
2.800000000000000000e+01 1.060274000000000000e+06
2.900000000000000000e+01 9.443990000000000000e+05
3.000000000000000000e+01 8.185360000000000000e+05
3.100000000000000000e+01 6.990310000000000000e+05
3.200000000000000000e+01 5.841580000000000000e+05
3.300000000000000000e+01 4.778210000000000000e+05
3.400000000000000000e+01 3.834440000000000000e+05
3.500000000000000000e+01 2.958740000000000000e+05
3.600000000000000000e+01 2.180200000000000000e+05
3.700000000000000000e+01 1.542970000000000000e+05
3.800000000000000000e+01 1.022440000000000000e+05
3.900000000000000000e+01 6.375900000000000000e+04
4.000000000000000000e+01 3.701100000000000000e+04
4.100000000000000000e+01 1.982600000000000000e+04
4.200000000000000000e+01 9.769000000000000000e+03
4.300000000000000000e+01 4.522000000000000000e+03
4.400000000000000000e+01 1.992000000000000000e+03
4.500000000000000000e+01 8.870000000000000000e+02
4.600000000000000000e+01 3.870000000000000000e+02
4.700000000000000000e+01 1.900000000000000000e+02
4.800000000000000000e+01 1.000000000000000000e+02
4.900000000000000000e+01 1.100000000000000000e+02
5.000000000000000000e+01 5.100000000000000000e+01
5.100000000000000000e+01 7.200000000000000000e+01
5.200000000000000000e+01 3.900000000000000000e+01
5.300000000000000000e+01 5.900000000000000000e+01
5.400000000000000000e+01 2.600000000000000000e+01
5.500000000000000000e+01 5.800000000000000000e+01
5.600000000000000000e+01 2.000000000000000000e+01
5.700000000000000000e+01 3.300000000000000000e+01
5.800000000000000000e+01 1.700000000000000000e+01
5.900000000000000000e+01 3.300000000000000000e+01
6.000000000000000000e+01 1.200000000000000000e+01
6.100000000000000000e+01 3.400000000000000000e+01
6.200000000000000000e+01 9.000000000000000000e+00
6.300000000000000000e+01 3.000000000000000000e+01
6.400000000000000000e+01 1.200000000000000000e+01
6.500000000000000000e+01 1.700000000000000000e+01
6.600000000000000000e+01 7.000000000000000000e+00
6.700000000000000000e+01 1.100000000000000000e+01
6.800000000000000000e+01 1.300000000000000000e+01
6.900000000000000000e+01 9.000000000000000000e+00
7.000000000000000000e+01 9.000000000000000000e+00
7.100000000000000000e+01 1.100000000000000000e+01
7.200000000000000000e+01 4.000000000000000000e+00
7.300000000000000000e+01 8.000000000000000000e+00
7.400000000000000000e+01 5.000000000000000000e+00
7.500000000000000000e+01 3.000000000000000000e+00
7.600000000000000000e+01 6.000000000000000000e+00
7.700000000000000000e+01 3.000000000000000000e+00
7.800000000000000000e+01 1.000000000000000000e+00
7.900000000000000000e+01 1.000000000000000000e+00
8.300000000000000000e+01 1.000000000000000000e+00
8.800000000000000000e+01 1.000000000000000000e+00
9.100000000000000000e+01 1.000000000000000000e+00
1.360000000000000000e+02 1.000000000000000000e+00
1.700000000000000000e+02 1.000000000000000000e+00
1.790000000000000000e+02 1.000000000000000000e+00
1.880000000000000000e+02 1.000000000000000000e+00
2.710000000000000000e+02 1.000000000000000000e+00
3.110000000000000000e+02 1.000000000000000000e+00
5.450000000000000000e+02 1.000000000000000000e+00
9.050000000000000000e+02 1.000000000000000000e+00
9.760000000000000000e+02 1.000000000000000000e+00
