-4.000000000000000000e+00 5.000000000000000000e+00
-3.000000000000000000e+00 4.000000000000000000e+00
-2.000000000000000000e+00 1.700000000000000000e+01
-1.000000000000000000e+00 4.200000000000000000e+01
0.000000000000000000e+00 1.371000000000000000e+03
1.000000000000000000e+00 1.120000000000000000e+02
2.000000000000000000e+00 1.490000000000000000e+02
3.000000000000000000e+00 2.220000000000000000e+02
4.000000000000000000e+00 1.169000000000000000e+03
5.000000000000000000e+00 8.637000000000000000e+03
6.000000000000000000e+00 6.036700000000000000e+04
7.000000000000000000e+00 1.022700000000000000e+05
8.000000000000000000e+00 1.196250000000000000e+05
9.000000000000000000e+00 1.356120000000000000e+05
1.000000000000000000e+01 1.498370000000000000e+05
1.100000000000000000e+01 1.572770000000000000e+05
1.200000000000000000e+01 1.620070000000000000e+05
1.300000000000000000e+01 1.710080000000000000e+05
1.400000000000000000e+01 1.917960000000000000e+05
1.500000000000000000e+01 2.276490000000000000e+05
1.600000000000000000e+01 2.840000000000000000e+05
1.700000000000000000e+01 3.622480000000000000e+05
1.800000000000000000e+01 4.636440000000000000e+05
1.900000000000000000e+01 5.816930000000000000e+05
2.000000000000000000e+01 7.160970000000000000e+05
2.100000000000000000e+01 8.619660000000000000e+05
2.200000000000000000e+01 1.011588000000000000e+06
2.300000000000000000e+01 1.142737000000000000e+06
2.400000000000000000e+01 1.244793000000000000e+06
2.500000000000000000e+01 1.289270000000000000e+06
2.600000000000000000e+01 1.275333000000000000e+06
2.700000000000000000e+01 1.207842000000000000e+06
2.800000000000000000e+01 1.105886000000000000e+06
2.900000000000000000e+01 9.887350000000000000e+05
3.000000000000000000e+01 8.625250000000000000e+05
3.100000000000000000e+01 7.352140000000000000e+05
3.200000000000000000e+01 6.157290000000000000e+05
3.300000000000000000e+01 5.047890000000000000e+05
3.400000000000000000e+01 4.050990000000000000e+05
3.500000000000000000e+01 3.139710000000000000e+05
3.600000000000000000e+01 2.333390000000000000e+05
3.700000000000000000e+01 1.652380000000000000e+05
3.800000000000000000e+01 1.103340000000000000e+05
3.900000000000000000e+01 6.928900000000000000e+04
4.000000000000000000e+01 4.040600000000000000e+04
4.100000000000000000e+01 2.196200000000000000e+04
4.200000000000000000e+01 1.094500000000000000e+04
4.300000000000000000e+01 5.075000000000000000e+03
4.400000000000000000e+01 2.208000000000000000e+03
4.500000000000000000e+01 9.660000000000000000e+02
4.600000000000000000e+01 4.840000000000000000e+02
4.700000000000000000e+01 2.340000000000000000e+02
4.800000000000000000e+01 1.010000000000000000e+02
4.900000000000000000e+01 1.220000000000000000e+02
5.000000000000000000e+01 4.100000000000000000e+01
5.100000000000000000e+01 9.900000000000000000e+01
5.200000000000000000e+01 2.900000000000000000e+01
5.300000000000000000e+01 9.100000000000000000e+01
5.400000000000000000e+01 3.300000000000000000e+01
5.500000000000000000e+01 5.400000000000000000e+01
5.600000000000000000e+01 3.600000000000000000e+01
5.700000000000000000e+01 5.000000000000000000e+01
5.800000000000000000e+01 1.000000000000000000e+01
5.900000000000000000e+01 4.100000000000000000e+01
6.000000000000000000e+01 1.200000000000000000e+01
6.100000000000000000e+01 3.600000000000000000e+01
6.200000000000000000e+01 1.700000000000000000e+01
6.300000000000000000e+01 3.300000000000000000e+01
6.400000000000000000e+01 2.200000000000000000e+01
6.500000000000000000e+01 2.400000000000000000e+01
6.600000000000000000e+01 9.000000000000000000e+00
6.700000000000000000e+01 2.400000000000000000e+01
6.800000000000000000e+01 1.000000000000000000e+01
6.900000000000000000e+01 7.000000000000000000e+00
7.000000000000000000e+01 6.000000000000000000e+00
7.100000000000000000e+01 9.000000000000000000e+00
7.200000000000000000e+01 6.000000000000000000e+00
7.300000000000000000e+01 3.000000000000000000e+00
7.400000000000000000e+01 3.000000000000000000e+00
7.500000000000000000e+01 3.000000000000000000e+00
7.600000000000000000e+01 6.000000000000000000e+00
7.700000000000000000e+01 1.000000000000000000e+00
7.800000000000000000e+01 3.000000000000000000e+00
7.900000000000000000e+01 2.000000000000000000e+00
8.000000000000000000e+01 4.000000000000000000e+00
8.200000000000000000e+01 5.000000000000000000e+00
8.300000000000000000e+01 1.000000000000000000e+00
8.400000000000000000e+01 2.000000000000000000e+00
8.500000000000000000e+01 1.000000000000000000e+00
9.000000000000000000e+01 1.000000000000000000e+00
9.700000000000000000e+01 1.000000000000000000e+00
1.770000000000000000e+02 1.000000000000000000e+00
3.520000000000000000e+02 1.000000000000000000e+00
8.060000000000000000e+02 1.000000000000000000e+00
4.443000000000000000e+03 1.000000000000000000e+00
