-4.000000000000000000e+00 3.000000000000000000e+00
-2.000000000000000000e+00 2.000000000000000000e+00
-1.000000000000000000e+00 1.200000000000000000e+01
0.000000000000000000e+00 1.324000000000000000e+03
1.000000000000000000e+00 2.900000000000000000e+01
2.000000000000000000e+00 5.200000000000000000e+01
3.000000000000000000e+00 9.500000000000000000e+01
4.000000000000000000e+00 6.580000000000000000e+02
5.000000000000000000e+00 2.976000000000000000e+03
6.000000000000000000e+00 1.420600000000000000e+04
7.000000000000000000e+00 2.595100000000000000e+04
8.000000000000000000e+00 3.697400000000000000e+04
9.000000000000000000e+00 5.208600000000000000e+04
1.000000000000000000e+01 7.325000000000000000e+04
1.100000000000000000e+01 1.011660000000000000e+05
1.200000000000000000e+01 1.391800000000000000e+05
1.300000000000000000e+01 1.900440000000000000e+05
1.400000000000000000e+01 2.571980000000000000e+05
1.500000000000000000e+01 3.412250000000000000e+05
1.600000000000000000e+01 4.454440000000000000e+05
1.700000000000000000e+01 5.754060000000000000e+05
1.800000000000000000e+01 7.191020000000000000e+05
1.900000000000000000e+01 8.682770000000000000e+05
2.000000000000000000e+01 1.002247000000000000e+06
2.100000000000000000e+01 1.121975000000000000e+06
2.200000000000000000e+01 1.204563000000000000e+06
2.300000000000000000e+01 1.236070000000000000e+06
2.400000000000000000e+01 1.207502000000000000e+06
2.500000000000000000e+01 1.111760000000000000e+06
2.600000000000000000e+01 9.607710000000000000e+05
2.700000000000000000e+01 7.720420000000000000e+05
2.800000000000000000e+01 5.677470000000000000e+05
2.900000000000000000e+01 3.795870000000000000e+05
3.000000000000000000e+01 2.265640000000000000e+05
3.100000000000000000e+01 1.200160000000000000e+05
3.200000000000000000e+01 5.613000000000000000e+04
3.300000000000000000e+01 2.337500000000000000e+04
3.400000000000000000e+01 9.317000000000000000e+03
3.500000000000000000e+01 3.482000000000000000e+03
3.600000000000000000e+01 1.187000000000000000e+03
3.700000000000000000e+01 4.540000000000000000e+02
3.800000000000000000e+01 1.780000000000000000e+02
3.900000000000000000e+01 8.200000000000000000e+01
4.000000000000000000e+01 5.000000000000000000e+01
4.100000000000000000e+01 5.200000000000000000e+01
4.200000000000000000e+01 3.500000000000000000e+01
4.300000000000000000e+01 1.600000000000000000e+01
4.400000000000000000e+01 3.500000000000000000e+01
4.500000000000000000e+01 2.100000000000000000e+01
4.600000000000000000e+01 1.800000000000000000e+01
4.700000000000000000e+01 1.500000000000000000e+01
4.800000000000000000e+01 1.800000000000000000e+01
4.900000000000000000e+01 4.200000000000000000e+01
5.000000000000000000e+01 8.000000000000000000e+00
5.100000000000000000e+01 2.500000000000000000e+01
5.200000000000000000e+01 1.400000000000000000e+01
5.300000000000000000e+01 2.200000000000000000e+01
5.400000000000000000e+01 6.000000000000000000e+00
5.500000000000000000e+01 1.200000000000000000e+01
5.600000000000000000e+01 5.000000000000000000e+00
5.700000000000000000e+01 8.000000000000000000e+00
5.800000000000000000e+01 4.000000000000000000e+00
5.900000000000000000e+01 9.000000000000000000e+00
6.000000000000000000e+01 2.000000000000000000e+00
6.100000000000000000e+01 6.000000000000000000e+00
6.200000000000000000e+01 2.000000000000000000e+00
6.300000000000000000e+01 2.000000000000000000e+00
6.400000000000000000e+01 2.000000000000000000e+00
6.500000000000000000e+01 1.000000000000000000e+00
6.600000000000000000e+01 1.000000000000000000e+00
6.700000000000000000e+01 1.000000000000000000e+00
6.800000000000000000e+01 1.000000000000000000e+00
7.000000000000000000e+01 3.000000000000000000e+00
7.100000000000000000e+01 2.000000000000000000e+00
7.800000000000000000e+01 1.000000000000000000e+00
7.900000000000000000e+01 1.000000000000000000e+00
8.700000000000000000e+01 1.000000000000000000e+00
9.300000000000000000e+01 1.000000000000000000e+00
9.600000000000000000e+01 1.000000000000000000e+00
1.000000000000000000e+02 1.000000000000000000e+00
1.110000000000000000e+02 1.000000000000000000e+00
1.150000000000000000e+02 1.000000000000000000e+00
1.540000000000000000e+02 2.000000000000000000e+00
1.620000000000000000e+02 1.000000000000000000e+00
1.650000000000000000e+02 1.000000000000000000e+00
1.940000000000000000e+02 1.000000000000000000e+00
1.950000000000000000e+02 1.000000000000000000e+00
2.060000000000000000e+02 1.000000000000000000e+00
2.090000000000000000e+02 1.000000000000000000e+00
2.370000000000000000e+02 1.000000000000000000e+00
2.530000000000000000e+02 1.000000000000000000e+00
2.820000000000000000e+02 1.000000000000000000e+00
3.070000000000000000e+02 1.000000000000000000e+00
3.730000000000000000e+02 1.000000000000000000e+00
4.660000000000000000e+02 1.000000000000000000e+00
8.230000000000000000e+02 1.000000000000000000e+00
1.051000000000000000e+03 1.000000000000000000e+00
1.687000000000000000e+03 1.000000000000000000e+00
