-4.000000000000000000e+00 8.000000000000000000e+00
-3.000000000000000000e+00 1.100000000000000000e+01
-2.000000000000000000e+00 1.100000000000000000e+01
-1.000000000000000000e+00 7.500000000000000000e+01
0.000000000000000000e+00 1.396000000000000000e+03
1.000000000000000000e+00 1.680000000000000000e+02
2.000000000000000000e+00 2.090000000000000000e+02
3.000000000000000000e+00 2.950000000000000000e+02
4.000000000000000000e+00 1.533000000000000000e+03
5.000000000000000000e+00 1.157900000000000000e+04
6.000000000000000000e+00 8.103500000000000000e+04
7.000000000000000000e+00 1.401030000000000000e+05
8.000000000000000000e+00 1.692170000000000000e+05
9.000000000000000000e+00 2.011770000000000000e+05
1.000000000000000000e+01 2.318060000000000000e+05
1.100000000000000000e+01 2.535920000000000000e+05
1.200000000000000000e+01 2.666570000000000000e+05
1.300000000000000000e+01 2.786620000000000000e+05
1.400000000000000000e+01 2.907870000000000000e+05
1.500000000000000000e+01 3.084330000000000000e+05
1.600000000000000000e+01 3.360360000000000000e+05
1.700000000000000000e+01 3.803530000000000000e+05
1.800000000000000000e+01 4.383270000000000000e+05
1.900000000000000000e+01 5.141230000000000000e+05
2.000000000000000000e+01 6.074590000000000000e+05
2.100000000000000000e+01 7.166550000000000000e+05
2.200000000000000000e+01 8.357690000000000000e+05
2.300000000000000000e+01 9.460550000000000000e+05
2.400000000000000000e+01 1.031920000000000000e+06
2.500000000000000000e+01 1.068291000000000000e+06
2.600000000000000000e+01 1.060547000000000000e+06
2.700000000000000000e+01 1.010315000000000000e+06
2.800000000000000000e+01 9.469100000000000000e+05
2.900000000000000000e+01 8.728790000000000000e+05
3.000000000000000000e+01 7.986860000000000000e+05
3.100000000000000000e+01 7.316710000000000000e+05
3.200000000000000000e+01 6.712680000000000000e+05
3.300000000000000000e+01 6.145000000000000000e+05
3.400000000000000000e+01 5.678720000000000000e+05
3.500000000000000000e+01 5.238070000000000000e+05
3.600000000000000000e+01 4.841210000000000000e+05
3.700000000000000000e+01 4.431960000000000000e+05
3.800000000000000000e+01 4.055170000000000000e+05
3.900000000000000000e+01 3.679530000000000000e+05
4.000000000000000000e+01 3.313300000000000000e+05
4.100000000000000000e+01 2.930600000000000000e+05
4.200000000000000000e+01 2.565160000000000000e+05
4.300000000000000000e+01 2.182650000000000000e+05
4.400000000000000000e+01 1.837600000000000000e+05
4.500000000000000000e+01 1.483150000000000000e+05
4.600000000000000000e+01 1.163680000000000000e+05
4.700000000000000000e+01 8.816500000000000000e+04
4.800000000000000000e+01 6.404700000000000000e+04
4.900000000000000000e+01 4.398400000000000000e+04
5.000000000000000000e+01 2.884100000000000000e+04
5.100000000000000000e+01 1.791000000000000000e+04
5.200000000000000000e+01 1.059600000000000000e+04
5.300000000000000000e+01 6.076000000000000000e+03
5.400000000000000000e+01 3.287000000000000000e+03
5.500000000000000000e+01 1.754000000000000000e+03
5.600000000000000000e+01 9.420000000000000000e+02
5.700000000000000000e+01 5.000000000000000000e+02
5.800000000000000000e+01 2.630000000000000000e+02
5.900000000000000000e+01 1.780000000000000000e+02
6.000000000000000000e+01 1.020000000000000000e+02
6.100000000000000000e+01 8.300000000000000000e+01
6.200000000000000000e+01 5.200000000000000000e+01
6.300000000000000000e+01 7.000000000000000000e+01
6.400000000000000000e+01 3.400000000000000000e+01
6.500000000000000000e+01 4.000000000000000000e+01
6.600000000000000000e+01 1.900000000000000000e+01
6.700000000000000000e+01 2.700000000000000000e+01
6.800000000000000000e+01 2.500000000000000000e+01
6.900000000000000000e+01 2.000000000000000000e+01
7.000000000000000000e+01 1.900000000000000000e+01
7.100000000000000000e+01 2.200000000000000000e+01
7.200000000000000000e+01 1.700000000000000000e+01
7.300000000000000000e+01 1.300000000000000000e+01
7.400000000000000000e+01 1.000000000000000000e+01
7.500000000000000000e+01 4.000000000000000000e+00
7.600000000000000000e+01 1.900000000000000000e+01
7.700000000000000000e+01 1.200000000000000000e+01
7.800000000000000000e+01 1.500000000000000000e+01
7.900000000000000000e+01 3.000000000000000000e+00
8.000000000000000000e+01 2.100000000000000000e+01
8.100000000000000000e+01 1.000000000000000000e+00
8.200000000000000000e+01 7.000000000000000000e+00
8.300000000000000000e+01 4.000000000000000000e+00
8.400000000000000000e+01 1.300000000000000000e+01
8.500000000000000000e+01 3.000000000000000000e+00
8.600000000000000000e+01 1.200000000000000000e+01
8.700000000000000000e+01 5.000000000000000000e+00
8.800000000000000000e+01 6.000000000000000000e+00
8.900000000000000000e+01 2.000000000000000000e+00
9.000000000000000000e+01 9.000000000000000000e+00
9.100000000000000000e+01 8.000000000000000000e+00
9.200000000000000000e+01 2.000000000000000000e+00
9.300000000000000000e+01 3.000000000000000000e+00
9.400000000000000000e+01 2.000000000000000000e+00
9.500000000000000000e+01 1.000000000000000000e+00
9.600000000000000000e+01 4.000000000000000000e+00
9.800000000000000000e+01 2.000000000000000000e+00
9.900000000000000000e+01 2.000000000000000000e+00
1.000000000000000000e+02 1.000000000000000000e+00
1.010000000000000000e+02 1.000000000000000000e+00
1.030000000000000000e+02 1.000000000000000000e+00
1.040000000000000000e+02 1.000000000000000000e+00
1.050000000000000000e+02 2.000000000000000000e+00
1.110000000000000000e+02 1.000000000000000000e+00
1.120000000000000000e+02 1.000000000000000000e+00
1.130000000000000000e+02 1.000000000000000000e+00
1.180000000000000000e+02 1.000000000000000000e+00
1.480000000000000000e+02 1.000000000000000000e+00
1.570000000000000000e+02 1.000000000000000000e+00
2.080000000000000000e+02 1.000000000000000000e+00
2.130000000000000000e+02 1.000000000000000000e+00
2.260000000000000000e+02 1.000000000000000000e+00
5.500000000000000000e+02 1.000000000000000000e+00
4.777000000000000000e+03 1.000000000000000000e+00
