-4.000000000000000000e+00 7.000000000000000000e+00
-3.000000000000000000e+00 8.000000000000000000e+00
-2.000000000000000000e+00 2.700000000000000000e+01
-1.000000000000000000e+00 7.400000000000000000e+01
0.000000000000000000e+00 1.419000000000000000e+03
1.000000000000000000e+00 1.870000000000000000e+02
2.000000000000000000e+00 2.650000000000000000e+02
3.000000000000000000e+00 4.540000000000000000e+02
4.000000000000000000e+00 2.105000000000000000e+03
5.000000000000000000e+00 1.596700000000000000e+04
6.000000000000000000e+00 1.111640000000000000e+05
7.000000000000000000e+00 1.929950000000000000e+05
8.000000000000000000e+00 2.318850000000000000e+05
9.000000000000000000e+00 2.740190000000000000e+05
1.000000000000000000e+01 3.161350000000000000e+05
1.100000000000000000e+01 3.453740000000000000e+05
1.200000000000000000e+01 3.648240000000000000e+05
1.300000000000000000e+01 3.817790000000000000e+05
1.400000000000000000e+01 4.007720000000000000e+05
1.500000000000000000e+01 4.257720000000000000e+05
1.600000000000000000e+01 4.659810000000000000e+05
1.700000000000000000e+01 5.279670000000000000e+05
1.800000000000000000e+01 6.136250000000000000e+05
1.900000000000000000e+01 7.198030000000000000e+05
2.000000000000000000e+01 8.509090000000000000e+05
2.100000000000000000e+01 1.004461000000000000e+06
2.200000000000000000e+01 1.166711000000000000e+06
2.300000000000000000e+01 1.313133000000000000e+06
2.400000000000000000e+01 1.419835000000000000e+06
2.500000000000000000e+01 1.455911000000000000e+06
2.600000000000000000e+01 1.430373000000000000e+06
2.700000000000000000e+01 1.354849000000000000e+06
2.800000000000000000e+01 1.260173000000000000e+06
2.900000000000000000e+01 1.162095000000000000e+06
3.000000000000000000e+01 1.063861000000000000e+06
3.100000000000000000e+01 9.733560000000000000e+05
3.200000000000000000e+01 8.951340000000000000e+05
3.300000000000000000e+01 8.231380000000000000e+05
3.400000000000000000e+01 7.581940000000000000e+05
3.500000000000000000e+01 7.006090000000000000e+05
3.600000000000000000e+01 6.442360000000000000e+05
3.700000000000000000e+01 5.923990000000000000e+05
3.800000000000000000e+01 5.405920000000000000e+05
3.900000000000000000e+01 4.912160000000000000e+05
4.000000000000000000e+01 4.402950000000000000e+05
4.100000000000000000e+01 3.880630000000000000e+05
4.200000000000000000e+01 3.378000000000000000e+05
4.300000000000000000e+01 2.892470000000000000e+05
4.400000000000000000e+01 2.388200000000000000e+05
4.500000000000000000e+01 1.926910000000000000e+05
4.600000000000000000e+01 1.508760000000000000e+05
4.700000000000000000e+01 1.130610000000000000e+05
4.800000000000000000e+01 8.038200000000000000e+04
4.900000000000000000e+01 5.547000000000000000e+04
5.000000000000000000e+01 3.573100000000000000e+04
5.100000000000000000e+01 2.218600000000000000e+04
5.200000000000000000e+01 1.305200000000000000e+04
5.300000000000000000e+01 7.573000000000000000e+03
5.400000000000000000e+01 3.977000000000000000e+03
5.500000000000000000e+01 2.201000000000000000e+03
5.600000000000000000e+01 1.148000000000000000e+03
5.700000000000000000e+01 6.690000000000000000e+02
5.800000000000000000e+01 3.270000000000000000e+02
5.900000000000000000e+01 2.000000000000000000e+02
6.000000000000000000e+01 9.500000000000000000e+01
6.100000000000000000e+01 9.800000000000000000e+01
6.200000000000000000e+01 6.000000000000000000e+01
6.300000000000000000e+01 7.300000000000000000e+01
6.400000000000000000e+01 4.900000000000000000e+01
6.500000000000000000e+01 4.100000000000000000e+01
6.600000000000000000e+01 4.900000000000000000e+01
6.700000000000000000e+01 3.000000000000000000e+01
6.800000000000000000e+01 2.400000000000000000e+01
6.900000000000000000e+01 2.500000000000000000e+01
7.000000000000000000e+01 2.700000000000000000e+01
7.100000000000000000e+01 3.300000000000000000e+01
7.200000000000000000e+01 3.000000000000000000e+01
7.300000000000000000e+01 2.000000000000000000e+01
7.400000000000000000e+01 1.900000000000000000e+01
7.500000000000000000e+01 6.000000000000000000e+00
7.600000000000000000e+01 2.900000000000000000e+01
7.700000000000000000e+01 7.000000000000000000e+00
7.800000000000000000e+01 2.400000000000000000e+01
7.900000000000000000e+01 9.000000000000000000e+00
8.000000000000000000e+01 1.400000000000000000e+01
8.100000000000000000e+01 3.000000000000000000e+00
8.200000000000000000e+01 1.600000000000000000e+01
8.300000000000000000e+01 1.000000000000000000e+00
8.400000000000000000e+01 1.200000000000000000e+01
8.500000000000000000e+01 4.000000000000000000e+00
8.600000000000000000e+01 1.200000000000000000e+01
8.700000000000000000e+01 7.000000000000000000e+00
8.800000000000000000e+01 1.400000000000000000e+01
8.900000000000000000e+01 8.000000000000000000e+00
9.000000000000000000e+01 7.000000000000000000e+00
9.100000000000000000e+01 5.000000000000000000e+00
9.200000000000000000e+01 3.000000000000000000e+00
9.300000000000000000e+01 3.000000000000000000e+00
9.400000000000000000e+01 1.000000000000000000e+00
9.500000000000000000e+01 2.000000000000000000e+00
9.600000000000000000e+01 2.000000000000000000e+00
9.700000000000000000e+01 1.000000000000000000e+00
1.010000000000000000e+02 2.000000000000000000e+00
1.020000000000000000e+02 1.000000000000000000e+00
1.030000000000000000e+02 1.000000000000000000e+00
1.050000000000000000e+02 1.000000000000000000e+00
1.140000000000000000e+02 1.000000000000000000e+00
1.150000000000000000e+02 1.000000000000000000e+00
1.190000000000000000e+02 1.000000000000000000e+00
1.360000000000000000e+02 1.000000000000000000e+00
2.450000000000000000e+02 1.000000000000000000e+00
5.450000000000000000e+02 1.000000000000000000e+00
6.040000000000000000e+02 1.000000000000000000e+00
7.090000000000000000e+02 1.000000000000000000e+00
2.577000000000000000e+03 1.000000000000000000e+00
