-4.000000000000000000e+00 7.000000000000000000e+00
-3.000000000000000000e+00 8.000000000000000000e+00
-2.000000000000000000e+00 3.000000000000000000e+01
-1.000000000000000000e+00 8.800000000000000000e+01
0.000000000000000000e+00 1.394000000000000000e+03
1.000000000000000000e+00 2.010000000000000000e+02
2.000000000000000000e+00 2.500000000000000000e+02
3.000000000000000000e+00 4.090000000000000000e+02
4.000000000000000000e+00 2.055000000000000000e+03
5.000000000000000000e+00 1.592800000000000000e+04
6.000000000000000000e+00 1.109090000000000000e+05
7.000000000000000000e+00 1.919920000000000000e+05
8.000000000000000000e+00 2.313680000000000000e+05
9.000000000000000000e+00 2.739800000000000000e+05
1.000000000000000000e+01 3.166590000000000000e+05
1.100000000000000000e+01 3.449080000000000000e+05
1.200000000000000000e+01 3.656290000000000000e+05
1.300000000000000000e+01 3.824310000000000000e+05
1.400000000000000000e+01 4.028030000000000000e+05
1.500000000000000000e+01 4.267150000000000000e+05
1.600000000000000000e+01 4.672470000000000000e+05
1.700000000000000000e+01 5.292900000000000000e+05
1.800000000000000000e+01 6.137820000000000000e+05
1.900000000000000000e+01 7.205720000000000000e+05
2.000000000000000000e+01 8.501980000000000000e+05
2.100000000000000000e+01 1.004033000000000000e+06
2.200000000000000000e+01 1.165823000000000000e+06
2.300000000000000000e+01 1.312227000000000000e+06
2.400000000000000000e+01 1.419705000000000000e+06
2.500000000000000000e+01 1.459132000000000000e+06
2.600000000000000000e+01 1.430518000000000000e+06
2.700000000000000000e+01 1.356296000000000000e+06
2.800000000000000000e+01 1.263803000000000000e+06
2.900000000000000000e+01 1.163669000000000000e+06
3.000000000000000000e+01 1.063739000000000000e+06
3.100000000000000000e+01 9.748740000000000000e+05
3.200000000000000000e+01 8.931600000000000000e+05
3.300000000000000000e+01 8.225450000000000000e+05
3.400000000000000000e+01 7.590790000000000000e+05
3.500000000000000000e+01 6.991020000000000000e+05
3.600000000000000000e+01 6.455780000000000000e+05
3.700000000000000000e+01 5.908520000000000000e+05
3.800000000000000000e+01 5.391240000000000000e+05
3.900000000000000000e+01 4.896840000000000000e+05
4.000000000000000000e+01 4.393130000000000000e+05
4.100000000000000000e+01 3.885140000000000000e+05
4.200000000000000000e+01 3.382920000000000000e+05
4.300000000000000000e+01 2.872180000000000000e+05
4.400000000000000000e+01 2.382760000000000000e+05
4.500000000000000000e+01 1.917720000000000000e+05
4.600000000000000000e+01 1.507340000000000000e+05
4.700000000000000000e+01 1.120140000000000000e+05
4.800000000000000000e+01 8.056000000000000000e+04
4.900000000000000000e+01 5.497900000000000000e+04
5.000000000000000000e+01 3.557000000000000000e+04
5.100000000000000000e+01 2.168000000000000000e+04
5.200000000000000000e+01 1.298000000000000000e+04
5.300000000000000000e+01 7.339000000000000000e+03
5.400000000000000000e+01 3.911000000000000000e+03
5.500000000000000000e+01 2.169000000000000000e+03
5.600000000000000000e+01 1.048000000000000000e+03
5.700000000000000000e+01 5.800000000000000000e+02
5.800000000000000000e+01 3.250000000000000000e+02
5.900000000000000000e+01 1.860000000000000000e+02
6.000000000000000000e+01 1.030000000000000000e+02
6.100000000000000000e+01 1.180000000000000000e+02
6.200000000000000000e+01 5.800000000000000000e+01
6.300000000000000000e+01 6.900000000000000000e+01
6.400000000000000000e+01 3.600000000000000000e+01
6.500000000000000000e+01 4.200000000000000000e+01
6.600000000000000000e+01 3.800000000000000000e+01
6.700000000000000000e+01 3.300000000000000000e+01
6.800000000000000000e+01 3.400000000000000000e+01
6.900000000000000000e+01 3.400000000000000000e+01
7.000000000000000000e+01 2.300000000000000000e+01
7.100000000000000000e+01 2.400000000000000000e+01
7.200000000000000000e+01 2.400000000000000000e+01
7.300000000000000000e+01 2.100000000000000000e+01
7.400000000000000000e+01 2.000000000000000000e+01
7.500000000000000000e+01 1.200000000000000000e+01
7.600000000000000000e+01 1.900000000000000000e+01
7.700000000000000000e+01 1.400000000000000000e+01
7.800000000000000000e+01 1.800000000000000000e+01
7.900000000000000000e+01 6.000000000000000000e+00
8.000000000000000000e+01 2.000000000000000000e+01
8.100000000000000000e+01 6.000000000000000000e+00
8.200000000000000000e+01 2.000000000000000000e+01
8.300000000000000000e+01 7.000000000000000000e+00
8.400000000000000000e+01 1.200000000000000000e+01
8.500000000000000000e+01 7.000000000000000000e+00
8.600000000000000000e+01 1.000000000000000000e+01
8.700000000000000000e+01 1.300000000000000000e+01
8.800000000000000000e+01 1.000000000000000000e+00
8.900000000000000000e+01 4.000000000000000000e+00
9.000000000000000000e+01 5.000000000000000000e+00
9.100000000000000000e+01 8.000000000000000000e+00
9.200000000000000000e+01 3.000000000000000000e+00
9.300000000000000000e+01 2.000000000000000000e+00
9.400000000000000000e+01 6.000000000000000000e+00
9.500000000000000000e+01 2.000000000000000000e+00
9.600000000000000000e+01 3.000000000000000000e+00
9.700000000000000000e+01 5.000000000000000000e+00
9.900000000000000000e+01 1.000000000000000000e+00
1.000000000000000000e+02 1.000000000000000000e+00
1.010000000000000000e+02 1.000000000000000000e+00
1.030000000000000000e+02 1.000000000000000000e+00
1.050000000000000000e+02 5.000000000000000000e+00
1.070000000000000000e+02 2.000000000000000000e+00
1.190000000000000000e+02 1.000000000000000000e+00
1.290000000000000000e+02 1.000000000000000000e+00
1.350000000000000000e+02 1.000000000000000000e+00
1.460000000000000000e+02 1.000000000000000000e+00
1.790000000000000000e+02 1.000000000000000000e+00
2.030000000000000000e+02 1.000000000000000000e+00
1.088000000000000000e+03 1.000000000000000000e+00
1.151000000000000000e+03 1.000000000000000000e+00
