-4.000000000000000000e+00 2.000000000000000000e+00
-3.000000000000000000e+00 6.000000000000000000e+00
-2.000000000000000000e+00 7.000000000000000000e+00
-1.000000000000000000e+00 3.000000000000000000e+01
0.000000000000000000e+00 1.345000000000000000e+03
1.000000000000000000e+00 8.200000000000000000e+01
2.000000000000000000e+00 9.900000000000000000e+01
3.000000000000000000e+00 1.620000000000000000e+02
4.000000000000000000e+00 9.360000000000000000e+02
5.000000000000000000e+00 4.815000000000000000e+03
6.000000000000000000e+00 2.602800000000000000e+04
7.000000000000000000e+00 4.827300000000000000e+04
8.000000000000000000e+00 6.809800000000000000e+04
9.000000000000000000e+00 9.662300000000000000e+04
1.000000000000000000e+01 1.369670000000000000e+05
1.100000000000000000e+01 1.895740000000000000e+05
1.200000000000000000e+01 2.600200000000000000e+05
1.300000000000000000e+01 3.544230000000000000e+05
1.400000000000000000e+01 4.787350000000000000e+05
1.500000000000000000e+01 6.339350000000000000e+05
1.600000000000000000e+01 8.274380000000000000e+05
1.700000000000000000e+01 1.068472000000000000e+06
1.800000000000000000e+01 1.335219000000000000e+06
1.900000000000000000e+01 1.603219000000000000e+06
2.000000000000000000e+01 1.846393000000000000e+06
2.100000000000000000e+01 2.047836000000000000e+06
2.200000000000000000e+01 2.193289000000000000e+06
2.300000000000000000e+01 2.232314000000000000e+06
2.400000000000000000e+01 2.166528000000000000e+06
2.500000000000000000e+01 1.974768000000000000e+06
2.600000000000000000e+01 1.694081000000000000e+06
2.700000000000000000e+01 1.351270000000000000e+06
2.800000000000000000e+01 9.898010000000000000e+05
2.900000000000000000e+01 6.568350000000000000e+05
3.000000000000000000e+01 3.880830000000000000e+05
3.100000000000000000e+01 2.046510000000000000e+05
3.200000000000000000e+01 9.506500000000000000e+04
3.300000000000000000e+01 3.985500000000000000e+04
3.400000000000000000e+01 1.582500000000000000e+04
3.500000000000000000e+01 5.912000000000000000e+03
3.600000000000000000e+01 2.086000000000000000e+03
3.700000000000000000e+01 8.360000000000000000e+02
3.800000000000000000e+01 3.740000000000000000e+02
3.900000000000000000e+01 1.520000000000000000e+02
4.000000000000000000e+01 1.590000000000000000e+02
4.100000000000000000e+01 9.900000000000000000e+01
4.200000000000000000e+01 8.600000000000000000e+01
4.300000000000000000e+01 8.100000000000000000e+01
4.400000000000000000e+01 9.000000000000000000e+01
4.500000000000000000e+01 9.800000000000000000e+01
4.600000000000000000e+01 7.100000000000000000e+01
4.700000000000000000e+01 6.500000000000000000e+01
4.800000000000000000e+01 3.200000000000000000e+01
4.900000000000000000e+01 9.500000000000000000e+01
5.000000000000000000e+01 2.000000000000000000e+01
5.100000000000000000e+01 6.000000000000000000e+01
5.200000000000000000e+01 1.900000000000000000e+01
5.300000000000000000e+01 6.500000000000000000e+01
5.400000000000000000e+01 1.100000000000000000e+01
5.500000000000000000e+01 4.600000000000000000e+01
5.600000000000000000e+01 9.000000000000000000e+00
5.700000000000000000e+01 4.100000000000000000e+01
5.800000000000000000e+01 9.000000000000000000e+00
5.900000000000000000e+01 1.600000000000000000e+01
6.000000000000000000e+01 8.000000000000000000e+00
6.100000000000000000e+01 9.000000000000000000e+00
6.200000000000000000e+01 2.000000000000000000e+00
6.300000000000000000e+01 8.000000000000000000e+00
6.400000000000000000e+01 1.000000000000000000e+00
6.500000000000000000e+01 4.000000000000000000e+00
6.600000000000000000e+01 2.000000000000000000e+00
6.700000000000000000e+01 2.000000000000000000e+00
6.800000000000000000e+01 1.000000000000000000e+00
6.900000000000000000e+01 3.000000000000000000e+00
7.100000000000000000e+01 1.000000000000000000e+00
7.200000000000000000e+01 1.000000000000000000e+00
7.500000000000000000e+01 1.000000000000000000e+00
7.900000000000000000e+01 1.000000000000000000e+00
8.400000000000000000e+01 1.000000000000000000e+00
9.700000000000000000e+01 1.000000000000000000e+00
9.900000000000000000e+01 1.000000000000000000e+00
1.010000000000000000e+02 1.000000000000000000e+00
1.310000000000000000e+02 1.000000000000000000e+00
1.620000000000000000e+02 1.000000000000000000e+00
2.150000000000000000e+02 1.000000000000000000e+00
2.570000000000000000e+02 1.000000000000000000e+00
2.830000000000000000e+02 1.000000000000000000e+00
3.240000000000000000e+02 1.000000000000000000e+00
4.750000000000000000e+02 1.000000000000000000e+00
2.141000000000000000e+03 1.000000000000000000e+00
