-4.000000000000000000e+00 6.000000000000000000e+00
-3.000000000000000000e+00 9.000000000000000000e+00
-2.000000000000000000e+00 2.600000000000000000e+01
-1.000000000000000000e+00 1.010000000000000000e+02
0.000000000000000000e+00 1.416000000000000000e+03
1.000000000000000000e+00 1.920000000000000000e+02
2.000000000000000000e+00 2.270000000000000000e+02
3.000000000000000000e+00 4.250000000000000000e+02
4.000000000000000000e+00 2.166000000000000000e+03
5.000000000000000000e+00 1.561500000000000000e+04
6.000000000000000000e+00 1.097460000000000000e+05
7.000000000000000000e+00 1.917670000000000000e+05
8.000000000000000000e+00 2.304050000000000000e+05
9.000000000000000000e+00 2.736540000000000000e+05
1.000000000000000000e+01 3.160840000000000000e+05
1.100000000000000000e+01 3.440280000000000000e+05
1.200000000000000000e+01 3.638440000000000000e+05
1.300000000000000000e+01 3.796470000000000000e+05
1.400000000000000000e+01 3.980210000000000000e+05
1.500000000000000000e+01 4.219690000000000000e+05
1.600000000000000000e+01 4.608760000000000000e+05
1.700000000000000000e+01 5.233310000000000000e+05
1.800000000000000000e+01 6.032900000000000000e+05
1.900000000000000000e+01 7.068820000000000000e+05
2.000000000000000000e+01 8.340510000000000000e+05
2.100000000000000000e+01 9.843070000000000000e+05
2.200000000000000000e+01 1.148193000000000000e+06
2.300000000000000000e+01 1.293225000000000000e+06
2.400000000000000000e+01 1.407409000000000000e+06
2.500000000000000000e+01 1.452240000000000000e+06
2.600000000000000000e+01 1.432181000000000000e+06
2.700000000000000000e+01 1.364713000000000000e+06
2.800000000000000000e+01 1.272291000000000000e+06
2.900000000000000000e+01 1.174872000000000000e+06
3.000000000000000000e+01 1.077713000000000000e+06
3.100000000000000000e+01 9.845580000000000000e+05
3.200000000000000000e+01 9.037150000000000000e+05
3.300000000000000000e+01 8.287580000000000000e+05
3.400000000000000000e+01 7.654810000000000000e+05
3.500000000000000000e+01 7.072100000000000000e+05
3.600000000000000000e+01 6.491810000000000000e+05
3.700000000000000000e+01 5.954740000000000000e+05
3.800000000000000000e+01 5.452250000000000000e+05
3.900000000000000000e+01 4.956110000000000000e+05
4.000000000000000000e+01 4.453730000000000000e+05
4.100000000000000000e+01 3.941210000000000000e+05
4.200000000000000000e+01 3.434340000000000000e+05
4.300000000000000000e+01 2.929120000000000000e+05
4.400000000000000000e+01 2.443380000000000000e+05
4.500000000000000000e+01 1.978280000000000000e+05
4.600000000000000000e+01 1.556260000000000000e+05
4.700000000000000000e+01 1.170100000000000000e+05
4.800000000000000000e+01 8.401900000000000000e+04
4.900000000000000000e+01 5.767600000000000000e+04
5.000000000000000000e+01 3.761500000000000000e+04
5.100000000000000000e+01 2.326600000000000000e+04
5.200000000000000000e+01 1.391800000000000000e+04
5.300000000000000000e+01 7.958000000000000000e+03
5.400000000000000000e+01 4.244000000000000000e+03
5.500000000000000000e+01 2.337000000000000000e+03
5.600000000000000000e+01 1.205000000000000000e+03
5.700000000000000000e+01 6.760000000000000000e+02
5.800000000000000000e+01 3.230000000000000000e+02
5.900000000000000000e+01 2.250000000000000000e+02
6.000000000000000000e+01 1.240000000000000000e+02
6.100000000000000000e+01 1.150000000000000000e+02
6.200000000000000000e+01 7.200000000000000000e+01
6.300000000000000000e+01 7.900000000000000000e+01
6.400000000000000000e+01 6.000000000000000000e+01
6.500000000000000000e+01 4.100000000000000000e+01
6.600000000000000000e+01 4.200000000000000000e+01
6.700000000000000000e+01 3.900000000000000000e+01
6.800000000000000000e+01 4.400000000000000000e+01
6.900000000000000000e+01 2.800000000000000000e+01
7.000000000000000000e+01 2.900000000000000000e+01
7.100000000000000000e+01 3.100000000000000000e+01
7.200000000000000000e+01 2.500000000000000000e+01
7.300000000000000000e+01 2.300000000000000000e+01
7.400000000000000000e+01 2.500000000000000000e+01
7.500000000000000000e+01 8.000000000000000000e+00
7.600000000000000000e+01 2.500000000000000000e+01
7.700000000000000000e+01 7.000000000000000000e+00
7.800000000000000000e+01 2.100000000000000000e+01
7.900000000000000000e+01 8.000000000000000000e+00
8.000000000000000000e+01 2.100000000000000000e+01
8.100000000000000000e+01 7.000000000000000000e+00
8.200000000000000000e+01 1.900000000000000000e+01
8.300000000000000000e+01 3.000000000000000000e+00
8.400000000000000000e+01 1.800000000000000000e+01
8.500000000000000000e+01 2.000000000000000000e+00
8.600000000000000000e+01 1.300000000000000000e+01
8.700000000000000000e+01 4.000000000000000000e+00
8.800000000000000000e+01 1.200000000000000000e+01
8.900000000000000000e+01 3.000000000000000000e+00
9.000000000000000000e+01 3.000000000000000000e+00
9.100000000000000000e+01 4.000000000000000000e+00
9.200000000000000000e+01 3.000000000000000000e+00
9.300000000000000000e+01 4.000000000000000000e+00
9.400000000000000000e+01 2.000000000000000000e+00
9.500000000000000000e+01 2.000000000000000000e+00
9.600000000000000000e+01 4.000000000000000000e+00
9.700000000000000000e+01 2.000000000000000000e+00
9.800000000000000000e+01 1.000000000000000000e+00
9.900000000000000000e+01 1.000000000000000000e+00
1.010000000000000000e+02 1.000000000000000000e+00
1.030000000000000000e+02 1.000000000000000000e+00
1.040000000000000000e+02 1.000000000000000000e+00
1.060000000000000000e+02 1.000000000000000000e+00
1.130000000000000000e+02 1.000000000000000000e+00
1.370000000000000000e+02 1.000000000000000000e+00
1.480000000000000000e+02 1.000000000000000000e+00
1.560000000000000000e+02 1.000000000000000000e+00
7.150000000000000000e+02 1.000000000000000000e+00
8.300000000000000000e+02 1.000000000000000000e+00
8.360000000000000000e+02 1.000000000000000000e+00
1.296000000000000000e+03 1.000000000000000000e+00
