-4.000000000000000000e+00 3.000000000000000000e+00
-3.000000000000000000e+00 5.000000000000000000e+00
-2.000000000000000000e+00 1.500000000000000000e+01
-1.000000000000000000e+00 4.700000000000000000e+01
0.000000000000000000e+00 1.370000000000000000e+03
1.000000000000000000e+00 1.070000000000000000e+02
2.000000000000000000e+00 1.560000000000000000e+02
3.000000000000000000e+00 2.660000000000000000e+02
4.000000000000000000e+00 1.599000000000000000e+03
5.000000000000000000e+00 1.118600000000000000e+04
6.000000000000000000e+00 7.624200000000000000e+04
7.000000000000000000e+00 1.323390000000000000e+05
8.000000000000000000e+00 1.596480000000000000e+05
9.000000000000000000e+00 1.897080000000000000e+05
1.000000000000000000e+01 2.178290000000000000e+05
1.100000000000000000e+01 2.385530000000000000e+05
1.200000000000000000e+01 2.502440000000000000e+05
1.300000000000000000e+01 2.595760000000000000e+05
1.400000000000000000e+01 2.660060000000000000e+05
1.500000000000000000e+01 2.776350000000000000e+05
1.600000000000000000e+01 2.968960000000000000e+05
1.700000000000000000e+01 3.283560000000000000e+05
1.800000000000000000e+01 3.729860000000000000e+05
1.900000000000000000e+01 4.317640000000000000e+05
2.000000000000000000e+01 5.068460000000000000e+05
2.100000000000000000e+01 5.987610000000000000e+05
2.200000000000000000e+01 7.040920000000000000e+05
2.300000000000000000e+01 8.000980000000000000e+05
2.400000000000000000e+01 8.821980000000000000e+05
2.500000000000000000e+01 9.246090000000000000e+05
2.600000000000000000e+01 9.249830000000000000e+05
2.700000000000000000e+01 8.909210000000000000e+05
2.800000000000000000e+01 8.430240000000000000e+05
2.900000000000000000e+01 7.896290000000000000e+05
3.000000000000000000e+01 7.318810000000000000e+05
3.100000000000000000e+01 6.759860000000000000e+05
3.200000000000000000e+01 6.280320000000000000e+05
3.300000000000000000e+01 5.833150000000000000e+05
3.400000000000000000e+01 5.440020000000000000e+05
3.500000000000000000e+01 5.074390000000000000e+05
3.600000000000000000e+01 4.706380000000000000e+05
3.700000000000000000e+01 4.364350000000000000e+05
3.800000000000000000e+01 4.030510000000000000e+05
3.900000000000000000e+01 3.671430000000000000e+05
4.000000000000000000e+01 3.324210000000000000e+05
4.100000000000000000e+01 2.978220000000000000e+05
4.200000000000000000e+01 2.618710000000000000e+05
4.300000000000000000e+01 2.254090000000000000e+05
4.400000000000000000e+01 1.894960000000000000e+05
4.500000000000000000e+01 1.539420000000000000e+05
4.600000000000000000e+01 1.219650000000000000e+05
4.700000000000000000e+01 9.267800000000000000e+04
4.800000000000000000e+01 6.785500000000000000e+04
4.900000000000000000e+01 4.724100000000000000e+04
5.000000000000000000e+01 3.070000000000000000e+04
5.100000000000000000e+01 1.939800000000000000e+04
5.200000000000000000e+01 1.149500000000000000e+04
5.300000000000000000e+01 6.598000000000000000e+03
5.400000000000000000e+01 3.737000000000000000e+03
5.500000000000000000e+01 1.975000000000000000e+03
5.600000000000000000e+01 1.054000000000000000e+03
5.700000000000000000e+01 5.430000000000000000e+02
5.800000000000000000e+01 2.980000000000000000e+02
5.900000000000000000e+01 1.370000000000000000e+02
6.000000000000000000e+01 1.010000000000000000e+02
6.100000000000000000e+01 9.300000000000000000e+01
6.200000000000000000e+01 4.200000000000000000e+01
6.300000000000000000e+01 4.600000000000000000e+01
6.400000000000000000e+01 3.600000000000000000e+01
6.500000000000000000e+01 2.900000000000000000e+01
6.600000000000000000e+01 1.600000000000000000e+01
6.700000000000000000e+01 2.400000000000000000e+01
6.800000000000000000e+01 1.900000000000000000e+01
6.900000000000000000e+01 1.300000000000000000e+01
7.000000000000000000e+01 1.900000000000000000e+01
7.100000000000000000e+01 1.400000000000000000e+01
7.200000000000000000e+01 1.500000000000000000e+01
7.300000000000000000e+01 1.700000000000000000e+01
7.400000000000000000e+01 9.000000000000000000e+00
7.500000000000000000e+01 4.000000000000000000e+00
7.600000000000000000e+01 1.200000000000000000e+01
7.700000000000000000e+01 4.000000000000000000e+00
7.800000000000000000e+01 1.100000000000000000e+01
7.900000000000000000e+01 5.000000000000000000e+00
8.000000000000000000e+01 9.000000000000000000e+00
8.100000000000000000e+01 5.000000000000000000e+00
8.200000000000000000e+01 6.000000000000000000e+00
8.300000000000000000e+01 7.000000000000000000e+00
8.400000000000000000e+01 9.000000000000000000e+00
8.500000000000000000e+01 4.000000000000000000e+00
8.600000000000000000e+01 1.000000000000000000e+01
8.700000000000000000e+01 7.000000000000000000e+00
8.800000000000000000e+01 5.000000000000000000e+00
8.900000000000000000e+01 6.000000000000000000e+00
9.000000000000000000e+01 4.000000000000000000e+00
9.100000000000000000e+01 1.000000000000000000e+00
9.200000000000000000e+01 2.000000000000000000e+00
9.300000000000000000e+01 2.000000000000000000e+00
9.400000000000000000e+01 4.000000000000000000e+00
9.500000000000000000e+01 1.000000000000000000e+00
9.600000000000000000e+01 4.000000000000000000e+00
9.700000000000000000e+01 2.000000000000000000e+00
9.800000000000000000e+01 3.000000000000000000e+00
9.900000000000000000e+01 1.000000000000000000e+00
1.000000000000000000e+02 1.000000000000000000e+00
1.010000000000000000e+02 2.000000000000000000e+00
1.030000000000000000e+02 2.000000000000000000e+00
1.040000000000000000e+02 1.000000000000000000e+00
1.060000000000000000e+02 2.000000000000000000e+00
1.090000000000000000e+02 1.000000000000000000e+00
1.110000000000000000e+02 2.000000000000000000e+00
1.140000000000000000e+02 1.000000000000000000e+00
1.210000000000000000e+02 1.000000000000000000e+00
1.340000000000000000e+02 1.000000000000000000e+00
1.380000000000000000e+02 2.000000000000000000e+00
1.440000000000000000e+02 1.000000000000000000e+00
1.520000000000000000e+02 1.000000000000000000e+00
1.800000000000000000e+02 2.000000000000000000e+00
2.050000000000000000e+02 1.000000000000000000e+00
2.160000000000000000e+02 1.000000000000000000e+00
2.220000000000000000e+02 1.000000000000000000e+00
2.560000000000000000e+02 1.000000000000000000e+00
2.610000000000000000e+02 1.000000000000000000e+00
4.100000000000000000e+02 1.000000000000000000e+00
6.420000000000000000e+02 1.000000000000000000e+00
