-4.000000000000000000e+00 7.000000000000000000e+00
-3.000000000000000000e+00 8.000000000000000000e+00
-2.000000000000000000e+00 1.000000000000000000e+01
-1.000000000000000000e+00 9.700000000000000000e+01
0.000000000000000000e+00 1.425000000000000000e+03
1.000000000000000000e+00 1.930000000000000000e+02
2.000000000000000000e+00 2.800000000000000000e+02
3.000000000000000000e+00 4.260000000000000000e+02
4.000000000000000000e+00 2.173000000000000000e+03
5.000000000000000000e+00 1.580300000000000000e+04
6.000000000000000000e+00 1.111820000000000000e+05
7.000000000000000000e+00 1.918000000000000000e+05
8.000000000000000000e+00 2.302650000000000000e+05
9.000000000000000000e+00 2.732370000000000000e+05
1.000000000000000000e+01 3.157040000000000000e+05
1.100000000000000000e+01 3.438820000000000000e+05
1.200000000000000000e+01 3.646940000000000000e+05
1.300000000000000000e+01 3.807440000000000000e+05
1.400000000000000000e+01 3.988350000000000000e+05
1.500000000000000000e+01 4.235850000000000000e+05
1.600000000000000000e+01 4.616280000000000000e+05
1.700000000000000000e+01 5.248410000000000000e+05
1.800000000000000000e+01 6.073500000000000000e+05
1.900000000000000000e+01 7.116430000000000000e+05
2.000000000000000000e+01 8.410840000000000000e+05
2.100000000000000000e+01 9.932750000000000000e+05
2.200000000000000000e+01 1.154635000000000000e+06
2.300000000000000000e+01 1.301103000000000000e+06
2.400000000000000000e+01 1.412704000000000000e+06
2.500000000000000000e+01 1.456266000000000000e+06
2.600000000000000000e+01 1.432255000000000000e+06
2.700000000000000000e+01 1.360964000000000000e+06
2.800000000000000000e+01 1.267812000000000000e+06
2.900000000000000000e+01 1.170501000000000000e+06
3.000000000000000000e+01 1.071589000000000000e+06
3.100000000000000000e+01 9.784750000000000000e+05
3.200000000000000000e+01 9.005420000000000000e+05
3.300000000000000000e+01 8.271160000000000000e+05
3.400000000000000000e+01 7.642060000000000000e+05
3.500000000000000000e+01 7.049400000000000000e+05
3.600000000000000000e+01 6.493780000000000000e+05
3.700000000000000000e+01 5.956510000000000000e+05
3.800000000000000000e+01 5.446150000000000000e+05
3.900000000000000000e+01 4.943930000000000000e+05
4.000000000000000000e+01 4.425670000000000000e+05
4.100000000000000000e+01 3.922730000000000000e+05
4.200000000000000000e+01 3.428580000000000000e+05
4.300000000000000000e+01 2.911270000000000000e+05
4.400000000000000000e+01 2.431650000000000000e+05
4.500000000000000000e+01 1.964790000000000000e+05
4.600000000000000000e+01 1.527030000000000000e+05
4.700000000000000000e+01 1.153420000000000000e+05
4.800000000000000000e+01 8.311600000000000000e+04
4.900000000000000000e+01 5.652800000000000000e+04
5.000000000000000000e+01 3.722900000000000000e+04
5.100000000000000000e+01 2.319300000000000000e+04
5.200000000000000000e+01 1.351700000000000000e+04
5.300000000000000000e+01 7.879000000000000000e+03
5.400000000000000000e+01 4.276000000000000000e+03
5.500000000000000000e+01 2.287000000000000000e+03
5.600000000000000000e+01 1.136000000000000000e+03
5.700000000000000000e+01 6.320000000000000000e+02
5.800000000000000000e+01 3.410000000000000000e+02
5.900000000000000000e+01 2.520000000000000000e+02
6.000000000000000000e+01 9.800000000000000000e+01
6.100000000000000000e+01 1.120000000000000000e+02
6.200000000000000000e+01 6.600000000000000000e+01
6.300000000000000000e+01 6.200000000000000000e+01
6.400000000000000000e+01 5.400000000000000000e+01
6.500000000000000000e+01 5.300000000000000000e+01
6.600000000000000000e+01 4.900000000000000000e+01
6.700000000000000000e+01 3.600000000000000000e+01
6.800000000000000000e+01 2.800000000000000000e+01
6.900000000000000000e+01 3.200000000000000000e+01
7.000000000000000000e+01 2.300000000000000000e+01
7.100000000000000000e+01 2.200000000000000000e+01
7.200000000000000000e+01 2.600000000000000000e+01
7.300000000000000000e+01 2.300000000000000000e+01
7.400000000000000000e+01 2.300000000000000000e+01
7.500000000000000000e+01 9.000000000000000000e+00
7.600000000000000000e+01 2.600000000000000000e+01
7.700000000000000000e+01 7.000000000000000000e+00
7.800000000000000000e+01 2.100000000000000000e+01
7.900000000000000000e+01 4.000000000000000000e+00
8.000000000000000000e+01 1.600000000000000000e+01
8.100000000000000000e+01 5.000000000000000000e+00
8.200000000000000000e+01 1.900000000000000000e+01
8.300000000000000000e+01 6.000000000000000000e+00
8.400000000000000000e+01 2.000000000000000000e+01
8.500000000000000000e+01 4.000000000000000000e+00
8.600000000000000000e+01 1.600000000000000000e+01
8.700000000000000000e+01 8.000000000000000000e+00
8.800000000000000000e+01 4.000000000000000000e+00
8.900000000000000000e+01 5.000000000000000000e+00
9.000000000000000000e+01 3.000000000000000000e+00
9.100000000000000000e+01 3.000000000000000000e+00
9.200000000000000000e+01 4.000000000000000000e+00
9.300000000000000000e+01 5.000000000000000000e+00
9.400000000000000000e+01 8.000000000000000000e+00
9.500000000000000000e+01 2.000000000000000000e+00
9.600000000000000000e+01 3.000000000000000000e+00
9.700000000000000000e+01 1.000000000000000000e+00
9.900000000000000000e+01 1.000000000000000000e+00
1.040000000000000000e+02 1.000000000000000000e+00
1.140000000000000000e+02 1.000000000000000000e+00
1.440000000000000000e+02 1.000000000000000000e+00
1.720000000000000000e+02 1.000000000000000000e+00
2.060000000000000000e+02 1.000000000000000000e+00
2.070000000000000000e+02 1.000000000000000000e+00
2.120000000000000000e+02 1.000000000000000000e+00
2.160000000000000000e+02 1.000000000000000000e+00
2.440000000000000000e+02 1.000000000000000000e+00
3.770000000000000000e+02 1.000000000000000000e+00
4.960000000000000000e+02 1.000000000000000000e+00
5.280000000000000000e+02 1.000000000000000000e+00
