-4.000000000000000000e+00 4.000000000000000000e+00
-3.000000000000000000e+00 5.000000000000000000e+00
-2.000000000000000000e+00 1.500000000000000000e+01
-1.000000000000000000e+00 5.500000000000000000e+01
0.000000000000000000e+00 1.382000000000000000e+03
1.000000000000000000e+00 1.040000000000000000e+02
2.000000000000000000e+00 1.290000000000000000e+02
3.000000000000000000e+00 2.130000000000000000e+02
4.000000000000000000e+00 1.101000000000000000e+03
5.000000000000000000e+00 8.479000000000000000e+03
6.000000000000000000e+00 5.862100000000000000e+04
7.000000000000000000e+00 1.001870000000000000e+05
8.000000000000000000e+00 1.158250000000000000e+05
9.000000000000000000e+00 1.328320000000000000e+05
1.000000000000000000e+01 1.458670000000000000e+05
1.100000000000000000e+01 1.537950000000000000e+05
1.200000000000000000e+01 1.589060000000000000e+05
1.300000000000000000e+01 1.682510000000000000e+05
1.400000000000000000e+01 1.890990000000000000e+05
1.500000000000000000e+01 2.249230000000000000e+05
1.600000000000000000e+01 2.805820000000000000e+05
1.700000000000000000e+01 3.593890000000000000e+05
1.800000000000000000e+01 4.577800000000000000e+05
1.900000000000000000e+01 5.755820000000000000e+05
2.000000000000000000e+01 7.067600000000000000e+05
2.100000000000000000e+01 8.494260000000000000e+05
2.200000000000000000e+01 9.948750000000000000e+05
2.300000000000000000e+01 1.119941000000000000e+06
2.400000000000000000e+01 1.217395000000000000e+06
2.500000000000000000e+01 1.258021000000000000e+06
2.600000000000000000e+01 1.237249000000000000e+06
2.700000000000000000e+01 1.167453000000000000e+06
2.800000000000000000e+01 1.065594000000000000e+06
2.900000000000000000e+01 9.507870000000000000e+05
3.000000000000000000e+01 8.227530000000000000e+05
3.100000000000000000e+01 7.047600000000000000e+05
3.200000000000000000e+01 5.887370000000000000e+05
3.300000000000000000e+01 4.830570000000000000e+05
3.400000000000000000e+01 3.855030000000000000e+05
3.500000000000000000e+01 2.988820000000000000e+05
3.600000000000000000e+01 2.204740000000000000e+05
3.700000000000000000e+01 1.552480000000000000e+05
3.800000000000000000e+01 1.042020000000000000e+05
3.900000000000000000e+01 6.442100000000000000e+04
4.000000000000000000e+01 3.757400000000000000e+04
4.100000000000000000e+01 2.025800000000000000e+04
4.200000000000000000e+01 9.924000000000000000e+03
4.300000000000000000e+01 4.565000000000000000e+03
4.400000000000000000e+01 1.927000000000000000e+03
4.500000000000000000e+01 8.780000000000000000e+02
4.600000000000000000e+01 4.500000000000000000e+02
4.700000000000000000e+01 2.010000000000000000e+02
4.800000000000000000e+01 1.250000000000000000e+02
4.900000000000000000e+01 1.210000000000000000e+02
5.000000000000000000e+01 4.300000000000000000e+01
5.100000000000000000e+01 1.000000000000000000e+02
5.200000000000000000e+01 3.500000000000000000e+01
5.300000000000000000e+01 6.900000000000000000e+01
5.400000000000000000e+01 2.600000000000000000e+01
5.500000000000000000e+01 6.100000000000000000e+01
5.600000000000000000e+01 1.800000000000000000e+01
5.700000000000000000e+01 4.100000000000000000e+01
5.800000000000000000e+01 1.500000000000000000e+01
5.900000000000000000e+01 4.000000000000000000e+01
6.000000000000000000e+01 9.000000000000000000e+00
6.100000000000000000e+01 3.800000000000000000e+01
6.200000000000000000e+01 9.000000000000000000e+00
6.300000000000000000e+01 2.700000000000000000e+01
6.400000000000000000e+01 1.900000000000000000e+01
6.500000000000000000e+01 2.300000000000000000e+01
6.600000000000000000e+01 1.200000000000000000e+01
6.700000000000000000e+01 1.400000000000000000e+01
6.800000000000000000e+01 8.000000000000000000e+00
6.900000000000000000e+01 1.200000000000000000e+01
7.000000000000000000e+01 1.000000000000000000e+01
7.100000000000000000e+01 9.000000000000000000e+00
7.200000000000000000e+01 2.000000000000000000e+00
7.300000000000000000e+01 7.000000000000000000e+00
7.400000000000000000e+01 5.000000000000000000e+00
7.500000000000000000e+01 1.000000000000000000e+00
7.700000000000000000e+01 3.000000000000000000e+00
7.800000000000000000e+01 1.000000000000000000e+01
8.000000000000000000e+01 6.000000000000000000e+00
8.500000000000000000e+01 3.000000000000000000e+00
8.900000000000000000e+01 1.000000000000000000e+00
9.100000000000000000e+01 1.000000000000000000e+00
1.190000000000000000e+02 1.000000000000000000e+00
1.480000000000000000e+02 1.000000000000000000e+00
2.240000000000000000e+02 1.000000000000000000e+00
2.320000000000000000e+02 1.000000000000000000e+00
2.890000000000000000e+02 1.000000000000000000e+00
5.520000000000000000e+02 1.000000000000000000e+00
1.132000000000000000e+03 1.000000000000000000e+00
1.636000000000000000e+03 1.000000000000000000e+00
