-4.000000000000000000e+00 1.000000000000000000e+00
-3.000000000000000000e+00 3.000000000000000000e+00
-2.000000000000000000e+00 4.000000000000000000e+00
-1.000000000000000000e+00 9.000000000000000000e+00
0.000000000000000000e+00 1.322000000000000000e+03
1.000000000000000000e+00 2.900000000000000000e+01
2.000000000000000000e+00 4.600000000000000000e+01
3.000000000000000000e+00 7.000000000000000000e+01
4.000000000000000000e+00 7.190000000000000000e+02
5.000000000000000000e+00 3.010000000000000000e+03
6.000000000000000000e+00 1.432300000000000000e+04
7.000000000000000000e+00 2.637400000000000000e+04
8.000000000000000000e+00 3.678300000000000000e+04
9.000000000000000000e+00 5.245300000000000000e+04
1.000000000000000000e+01 7.407800000000000000e+04
1.100000000000000000e+01 1.022260000000000000e+05
1.200000000000000000e+01 1.402620000000000000e+05
1.300000000000000000e+01 1.904900000000000000e+05
1.400000000000000000e+01 2.588070000000000000e+05
1.500000000000000000e+01 3.437300000000000000e+05
1.600000000000000000e+01 4.486350000000000000e+05
1.700000000000000000e+01 5.787480000000000000e+05
1.800000000000000000e+01 7.250910000000000000e+05
1.900000000000000000e+01 8.700680000000000000e+05
2.000000000000000000e+01 1.007428000000000000e+06
2.100000000000000000e+01 1.121999000000000000e+06
2.200000000000000000e+01 1.206290000000000000e+06
2.300000000000000000e+01 1.234739000000000000e+06
2.400000000000000000e+01 1.210519000000000000e+06
2.500000000000000000e+01 1.110473000000000000e+06
2.600000000000000000e+01 9.579620000000000000e+05
2.700000000000000000e+01 7.689220000000000000e+05
2.800000000000000000e+01 5.662630000000000000e+05
2.900000000000000000e+01 3.758760000000000000e+05
3.000000000000000000e+01 2.238610000000000000e+05
3.100000000000000000e+01 1.180290000000000000e+05
3.200000000000000000e+01 5.465500000000000000e+04
3.300000000000000000e+01 2.292700000000000000e+04
3.400000000000000000e+01 8.973000000000000000e+03
3.500000000000000000e+01 3.424000000000000000e+03
3.600000000000000000e+01 1.235000000000000000e+03
3.700000000000000000e+01 4.450000000000000000e+02
3.800000000000000000e+01 1.870000000000000000e+02
3.900000000000000000e+01 8.100000000000000000e+01
4.000000000000000000e+01 5.200000000000000000e+01
4.100000000000000000e+01 3.600000000000000000e+01
4.200000000000000000e+01 3.300000000000000000e+01
4.300000000000000000e+01 3.200000000000000000e+01
4.400000000000000000e+01 2.700000000000000000e+01
4.500000000000000000e+01 2.500000000000000000e+01
4.600000000000000000e+01 2.300000000000000000e+01
4.700000000000000000e+01 1.900000000000000000e+01
4.800000000000000000e+01 1.200000000000000000e+01
4.900000000000000000e+01 2.900000000000000000e+01
5.000000000000000000e+01 3.000000000000000000e+00
5.100000000000000000e+01 1.800000000000000000e+01
5.200000000000000000e+01 1.000000000000000000e+01
5.300000000000000000e+01 1.100000000000000000e+01
5.400000000000000000e+01 9.000000000000000000e+00
5.500000000000000000e+01 1.600000000000000000e+01
5.600000000000000000e+01 7.000000000000000000e+00
5.700000000000000000e+01 1.600000000000000000e+01
5.800000000000000000e+01 1.000000000000000000e+00
5.900000000000000000e+01 9.000000000000000000e+00
6.000000000000000000e+01 2.000000000000000000e+00
6.100000000000000000e+01 6.000000000000000000e+00
6.200000000000000000e+01 1.000000000000000000e+00
6.300000000000000000e+01 2.000000000000000000e+00
6.400000000000000000e+01 4.000000000000000000e+00
6.900000000000000000e+01 2.000000000000000000e+00
7.000000000000000000e+01 1.000000000000000000e+00
7.600000000000000000e+01 1.000000000000000000e+00
8.500000000000000000e+01 1.000000000000000000e+00
9.300000000000000000e+01 1.000000000000000000e+00
9.500000000000000000e+01 1.000000000000000000e+00
1.000000000000000000e+02 3.000000000000000000e+00
1.060000000000000000e+02 1.000000000000000000e+00
1.120000000000000000e+02 1.000000000000000000e+00
1.190000000000000000e+02 1.000000000000000000e+00
1.200000000000000000e+02 1.000000000000000000e+00
1.270000000000000000e+02 1.000000000000000000e+00
1.360000000000000000e+02 2.000000000000000000e+00
1.380000000000000000e+02 1.000000000000000000e+00
1.410000000000000000e+02 1.000000000000000000e+00
1.910000000000000000e+02 1.000000000000000000e+00
2.580000000000000000e+02 1.000000000000000000e+00
3.420000000000000000e+02 1.000000000000000000e+00
5.240000000000000000e+02 1.000000000000000000e+00
8.940000000000000000e+02 1.000000000000000000e+00
1.098000000000000000e+03 1.000000000000000000e+00
1.236000000000000000e+03 1.000000000000000000e+00
1.446000000000000000e+03 1.000000000000000000e+00
