-4.000000000000000000e+00 1.100000000000000000e+01
-3.000000000000000000e+00 1.100000000000000000e+01
-2.000000000000000000e+00 1.900000000000000000e+01
-1.000000000000000000e+00 9.700000000000000000e+01
0.000000000000000000e+00 1.407000000000000000e+03
1.000000000000000000e+00 2.060000000000000000e+02
2.000000000000000000e+00 2.340000000000000000e+02
3.000000000000000000e+00 4.040000000000000000e+02
4.000000000000000000e+00 2.024000000000000000e+03
5.000000000000000000e+00 1.567000000000000000e+04
6.000000000000000000e+00 1.102210000000000000e+05
7.000000000000000000e+00 1.913090000000000000e+05
8.000000000000000000e+00 2.302980000000000000e+05
9.000000000000000000e+00 2.737730000000000000e+05
1.000000000000000000e+01 3.148450000000000000e+05
1.100000000000000000e+01 3.435860000000000000e+05
1.200000000000000000e+01 3.637320000000000000e+05
1.300000000000000000e+01 3.789570000000000000e+05
1.400000000000000000e+01 3.967840000000000000e+05
1.500000000000000000e+01 4.201310000000000000e+05
1.600000000000000000e+01 4.585080000000000000e+05
1.700000000000000000e+01 5.192290000000000000e+05
1.800000000000000000e+01 6.013780000000000000e+05
1.900000000000000000e+01 7.019900000000000000e+05
2.000000000000000000e+01 8.289590000000000000e+05
2.100000000000000000e+01 9.785320000000000000e+05
2.200000000000000000e+01 1.142746000000000000e+06
2.300000000000000000e+01 1.286944000000000000e+06
2.400000000000000000e+01 1.402730000000000000e+06
2.500000000000000000e+01 1.452488000000000000e+06
2.600000000000000000e+01 1.434837000000000000e+06
2.700000000000000000e+01 1.365613000000000000e+06
2.800000000000000000e+01 1.275703000000000000e+06
2.900000000000000000e+01 1.179416000000000000e+06
3.000000000000000000e+01 1.079610000000000000e+06
3.100000000000000000e+01 9.847900000000000000e+05
3.200000000000000000e+01 9.054830000000000000e+05
3.300000000000000000e+01 8.330910000000000000e+05
3.400000000000000000e+01 7.680830000000000000e+05
3.500000000000000000e+01 7.100650000000000000e+05
3.600000000000000000e+01 6.521910000000000000e+05
3.700000000000000000e+01 5.985160000000000000e+05
3.800000000000000000e+01 5.473700000000000000e+05
3.900000000000000000e+01 4.982660000000000000e+05
4.000000000000000000e+01 4.467800000000000000e+05
4.100000000000000000e+01 3.956040000000000000e+05
4.200000000000000000e+01 3.454480000000000000e+05
4.300000000000000000e+01 2.947550000000000000e+05
4.400000000000000000e+01 2.466360000000000000e+05
4.500000000000000000e+01 1.986450000000000000e+05
4.600000000000000000e+01 1.567500000000000000e+05
4.700000000000000000e+01 1.179830000000000000e+05
4.800000000000000000e+01 8.486400000000000000e+04
4.900000000000000000e+01 5.876300000000000000e+04
5.000000000000000000e+01 3.825600000000000000e+04
5.100000000000000000e+01 2.380800000000000000e+04
5.200000000000000000e+01 1.405100000000000000e+04
5.300000000000000000e+01 8.066000000000000000e+03
5.400000000000000000e+01 4.245000000000000000e+03
5.500000000000000000e+01 2.371000000000000000e+03
5.600000000000000000e+01 1.224000000000000000e+03
5.700000000000000000e+01 6.460000000000000000e+02
5.800000000000000000e+01 3.390000000000000000e+02
5.900000000000000000e+01 2.310000000000000000e+02
6.000000000000000000e+01 1.350000000000000000e+02
6.100000000000000000e+01 1.090000000000000000e+02
6.200000000000000000e+01 4.400000000000000000e+01
6.300000000000000000e+01 6.800000000000000000e+01
6.400000000000000000e+01 5.100000000000000000e+01
6.500000000000000000e+01 6.000000000000000000e+01
6.600000000000000000e+01 4.300000000000000000e+01
6.700000000000000000e+01 3.200000000000000000e+01
6.800000000000000000e+01 3.200000000000000000e+01
6.900000000000000000e+01 3.000000000000000000e+01
7.000000000000000000e+01 2.800000000000000000e+01
7.100000000000000000e+01 3.500000000000000000e+01
7.200000000000000000e+01 2.600000000000000000e+01
7.300000000000000000e+01 2.900000000000000000e+01
7.400000000000000000e+01 1.900000000000000000e+01
7.500000000000000000e+01 9.000000000000000000e+00
7.600000000000000000e+01 3.100000000000000000e+01
7.700000000000000000e+01 1.100000000000000000e+01
7.800000000000000000e+01 2.100000000000000000e+01
7.900000000000000000e+01 6.000000000000000000e+00
8.000000000000000000e+01 2.200000000000000000e+01
8.100000000000000000e+01 2.000000000000000000e+00
8.200000000000000000e+01 1.700000000000000000e+01
8.300000000000000000e+01 6.000000000000000000e+00
8.400000000000000000e+01 5.000000000000000000e+00
8.500000000000000000e+01 4.000000000000000000e+00
8.600000000000000000e+01 1.300000000000000000e+01
8.700000000000000000e+01 9.000000000000000000e+00
8.800000000000000000e+01 4.000000000000000000e+00
8.900000000000000000e+01 7.000000000000000000e+00
9.000000000000000000e+01 1.000000000000000000e+01
9.100000000000000000e+01 2.000000000000000000e+00
9.200000000000000000e+01 5.000000000000000000e+00
9.300000000000000000e+01 9.000000000000000000e+00
9.400000000000000000e+01 1.000000000000000000e+00
9.500000000000000000e+01 2.000000000000000000e+00
9.600000000000000000e+01 3.000000000000000000e+00
9.700000000000000000e+01 3.000000000000000000e+00
9.800000000000000000e+01 1.000000000000000000e+00
9.900000000000000000e+01 2.000000000000000000e+00
1.010000000000000000e+02 2.000000000000000000e+00
1.020000000000000000e+02 1.000000000000000000e+00
1.030000000000000000e+02 3.000000000000000000e+00
1.050000000000000000e+02 1.000000000000000000e+00
1.070000000000000000e+02 1.000000000000000000e+00
1.080000000000000000e+02 1.000000000000000000e+00
1.090000000000000000e+02 1.000000000000000000e+00
1.120000000000000000e+02 1.000000000000000000e+00
1.340000000000000000e+02 1.000000000000000000e+00
1.350000000000000000e+02 1.000000000000000000e+00
1.400000000000000000e+02 1.000000000000000000e+00
1.490000000000000000e+02 1.000000000000000000e+00
1.820000000000000000e+02 1.000000000000000000e+00
2.250000000000000000e+02 1.000000000000000000e+00
3.050000000000000000e+02 1.000000000000000000e+00
5.150000000000000000e+02 1.000000000000000000e+00
