-4.000000000000000000e+00 6.000000000000000000e+00
-3.000000000000000000e+00 4.000000000000000000e+00
-2.000000000000000000e+00 8.000000000000000000e+00
-1.000000000000000000e+00 3.400000000000000000e+01
0.000000000000000000e+00 1.333000000000000000e+03
1.000000000000000000e+00 6.700000000000000000e+01
2.000000000000000000e+00 9.100000000000000000e+01
3.000000000000000000e+00 1.560000000000000000e+02
4.000000000000000000e+00 9.510000000000000000e+02
5.000000000000000000e+00 6.659000000000000000e+03
6.000000000000000000e+00 4.433700000000000000e+04
7.000000000000000000e+00 7.493000000000000000e+04
8.000000000000000000e+00 8.716600000000000000e+04
9.000000000000000000e+00 9.825300000000000000e+04
1.000000000000000000e+01 1.079680000000000000e+05
1.100000000000000000e+01 1.116940000000000000e+05
1.200000000000000000e+01 1.123190000000000000e+05
1.300000000000000000e+01 1.161740000000000000e+05
1.400000000000000000e+01 1.265790000000000000e+05
1.500000000000000000e+01 1.474750000000000000e+05
1.600000000000000000e+01 1.804320000000000000e+05
1.700000000000000000e+01 2.308720000000000000e+05
1.800000000000000000e+01 2.947450000000000000e+05
1.900000000000000000e+01 3.709060000000000000e+05
2.000000000000000000e+01 4.596480000000000000e+05
2.100000000000000000e+01 5.575210000000000000e+05
2.200000000000000000e+01 6.624760000000000000e+05
2.300000000000000000e+01 7.532180000000000000e+05
2.400000000000000000e+01 8.285730000000000000e+05
2.500000000000000000e+01 8.673680000000000000e+05
2.600000000000000000e+01 8.652450000000000000e+05
2.700000000000000000e+01 8.257300000000000000e+05
2.800000000000000000e+01 7.622930000000000000e+05
2.900000000000000000e+01 6.887460000000000000e+05
3.000000000000000000e+01 6.077380000000000000e+05
3.100000000000000000e+01 5.264540000000000000e+05
3.200000000000000000e+01 4.467300000000000000e+05
3.300000000000000000e+01 3.703840000000000000e+05
3.400000000000000000e+01 3.007230000000000000e+05
3.500000000000000000e+01 2.350920000000000000e+05
3.600000000000000000e+01 1.764390000000000000e+05
3.700000000000000000e+01 1.261160000000000000e+05
3.800000000000000000e+01 8.516200000000000000e+04
3.900000000000000000e+01 5.367200000000000000e+04
4.000000000000000000e+01 3.203000000000000000e+04
4.100000000000000000e+01 1.730800000000000000e+04
4.200000000000000000e+01 8.703000000000000000e+03
4.300000000000000000e+01 3.965000000000000000e+03
4.400000000000000000e+01 1.776000000000000000e+03
4.500000000000000000e+01 7.320000000000000000e+02
4.600000000000000000e+01 3.210000000000000000e+02
4.700000000000000000e+01 1.550000000000000000e+02
4.800000000000000000e+01 8.100000000000000000e+01
4.900000000000000000e+01 5.600000000000000000e+01
5.000000000000000000e+01 3.000000000000000000e+01
5.100000000000000000e+01 4.900000000000000000e+01
5.200000000000000000e+01 1.800000000000000000e+01
5.300000000000000000e+01 3.100000000000000000e+01
5.400000000000000000e+01 1.200000000000000000e+01
5.500000000000000000e+01 3.600000000000000000e+01
5.600000000000000000e+01 1.200000000000000000e+01
5.700000000000000000e+01 2.800000000000000000e+01
5.800000000000000000e+01 1.000000000000000000e+01
5.900000000000000000e+01 1.200000000000000000e+01
6.000000000000000000e+01 3.000000000000000000e+00
6.100000000000000000e+01 1.000000000000000000e+01
6.200000000000000000e+01 8.000000000000000000e+00
6.300000000000000000e+01 1.700000000000000000e+01
6.400000000000000000e+01 1.000000000000000000e+01
6.500000000000000000e+01 8.000000000000000000e+00
6.600000000000000000e+01 7.000000000000000000e+00
6.700000000000000000e+01 9.000000000000000000e+00
6.800000000000000000e+01 7.000000000000000000e+00
6.900000000000000000e+01 2.000000000000000000e+00
7.000000000000000000e+01 3.000000000000000000e+00
7.100000000000000000e+01 6.000000000000000000e+00
7.200000000000000000e+01 3.000000000000000000e+00
7.300000000000000000e+01 2.000000000000000000e+00
7.400000000000000000e+01 2.000000000000000000e+00
7.500000000000000000e+01 2.000000000000000000e+00
7.600000000000000000e+01 3.000000000000000000e+00
7.700000000000000000e+01 2.000000000000000000e+00
7.800000000000000000e+01 4.000000000000000000e+00
7.900000000000000000e+01 1.000000000000000000e+00
8.000000000000000000e+01 2.000000000000000000e+00
8.100000000000000000e+01 1.000000000000000000e+00
8.600000000000000000e+01 1.000000000000000000e+00
9.100000000000000000e+01 1.000000000000000000e+00
9.800000000000000000e+01 1.000000000000000000e+00
1.090000000000000000e+02 1.000000000000000000e+00
1.100000000000000000e+02 1.000000000000000000e+00
1.120000000000000000e+02 1.000000000000000000e+00
1.200000000000000000e+02 1.000000000000000000e+00
1.320000000000000000e+02 1.000000000000000000e+00
1.380000000000000000e+02 1.000000000000000000e+00
1.430000000000000000e+02 1.000000000000000000e+00
1.560000000000000000e+02 1.000000000000000000e+00
1.600000000000000000e+02 1.000000000000000000e+00
2.010000000000000000e+02 1.000000000000000000e+00
2.090000000000000000e+02 1.000000000000000000e+00
2.320000000000000000e+02 1.000000000000000000e+00
2.790000000000000000e+02 1.000000000000000000e+00
5.850000000000000000e+02 1.000000000000000000e+00
6.000000000000000000e+02 1.000000000000000000e+00
1.096000000000000000e+03 1.000000000000000000e+00
