-4.000000000000000000e+00 2.000000000000000000e+00
-3.000000000000000000e+00 4.000000000000000000e+00
-2.000000000000000000e+00 1.700000000000000000e+01
-1.000000000000000000e+00 4.300000000000000000e+01
0.000000000000000000e+00 1.370000000000000000e+03
1.000000000000000000e+00 1.230000000000000000e+02
2.000000000000000000e+00 1.400000000000000000e+02
3.000000000000000000e+00 2.150000000000000000e+02
4.000000000000000000e+00 1.205000000000000000e+03
5.000000000000000000e+00 8.608000000000000000e+03
6.000000000000000000e+00 6.006300000000000000e+04
7.000000000000000000e+00 1.015380000000000000e+05
8.000000000000000000e+00 1.189790000000000000e+05
9.000000000000000000e+00 1.358930000000000000e+05
1.000000000000000000e+01 1.498680000000000000e+05
1.100000000000000000e+01 1.562340000000000000e+05
1.200000000000000000e+01 1.609780000000000000e+05
1.300000000000000000e+01 1.722720000000000000e+05
1.400000000000000000e+01 1.931380000000000000e+05
1.500000000000000000e+01 2.292790000000000000e+05
1.600000000000000000e+01 2.838330000000000000e+05
1.700000000000000000e+01 3.655570000000000000e+05
1.800000000000000000e+01 4.650030000000000000e+05
1.900000000000000000e+01 5.834140000000000000e+05
2.000000000000000000e+01 7.165310000000000000e+05
2.100000000000000000e+01 8.616470000000000000e+05
2.200000000000000000e+01 1.010236000000000000e+06
2.300000000000000000e+01 1.142643000000000000e+06
2.400000000000000000e+01 1.239752000000000000e+06
2.500000000000000000e+01 1.284994000000000000e+06
2.600000000000000000e+01 1.267020000000000000e+06
2.700000000000000000e+01 1.199397000000000000e+06
2.800000000000000000e+01 1.096955000000000000e+06
2.900000000000000000e+01 9.797820000000000000e+05
3.000000000000000000e+01 8.510690000000000000e+05
3.100000000000000000e+01 7.273350000000000000e+05
3.200000000000000000e+01 6.090400000000000000e+05
3.300000000000000000e+01 4.996860000000000000e+05
3.400000000000000000e+01 4.003740000000000000e+05
3.500000000000000000e+01 3.093910000000000000e+05
3.600000000000000000e+01 2.288330000000000000e+05
3.700000000000000000e+01 1.616860000000000000e+05
3.800000000000000000e+01 1.078580000000000000e+05
3.900000000000000000e+01 6.716400000000000000e+04
4.000000000000000000e+01 3.932600000000000000e+04
4.100000000000000000e+01 2.116300000000000000e+04
4.200000000000000000e+01 1.054700000000000000e+04
4.300000000000000000e+01 4.735000000000000000e+03
4.400000000000000000e+01 2.054000000000000000e+03
4.500000000000000000e+01 8.900000000000000000e+02
4.600000000000000000e+01 4.340000000000000000e+02
4.700000000000000000e+01 2.050000000000000000e+02
4.800000000000000000e+01 1.210000000000000000e+02
4.900000000000000000e+01 1.080000000000000000e+02
5.000000000000000000e+01 4.900000000000000000e+01
5.100000000000000000e+01 8.400000000000000000e+01
5.200000000000000000e+01 4.000000000000000000e+01
5.300000000000000000e+01 6.300000000000000000e+01
5.400000000000000000e+01 2.300000000000000000e+01
5.500000000000000000e+01 5.100000000000000000e+01
5.600000000000000000e+01 3.300000000000000000e+01
5.700000000000000000e+01 4.500000000000000000e+01
5.800000000000000000e+01 1.700000000000000000e+01
5.900000000000000000e+01 4.600000000000000000e+01
6.000000000000000000e+01 1.200000000000000000e+01
6.100000000000000000e+01 3.500000000000000000e+01
6.200000000000000000e+01 1.000000000000000000e+01
6.300000000000000000e+01 1.900000000000000000e+01
6.400000000000000000e+01 1.300000000000000000e+01
6.500000000000000000e+01 1.400000000000000000e+01
6.600000000000000000e+01 1.100000000000000000e+01
6.700000000000000000e+01 1.700000000000000000e+01
6.800000000000000000e+01 1.300000000000000000e+01
6.900000000000000000e+01 1.000000000000000000e+01
7.000000000000000000e+01 6.000000000000000000e+00
7.100000000000000000e+01 1.000000000000000000e+01
7.200000000000000000e+01 1.000000000000000000e+00
7.300000000000000000e+01 2.000000000000000000e+00
7.400000000000000000e+01 4.000000000000000000e+00
7.500000000000000000e+01 2.000000000000000000e+00
7.600000000000000000e+01 8.000000000000000000e+00
7.700000000000000000e+01 1.000000000000000000e+00
7.800000000000000000e+01 2.000000000000000000e+00
7.900000000000000000e+01 1.000000000000000000e+00
8.000000000000000000e+01 4.000000000000000000e+00
8.100000000000000000e+01 1.000000000000000000e+00
8.200000000000000000e+01 1.000000000000000000e+00
8.400000000000000000e+01 1.000000000000000000e+00
8.600000000000000000e+01 2.000000000000000000e+00
9.300000000000000000e+01 1.000000000000000000e+00
9.700000000000000000e+01 1.000000000000000000e+00
1.040000000000000000e+02 1.000000000000000000e+00
1.250000000000000000e+02 1.000000000000000000e+00
1.260000000000000000e+02 1.000000000000000000e+00
1.440000000000000000e+02 1.000000000000000000e+00
1.500000000000000000e+02 1.000000000000000000e+00
1.860000000000000000e+02 1.000000000000000000e+00
2.710000000000000000e+02 1.000000000000000000e+00
6.010000000000000000e+02 1.000000000000000000e+00
