-4.000000000000000000e+00 1.000000000000000000e+00
-2.000000000000000000e+00 1.000000000000000000e+00
-1.000000000000000000e+00 9.000000000000000000e+00
0.000000000000000000e+00 1.334000000000000000e+03
1.000000000000000000e+00 2.500000000000000000e+01
2.000000000000000000e+00 3.500000000000000000e+01
3.000000000000000000e+00 7.000000000000000000e+01
4.000000000000000000e+00 4.850000000000000000e+02
5.000000000000000000e+00 2.370000000000000000e+03
6.000000000000000000e+00 1.309700000000000000e+04
7.000000000000000000e+00 2.470600000000000000e+04
8.000000000000000000e+00 3.481800000000000000e+04
9.000000000000000000e+00 5.045600000000000000e+04
1.000000000000000000e+01 7.080300000000000000e+04
1.100000000000000000e+01 9.772400000000000000e+04
1.200000000000000000e+01 1.337370000000000000e+05
1.300000000000000000e+01 1.807000000000000000e+05
1.400000000000000000e+01 2.400780000000000000e+05
1.500000000000000000e+01 3.108500000000000000e+05
1.600000000000000000e+01 3.989410000000000000e+05
1.700000000000000000e+01 5.009230000000000000e+05
1.800000000000000000e+01 6.131590000000000000e+05
1.900000000000000000e+01 7.149840000000000000e+05
2.000000000000000000e+01 7.902780000000000000e+05
2.100000000000000000e+01 8.224620000000000000e+05
2.200000000000000000e+01 7.965640000000000000e+05
2.300000000000000000e+01 7.014520000000000000e+05
2.400000000000000000e+01 5.544710000000000000e+05
2.500000000000000000e+01 3.770690000000000000e+05
2.600000000000000000e+01 2.214320000000000000e+05
2.700000000000000000e+01 1.132790000000000000e+05
2.800000000000000000e+01 5.404300000000000000e+04
2.900000000000000000e+01 2.551800000000000000e+04
3.000000000000000000e+01 1.238100000000000000e+04
3.100000000000000000e+01 6.036000000000000000e+03
3.200000000000000000e+01 2.675000000000000000e+03
3.300000000000000000e+01 1.098000000000000000e+03
3.400000000000000000e+01 3.830000000000000000e+02
3.500000000000000000e+01 1.340000000000000000e+02
3.600000000000000000e+01 7.100000000000000000e+01
3.700000000000000000e+01 2.600000000000000000e+01
3.800000000000000000e+01 2.200000000000000000e+01
3.900000000000000000e+01 8.000000000000000000e+00
4.000000000000000000e+01 1.700000000000000000e+01
4.100000000000000000e+01 1.200000000000000000e+01
4.200000000000000000e+01 1.000000000000000000e+01
4.300000000000000000e+01 7.000000000000000000e+00
4.400000000000000000e+01 7.000000000000000000e+00
4.500000000000000000e+01 1.000000000000000000e+00
4.600000000000000000e+01 1.000000000000000000e+01
4.700000000000000000e+01 5.000000000000000000e+00
4.800000000000000000e+01 2.000000000000000000e+00
4.900000000000000000e+01 9.000000000000000000e+00
5.100000000000000000e+01 2.000000000000000000e+00
5.200000000000000000e+01 3.000000000000000000e+00
5.300000000000000000e+01 2.000000000000000000e+00
5.400000000000000000e+01 1.000000000000000000e+00
5.500000000000000000e+01 2.000000000000000000e+00
5.600000000000000000e+01 1.000000000000000000e+00
5.700000000000000000e+01 2.000000000000000000e+00
5.900000000000000000e+01 2.000000000000000000e+00
6.000000000000000000e+01 2.000000000000000000e+00
7.000000000000000000e+01 2.000000000000000000e+00
7.900000000000000000e+01 1.000000000000000000e+00
8.200000000000000000e+01 1.000000000000000000e+00
8.300000000000000000e+01 1.000000000000000000e+00
8.500000000000000000e+01 1.000000000000000000e+00
8.800000000000000000e+01 1.000000000000000000e+00
9.300000000000000000e+01 1.000000000000000000e+00
9.400000000000000000e+01 2.000000000000000000e+00
9.600000000000000000e+01 1.000000000000000000e+00
1.020000000000000000e+02 1.000000000000000000e+00
1.050000000000000000e+02 1.000000000000000000e+00
1.070000000000000000e+02 1.000000000000000000e+00
1.110000000000000000e+02 1.000000000000000000e+00
1.140000000000000000e+02 1.000000000000000000e+00
1.150000000000000000e+02 2.000000000000000000e+00
1.170000000000000000e+02 1.000000000000000000e+00
1.210000000000000000e+02 1.000000000000000000e+00
1.240000000000000000e+02 1.000000000000000000e+00
1.280000000000000000e+02 1.000000000000000000e+00
1.370000000000000000e+02 1.000000000000000000e+00
1.430000000000000000e+02 1.000000000000000000e+00
1.500000000000000000e+02 1.000000000000000000e+00
1.510000000000000000e+02 1.000000000000000000e+00
1.590000000000000000e+02 1.000000000000000000e+00
1.680000000000000000e+02 2.000000000000000000e+00
1.700000000000000000e+02 1.000000000000000000e+00
1.710000000000000000e+02 1.000000000000000000e+00
1.800000000000000000e+02 1.000000000000000000e+00
1.830000000000000000e+02 1.000000000000000000e+00
1.930000000000000000e+02 1.000000000000000000e+00
1.980000000000000000e+02 1.000000000000000000e+00
2.230000000000000000e+02 1.000000000000000000e+00
2.250000000000000000e+02 1.000000000000000000e+00
2.270000000000000000e+02 1.000000000000000000e+00
2.310000000000000000e+02 1.000000000000000000e+00
3.000000000000000000e+02 1.000000000000000000e+00
3.010000000000000000e+02 1.000000000000000000e+00
3.080000000000000000e+02 1.000000000000000000e+00
3.920000000000000000e+02 1.000000000000000000e+00
7.090000000000000000e+02 1.000000000000000000e+00
9.890000000000000000e+02 1.000000000000000000e+00
1.982000000000000000e+03 1.000000000000000000e+00
