-4.000000000000000000e+00 4.000000000000000000e+00
-3.000000000000000000e+00 3.000000000000000000e+00
-2.000000000000000000e+00 7.000000000000000000e+00
-1.000000000000000000e+00 3.100000000000000000e+01
0.000000000000000000e+00 1.339000000000000000e+03
1.000000000000000000e+00 6.600000000000000000e+01
2.000000000000000000e+00 9.700000000000000000e+01
3.000000000000000000e+00 1.470000000000000000e+02
4.000000000000000000e+00 9.820000000000000000e+02
5.000000000000000000e+00 6.529000000000000000e+03
6.000000000000000000e+00 4.368100000000000000e+04
7.000000000000000000e+00 7.458700000000000000e+04
8.000000000000000000e+00 8.719200000000000000e+04
9.000000000000000000e+00 9.824100000000000000e+04
1.000000000000000000e+01 1.077600000000000000e+05
1.100000000000000000e+01 1.114320000000000000e+05
1.200000000000000000e+01 1.122580000000000000e+05
1.300000000000000000e+01 1.159120000000000000e+05
1.400000000000000000e+01 1.269740000000000000e+05
1.500000000000000000e+01 1.480290000000000000e+05
1.600000000000000000e+01 1.815670000000000000e+05
1.700000000000000000e+01 2.304920000000000000e+05
1.800000000000000000e+01 2.939510000000000000e+05
1.900000000000000000e+01 3.709330000000000000e+05
2.000000000000000000e+01 4.592680000000000000e+05
2.100000000000000000e+01 5.579260000000000000e+05
2.200000000000000000e+01 6.607200000000000000e+05
2.300000000000000000e+01 7.521050000000000000e+05
2.400000000000000000e+01 8.270530000000000000e+05
2.500000000000000000e+01 8.634410000000000000e+05
2.600000000000000000e+01 8.603150000000000000e+05
2.700000000000000000e+01 8.211010000000000000e+05
2.800000000000000000e+01 7.604150000000000000e+05
2.900000000000000000e+01 6.866490000000000000e+05
3.000000000000000000e+01 6.057360000000000000e+05
3.100000000000000000e+01 5.239490000000000000e+05
3.200000000000000000e+01 4.451610000000000000e+05
3.300000000000000000e+01 3.698690000000000000e+05
3.400000000000000000e+01 2.996260000000000000e+05
3.500000000000000000e+01 2.347810000000000000e+05
3.600000000000000000e+01 1.760020000000000000e+05
3.700000000000000000e+01 1.249480000000000000e+05
3.800000000000000000e+01 8.411400000000000000e+04
3.900000000000000000e+01 5.368000000000000000e+04
4.000000000000000000e+01 3.145600000000000000e+04
4.100000000000000000e+01 1.724200000000000000e+04
4.200000000000000000e+01 8.477000000000000000e+03
4.300000000000000000e+01 3.964000000000000000e+03
4.400000000000000000e+01 1.745000000000000000e+03
4.500000000000000000e+01 7.190000000000000000e+02
4.600000000000000000e+01 3.110000000000000000e+02
4.700000000000000000e+01 1.610000000000000000e+02
4.800000000000000000e+01 8.300000000000000000e+01
4.900000000000000000e+01 6.700000000000000000e+01
5.000000000000000000e+01 2.900000000000000000e+01
5.100000000000000000e+01 4.200000000000000000e+01
5.200000000000000000e+01 3.300000000000000000e+01
5.300000000000000000e+01 4.200000000000000000e+01
5.400000000000000000e+01 1.500000000000000000e+01
5.500000000000000000e+01 2.900000000000000000e+01
5.600000000000000000e+01 1.700000000000000000e+01
5.700000000000000000e+01 3.000000000000000000e+01
5.800000000000000000e+01 1.000000000000000000e+01
5.900000000000000000e+01 2.700000000000000000e+01
6.000000000000000000e+01 9.000000000000000000e+00
6.100000000000000000e+01 2.000000000000000000e+01
6.200000000000000000e+01 1.000000000000000000e+01
6.300000000000000000e+01 1.300000000000000000e+01
6.400000000000000000e+01 1.000000000000000000e+01
6.500000000000000000e+01 8.000000000000000000e+00
6.600000000000000000e+01 7.000000000000000000e+00
6.700000000000000000e+01 4.000000000000000000e+00
6.800000000000000000e+01 6.000000000000000000e+00
6.900000000000000000e+01 3.000000000000000000e+00
7.000000000000000000e+01 2.000000000000000000e+00
7.100000000000000000e+01 4.000000000000000000e+00
7.200000000000000000e+01 2.000000000000000000e+00
7.300000000000000000e+01 4.000000000000000000e+00
7.400000000000000000e+01 1.000000000000000000e+00
7.500000000000000000e+01 2.000000000000000000e+00
7.600000000000000000e+01 2.000000000000000000e+00
7.700000000000000000e+01 1.000000000000000000e+00
7.800000000000000000e+01 4.000000000000000000e+00
8.000000000000000000e+01 2.000000000000000000e+00
8.200000000000000000e+01 1.000000000000000000e+00
8.400000000000000000e+01 2.000000000000000000e+00
8.600000000000000000e+01 1.000000000000000000e+00
8.700000000000000000e+01 2.000000000000000000e+00
1.010000000000000000e+02 1.000000000000000000e+00
1.210000000000000000e+02 1.000000000000000000e+00
1.230000000000000000e+02 1.000000000000000000e+00
1.340000000000000000e+02 1.000000000000000000e+00
1.480000000000000000e+02 1.000000000000000000e+00
1.520000000000000000e+02 1.000000000000000000e+00
1.620000000000000000e+02 1.000000000000000000e+00
1.670000000000000000e+02 1.000000000000000000e+00
3.020000000000000000e+02 1.000000000000000000e+00
3.100000000000000000e+02 1.000000000000000000e+00
6.230000000000000000e+02 1.000000000000000000e+00
