-4.000000000000000000e+00 7.000000000000000000e+00
-3.000000000000000000e+00 5.000000000000000000e+00
-2.000000000000000000e+00 2.400000000000000000e+01
-1.000000000000000000e+00 9.100000000000000000e+01
0.000000000000000000e+00 1.420000000000000000e+03
1.000000000000000000e+00 2.020000000000000000e+02
2.000000000000000000e+00 2.580000000000000000e+02
3.000000000000000000e+00 4.260000000000000000e+02
4.000000000000000000e+00 2.035000000000000000e+03
5.000000000000000000e+00 1.563900000000000000e+04
6.000000000000000000e+00 1.108790000000000000e+05
7.000000000000000000e+00 1.906040000000000000e+05
8.000000000000000000e+00 2.302610000000000000e+05
9.000000000000000000e+00 2.731200000000000000e+05
1.000000000000000000e+01 3.145970000000000000e+05
1.100000000000000000e+01 3.431610000000000000e+05
1.200000000000000000e+01 3.638460000000000000e+05
1.300000000000000000e+01 3.797470000000000000e+05
1.400000000000000000e+01 3.966740000000000000e+05
1.500000000000000000e+01 4.206580000000000000e+05
1.600000000000000000e+01 4.589930000000000000e+05
1.700000000000000000e+01 5.198630000000000000e+05
1.800000000000000000e+01 6.022800000000000000e+05
1.900000000000000000e+01 7.048470000000000000e+05
2.000000000000000000e+01 8.315410000000000000e+05
2.100000000000000000e+01 9.822910000000000000e+05
2.200000000000000000e+01 1.144749000000000000e+06
2.300000000000000000e+01 1.292436000000000000e+06
2.400000000000000000e+01 1.405356000000000000e+06
2.500000000000000000e+01 1.453824000000000000e+06
2.600000000000000000e+01 1.432628000000000000e+06
2.700000000000000000e+01 1.365567000000000000e+06
2.800000000000000000e+01 1.273167000000000000e+06
2.900000000000000000e+01 1.176134000000000000e+06
3.000000000000000000e+01 1.072815000000000000e+06
3.100000000000000000e+01 9.822350000000000000e+05
3.200000000000000000e+01 9.027010000000000000e+05
3.300000000000000000e+01 8.297350000000000000e+05
3.400000000000000000e+01 7.661990000000000000e+05
3.500000000000000000e+01 7.073510000000000000e+05
3.600000000000000000e+01 6.517400000000000000e+05
3.700000000000000000e+01 5.975990000000000000e+05
3.800000000000000000e+01 5.466380000000000000e+05
3.900000000000000000e+01 4.966120000000000000e+05
4.000000000000000000e+01 4.452820000000000000e+05
4.100000000000000000e+01 3.954590000000000000e+05
4.200000000000000000e+01 3.444730000000000000e+05
4.300000000000000000e+01 2.947540000000000000e+05
4.400000000000000000e+01 2.455510000000000000e+05
4.500000000000000000e+01 1.978900000000000000e+05
4.600000000000000000e+01 1.556330000000000000e+05
4.700000000000000000e+01 1.176260000000000000e+05
4.800000000000000000e+01 8.401900000000000000e+04
4.900000000000000000e+01 5.843700000000000000e+04
5.000000000000000000e+01 3.770000000000000000e+04
5.100000000000000000e+01 2.374500000000000000e+04
5.200000000000000000e+01 1.432200000000000000e+04
5.300000000000000000e+01 7.923000000000000000e+03
5.400000000000000000e+01 4.319000000000000000e+03
5.500000000000000000e+01 2.331000000000000000e+03
5.600000000000000000e+01 1.223000000000000000e+03
5.700000000000000000e+01 6.550000000000000000e+02
5.800000000000000000e+01 3.340000000000000000e+02
5.900000000000000000e+01 2.420000000000000000e+02
6.000000000000000000e+01 1.390000000000000000e+02
6.100000000000000000e+01 1.140000000000000000e+02
6.200000000000000000e+01 5.000000000000000000e+01
6.300000000000000000e+01 7.500000000000000000e+01
6.400000000000000000e+01 5.700000000000000000e+01
6.500000000000000000e+01 4.500000000000000000e+01
6.600000000000000000e+01 6.300000000000000000e+01
6.700000000000000000e+01 4.700000000000000000e+01
6.800000000000000000e+01 3.900000000000000000e+01
6.900000000000000000e+01 4.000000000000000000e+01
7.000000000000000000e+01 4.300000000000000000e+01
7.100000000000000000e+01 4.600000000000000000e+01
7.200000000000000000e+01 3.300000000000000000e+01
7.300000000000000000e+01 3.100000000000000000e+01
7.400000000000000000e+01 2.300000000000000000e+01
7.500000000000000000e+01 1.100000000000000000e+01
7.600000000000000000e+01 2.500000000000000000e+01
7.700000000000000000e+01 1.200000000000000000e+01
7.800000000000000000e+01 2.000000000000000000e+01
7.900000000000000000e+01 9.000000000000000000e+00
8.000000000000000000e+01 1.700000000000000000e+01
8.100000000000000000e+01 6.000000000000000000e+00
8.200000000000000000e+01 1.500000000000000000e+01
8.300000000000000000e+01 4.000000000000000000e+00
8.400000000000000000e+01 1.200000000000000000e+01
8.500000000000000000e+01 2.000000000000000000e+00
8.600000000000000000e+01 1.200000000000000000e+01
8.700000000000000000e+01 1.100000000000000000e+01
8.800000000000000000e+01 3.000000000000000000e+00
8.900000000000000000e+01 5.000000000000000000e+00
9.000000000000000000e+01 6.000000000000000000e+00
9.100000000000000000e+01 4.000000000000000000e+00
9.200000000000000000e+01 3.000000000000000000e+00
9.300000000000000000e+01 5.000000000000000000e+00
9.400000000000000000e+01 5.000000000000000000e+00
9.500000000000000000e+01 2.000000000000000000e+00
9.600000000000000000e+01 5.000000000000000000e+00
9.800000000000000000e+01 2.000000000000000000e+00
9.900000000000000000e+01 1.000000000000000000e+00
1.010000000000000000e+02 2.000000000000000000e+00
1.030000000000000000e+02 3.000000000000000000e+00
1.140000000000000000e+02 1.000000000000000000e+00
1.150000000000000000e+02 1.000000000000000000e+00
1.240000000000000000e+02 1.000000000000000000e+00
1.290000000000000000e+02 1.000000000000000000e+00
1.410000000000000000e+02 1.000000000000000000e+00
1.670000000000000000e+02 1.000000000000000000e+00
1.830000000000000000e+02 1.000000000000000000e+00
1.970000000000000000e+02 1.000000000000000000e+00
2.190000000000000000e+02 1.000000000000000000e+00
2.530000000000000000e+02 1.000000000000000000e+00
