-4.000000000000000000e+00 3.000000000000000000e+00
-3.000000000000000000e+00 2.000000000000000000e+00
-2.000000000000000000e+00 9.000000000000000000e+00
-1.000000000000000000e+00 2.900000000000000000e+01
0.000000000000000000e+00 1.367000000000000000e+03
1.000000000000000000e+00 5.900000000000000000e+01
2.000000000000000000e+00 8.900000000000000000e+01
3.000000000000000000e+00 1.310000000000000000e+02
4.000000000000000000e+00 6.960000000000000000e+02
5.000000000000000000e+00 4.089000000000000000e+03
6.000000000000000000e+00 2.431100000000000000e+04
7.000000000000000000e+00 4.621800000000000000e+04
8.000000000000000000e+00 6.556700000000000000e+04
9.000000000000000000e+00 9.475000000000000000e+04
1.000000000000000000e+01 1.335920000000000000e+05
1.100000000000000000e+01 1.855350000000000000e+05
1.200000000000000000e+01 2.547100000000000000e+05
1.300000000000000000e+01 3.453190000000000000e+05
1.400000000000000000e+01 4.607530000000000000e+05
1.500000000000000000e+01 5.992640000000000000e+05
1.600000000000000000e+01 7.671200000000000000e+05
1.700000000000000000e+01 9.736660000000000000e+05
1.800000000000000000e+01 1.194678000000000000e+06
1.900000000000000000e+01 1.404362000000000000e+06
2.000000000000000000e+01 1.561130000000000000e+06
2.100000000000000000e+01 1.640378000000000000e+06
2.200000000000000000e+01 1.606203000000000000e+06
2.300000000000000000e+01 1.432245000000000000e+06
2.400000000000000000e+01 1.146388000000000000e+06
2.500000000000000000e+01 7.930480000000000000e+05
2.600000000000000000e+01 4.757400000000000000e+05
2.700000000000000000e+01 2.486040000000000000e+05
2.800000000000000000e+01 1.191440000000000000e+05
2.900000000000000000e+01 5.542400000000000000e+04
3.000000000000000000e+01 2.629900000000000000e+04
3.100000000000000000e+01 1.300300000000000000e+04
3.200000000000000000e+01 5.675000000000000000e+03
3.300000000000000000e+01 2.391000000000000000e+03
3.400000000000000000e+01 9.360000000000000000e+02
3.500000000000000000e+01 3.450000000000000000e+02
3.600000000000000000e+01 1.310000000000000000e+02
3.700000000000000000e+01 8.200000000000000000e+01
3.800000000000000000e+01 7.800000000000000000e+01
3.900000000000000000e+01 2.400000000000000000e+01
4.000000000000000000e+01 8.400000000000000000e+01
4.100000000000000000e+01 5.300000000000000000e+01
4.200000000000000000e+01 5.100000000000000000e+01
4.300000000000000000e+01 4.600000000000000000e+01
4.400000000000000000e+01 3.900000000000000000e+01
4.500000000000000000e+01 4.800000000000000000e+01
4.600000000000000000e+01 4.600000000000000000e+01
4.700000000000000000e+01 3.200000000000000000e+01
4.800000000000000000e+01 1.400000000000000000e+01
4.900000000000000000e+01 4.300000000000000000e+01
5.000000000000000000e+01 7.000000000000000000e+00
5.100000000000000000e+01 2.700000000000000000e+01
5.200000000000000000e+01 1.100000000000000000e+01
5.300000000000000000e+01 1.400000000000000000e+01
5.400000000000000000e+01 9.000000000000000000e+00
5.500000000000000000e+01 1.600000000000000000e+01
5.600000000000000000e+01 5.000000000000000000e+00
5.700000000000000000e+01 7.000000000000000000e+00
5.800000000000000000e+01 5.000000000000000000e+00
5.900000000000000000e+01 6.000000000000000000e+00
6.000000000000000000e+01 2.000000000000000000e+00
6.100000000000000000e+01 3.000000000000000000e+00
6.200000000000000000e+01 4.000000000000000000e+00
6.300000000000000000e+01 1.000000000000000000e+00
6.400000000000000000e+01 1.000000000000000000e+00
6.500000000000000000e+01 1.000000000000000000e+00
6.600000000000000000e+01 1.000000000000000000e+00
6.700000000000000000e+01 1.000000000000000000e+00
6.800000000000000000e+01 2.000000000000000000e+00
6.900000000000000000e+01 1.000000000000000000e+00
7.100000000000000000e+01 1.000000000000000000e+00
7.300000000000000000e+01 1.000000000000000000e+00
7.400000000000000000e+01 1.000000000000000000e+00
7.500000000000000000e+01 1.000000000000000000e+00
7.600000000000000000e+01 1.000000000000000000e+00
8.300000000000000000e+01 1.000000000000000000e+00
8.400000000000000000e+01 1.000000000000000000e+00
8.600000000000000000e+01 2.000000000000000000e+00
8.800000000000000000e+01 1.000000000000000000e+00
8.900000000000000000e+01 1.000000000000000000e+00
9.300000000000000000e+01 1.000000000000000000e+00
9.500000000000000000e+01 1.000000000000000000e+00
9.600000000000000000e+01 1.000000000000000000e+00
1.000000000000000000e+02 1.000000000000000000e+00
1.030000000000000000e+02 2.000000000000000000e+00
1.040000000000000000e+02 2.000000000000000000e+00
1.080000000000000000e+02 1.000000000000000000e+00
1.100000000000000000e+02 1.000000000000000000e+00
1.110000000000000000e+02 1.000000000000000000e+00
1.120000000000000000e+02 1.000000000000000000e+00
1.130000000000000000e+02 1.000000000000000000e+00
1.190000000000000000e+02 1.000000000000000000e+00
1.260000000000000000e+02 1.000000000000000000e+00
1.360000000000000000e+02 2.000000000000000000e+00
1.370000000000000000e+02 1.000000000000000000e+00
1.400000000000000000e+02 2.000000000000000000e+00
1.480000000000000000e+02 1.000000000000000000e+00
1.570000000000000000e+02 1.000000000000000000e+00
1.590000000000000000e+02 1.000000000000000000e+00
1.620000000000000000e+02 1.000000000000000000e+00
1.700000000000000000e+02 1.000000000000000000e+00
1.710000000000000000e+02 1.000000000000000000e+00
1.820000000000000000e+02 1.000000000000000000e+00
1.940000000000000000e+02 1.000000000000000000e+00
2.380000000000000000e+02 1.000000000000000000e+00
2.510000000000000000e+02 1.000000000000000000e+00
2.570000000000000000e+02 1.000000000000000000e+00
3.070000000000000000e+02 1.000000000000000000e+00
3.120000000000000000e+02 1.000000000000000000e+00
3.660000000000000000e+02 1.000000000000000000e+00
3.730000000000000000e+02 1.000000000000000000e+00
4.380000000000000000e+02 1.000000000000000000e+00
4.810000000000000000e+02 1.000000000000000000e+00
5.240000000000000000e+02 1.000000000000000000e+00
5.550000000000000000e+02 1.000000000000000000e+00
5.630000000000000000e+02 1.000000000000000000e+00
7.320000000000000000e+02 1.000000000000000000e+00
7.450000000000000000e+02 1.000000000000000000e+00
9.450000000000000000e+02 1.000000000000000000e+00
1.188000000000000000e+03 1.000000000000000000e+00
1.208000000000000000e+03 1.000000000000000000e+00
1.293000000000000000e+03 1.000000000000000000e+00
1.919000000000000000e+03 1.000000000000000000e+00
4.196000000000000000e+03 1.000000000000000000e+00
