-4.000000000000000000e+00 4.000000000000000000e+00
-3.000000000000000000e+00 5.000000000000000000e+00
-2.000000000000000000e+00 1.200000000000000000e+01
-1.000000000000000000e+00 4.700000000000000000e+01
0.000000000000000000e+00 1.355000000000000000e+03
1.000000000000000000e+00 7.700000000000000000e+01
2.000000000000000000e+00 1.280000000000000000e+02
3.000000000000000000e+00 1.600000000000000000e+02
4.000000000000000000e+00 1.011000000000000000e+03
5.000000000000000000e+00 4.994000000000000000e+03
6.000000000000000000e+00 2.692100000000000000e+04
7.000000000000000000e+00 4.975300000000000000e+04
8.000000000000000000e+00 6.954100000000000000e+04
9.000000000000000000e+00 1.000070000000000000e+05
1.000000000000000000e+01 1.395750000000000000e+05
1.100000000000000000e+01 1.936700000000000000e+05
1.200000000000000000e+01 2.653120000000000000e+05
1.300000000000000000e+01 3.622800000000000000e+05
1.400000000000000000e+01 4.877840000000000000e+05
1.500000000000000000e+01 6.471850000000000000e+05
1.600000000000000000e+01 8.415750000000000000e+05
1.700000000000000000e+01 1.083738000000000000e+06
1.800000000000000000e+01 1.349276000000000000e+06
1.900000000000000000e+01 1.620324000000000000e+06
2.000000000000000000e+01 1.856199000000000000e+06
2.100000000000000000e+01 2.057343000000000000e+06
2.200000000000000000e+01 2.197387000000000000e+06
2.300000000000000000e+01 2.233108000000000000e+06
2.400000000000000000e+01 2.157113000000000000e+06
2.500000000000000000e+01 1.957039000000000000e+06
2.600000000000000000e+01 1.674908000000000000e+06
2.700000000000000000e+01 1.329156000000000000e+06
2.800000000000000000e+01 9.666110000000000000e+05
2.900000000000000000e+01 6.387710000000000000e+05
3.000000000000000000e+01 3.746310000000000000e+05
3.100000000000000000e+01 1.972680000000000000e+05
3.200000000000000000e+01 9.088400000000000000e+04
3.300000000000000000e+01 3.757600000000000000e+04
3.400000000000000000e+01 1.458700000000000000e+04
3.500000000000000000e+01 5.556000000000000000e+03
3.600000000000000000e+01 1.948000000000000000e+03
3.700000000000000000e+01 8.010000000000000000e+02
3.800000000000000000e+01 3.700000000000000000e+02
3.900000000000000000e+01 1.460000000000000000e+02
4.000000000000000000e+01 1.420000000000000000e+02
4.100000000000000000e+01 1.170000000000000000e+02
4.200000000000000000e+01 9.500000000000000000e+01
4.300000000000000000e+01 8.500000000000000000e+01
4.400000000000000000e+01 7.500000000000000000e+01
4.500000000000000000e+01 7.700000000000000000e+01
4.600000000000000000e+01 9.200000000000000000e+01
4.700000000000000000e+01 7.300000000000000000e+01
4.800000000000000000e+01 3.100000000000000000e+01
4.900000000000000000e+01 1.060000000000000000e+02
5.000000000000000000e+01 2.000000000000000000e+01
5.100000000000000000e+01 8.000000000000000000e+01
5.200000000000000000e+01 1.800000000000000000e+01
5.300000000000000000e+01 7.300000000000000000e+01
5.400000000000000000e+01 1.600000000000000000e+01
5.500000000000000000e+01 5.900000000000000000e+01
5.600000000000000000e+01 1.100000000000000000e+01
5.700000000000000000e+01 2.500000000000000000e+01
5.800000000000000000e+01 8.000000000000000000e+00
5.900000000000000000e+01 2.200000000000000000e+01
6.000000000000000000e+01 6.000000000000000000e+00
6.100000000000000000e+01 1.100000000000000000e+01
6.200000000000000000e+01 6.000000000000000000e+00
6.300000000000000000e+01 1.000000000000000000e+01
6.400000000000000000e+01 2.000000000000000000e+00
6.500000000000000000e+01 3.000000000000000000e+00
6.700000000000000000e+01 3.000000000000000000e+00
6.800000000000000000e+01 2.000000000000000000e+00
7.000000000000000000e+01 2.000000000000000000e+00
7.100000000000000000e+01 1.000000000000000000e+00
7.200000000000000000e+01 2.000000000000000000e+00
7.800000000000000000e+01 1.000000000000000000e+00
8.200000000000000000e+01 1.000000000000000000e+00
1.050000000000000000e+02 1.000000000000000000e+00
1.090000000000000000e+02 1.000000000000000000e+00
1.200000000000000000e+02 1.000000000000000000e+00
1.210000000000000000e+02 1.000000000000000000e+00
1.220000000000000000e+02 1.000000000000000000e+00
1.360000000000000000e+02 1.000000000000000000e+00
1.370000000000000000e+02 1.000000000000000000e+00
1.450000000000000000e+02 1.000000000000000000e+00
1.530000000000000000e+02 1.000000000000000000e+00
1.680000000000000000e+02 1.000000000000000000e+00
1.690000000000000000e+02 1.000000000000000000e+00
1.890000000000000000e+02 1.000000000000000000e+00
2.340000000000000000e+02 1.000000000000000000e+00
2.370000000000000000e+02 1.000000000000000000e+00
2.560000000000000000e+02 1.000000000000000000e+00
3.040000000000000000e+02 1.000000000000000000e+00
3.170000000000000000e+02 1.000000000000000000e+00
3.610000000000000000e+02 1.000000000000000000e+00
4.870000000000000000e+02 1.000000000000000000e+00
6.160000000000000000e+02 1.000000000000000000e+00
7.250000000000000000e+02 1.000000000000000000e+00
8.990000000000000000e+02 1.000000000000000000e+00
1.190000000000000000e+03 1.000000000000000000e+00
5.041000000000000000e+03 1.000000000000000000e+00
