-4.000000000000000000e+00 7.000000000000000000e+00
-3.000000000000000000e+00 7.000000000000000000e+00
-2.000000000000000000e+00 2.100000000000000000e+01
-1.000000000000000000e+00 9.700000000000000000e+01
0.000000000000000000e+00 1.415000000000000000e+03
1.000000000000000000e+00 1.730000000000000000e+02
2.000000000000000000e+00 2.340000000000000000e+02
3.000000000000000000e+00 4.200000000000000000e+02
4.000000000000000000e+00 2.178000000000000000e+03
5.000000000000000000e+00 1.566000000000000000e+04
6.000000000000000000e+00 1.106280000000000000e+05
7.000000000000000000e+00 1.912890000000000000e+05
8.000000000000000000e+00 2.301710000000000000e+05
9.000000000000000000e+00 2.732840000000000000e+05
1.000000000000000000e+01 3.139690000000000000e+05
1.100000000000000000e+01 3.445870000000000000e+05
1.200000000000000000e+01 3.630880000000000000e+05
1.300000000000000000e+01 3.775170000000000000e+05
1.400000000000000000e+01 3.971490000000000000e+05
1.500000000000000000e+01 4.199510000000000000e+05
1.600000000000000000e+01 4.591030000000000000e+05
1.700000000000000000e+01 5.212870000000000000e+05
1.800000000000000000e+01 6.018310000000000000e+05
1.900000000000000000e+01 7.051320000000000000e+05
2.000000000000000000e+01 8.304870000000000000e+05
2.100000000000000000e+01 9.815030000000000000e+05
2.200000000000000000e+01 1.143459000000000000e+06
2.300000000000000000e+01 1.289674000000000000e+06
2.400000000000000000e+01 1.406377000000000000e+06
2.500000000000000000e+01 1.451850000000000000e+06
2.600000000000000000e+01 1.435139000000000000e+06
2.700000000000000000e+01 1.367148000000000000e+06
2.800000000000000000e+01 1.273746000000000000e+06
2.900000000000000000e+01 1.176501000000000000e+06
3.000000000000000000e+01 1.077271000000000000e+06
3.100000000000000000e+01 9.846280000000000000e+05
3.200000000000000000e+01 9.029400000000000000e+05
3.300000000000000000e+01 8.310960000000000000e+05
3.400000000000000000e+01 7.658210000000000000e+05
3.500000000000000000e+01 7.097260000000000000e+05
3.600000000000000000e+01 6.517100000000000000e+05
3.700000000000000000e+01 5.981080000000000000e+05
3.800000000000000000e+01 5.459810000000000000e+05
3.900000000000000000e+01 4.953620000000000000e+05
4.000000000000000000e+01 4.450040000000000000e+05
4.100000000000000000e+01 3.951340000000000000e+05
4.200000000000000000e+01 3.443090000000000000e+05
4.300000000000000000e+01 2.938030000000000000e+05
4.400000000000000000e+01 2.454770000000000000e+05
4.500000000000000000e+01 1.985900000000000000e+05
4.600000000000000000e+01 1.560840000000000000e+05
4.700000000000000000e+01 1.173700000000000000e+05
4.800000000000000000e+01 8.471800000000000000e+04
4.900000000000000000e+01 5.864200000000000000e+04
5.000000000000000000e+01 3.823600000000000000e+04
5.100000000000000000e+01 2.390200000000000000e+04
5.200000000000000000e+01 1.409600000000000000e+04
5.300000000000000000e+01 8.004000000000000000e+03
5.400000000000000000e+01 4.296000000000000000e+03
5.500000000000000000e+01 2.441000000000000000e+03
5.600000000000000000e+01 1.198000000000000000e+03
5.700000000000000000e+01 6.400000000000000000e+02
5.800000000000000000e+01 3.690000000000000000e+02
5.900000000000000000e+01 2.470000000000000000e+02
6.000000000000000000e+01 1.400000000000000000e+02
6.100000000000000000e+01 1.260000000000000000e+02
6.200000000000000000e+01 6.500000000000000000e+01
6.300000000000000000e+01 8.800000000000000000e+01
6.400000000000000000e+01 5.200000000000000000e+01
6.500000000000000000e+01 5.000000000000000000e+01
6.600000000000000000e+01 4.300000000000000000e+01
6.700000000000000000e+01 3.200000000000000000e+01
6.800000000000000000e+01 5.000000000000000000e+01
6.900000000000000000e+01 2.700000000000000000e+01
7.000000000000000000e+01 2.200000000000000000e+01
7.100000000000000000e+01 2.600000000000000000e+01
7.200000000000000000e+01 2.400000000000000000e+01
7.300000000000000000e+01 3.000000000000000000e+01
7.400000000000000000e+01 2.000000000000000000e+01
7.500000000000000000e+01 1.500000000000000000e+01
7.600000000000000000e+01 2.800000000000000000e+01
7.700000000000000000e+01 9.000000000000000000e+00
7.800000000000000000e+01 1.100000000000000000e+01
7.900000000000000000e+01 1.000000000000000000e+01
8.000000000000000000e+01 2.300000000000000000e+01
8.100000000000000000e+01 6.000000000000000000e+00
8.200000000000000000e+01 8.000000000000000000e+00
8.300000000000000000e+01 6.000000000000000000e+00
8.400000000000000000e+01 2.100000000000000000e+01
8.500000000000000000e+01 1.000000000000000000e+00
8.600000000000000000e+01 1.800000000000000000e+01
8.700000000000000000e+01 7.000000000000000000e+00
8.800000000000000000e+01 6.000000000000000000e+00
8.900000000000000000e+01 8.000000000000000000e+00
9.000000000000000000e+01 4.000000000000000000e+00
9.100000000000000000e+01 3.000000000000000000e+00
9.200000000000000000e+01 4.000000000000000000e+00
9.300000000000000000e+01 2.000000000000000000e+00
9.400000000000000000e+01 4.000000000000000000e+00
9.500000000000000000e+01 1.000000000000000000e+00
9.600000000000000000e+01 1.000000000000000000e+00
9.700000000000000000e+01 3.000000000000000000e+00
9.800000000000000000e+01 4.000000000000000000e+00
9.900000000000000000e+01 1.000000000000000000e+00
1.000000000000000000e+02 1.000000000000000000e+00
1.010000000000000000e+02 2.000000000000000000e+00
1.030000000000000000e+02 1.000000000000000000e+00
1.040000000000000000e+02 1.000000000000000000e+00
1.060000000000000000e+02 1.000000000000000000e+00
1.080000000000000000e+02 1.000000000000000000e+00
1.120000000000000000e+02 1.000000000000000000e+00
1.240000000000000000e+02 1.000000000000000000e+00
1.360000000000000000e+02 1.000000000000000000e+00
1.780000000000000000e+02 1.000000000000000000e+00
2.090000000000000000e+02 1.000000000000000000e+00
2.190000000000000000e+02 1.000000000000000000e+00
2.270000000000000000e+02 1.000000000000000000e+00
2.990000000000000000e+02 1.000000000000000000e+00
3.270000000000000000e+02 1.000000000000000000e+00
3.690000000000000000e+02 1.000000000000000000e+00
5.140000000000000000e+02 1.000000000000000000e+00
1.372000000000000000e+03 1.000000000000000000e+00
