-4.000000000000000000e+00 2.000000000000000000e+00
-3.000000000000000000e+00 3.000000000000000000e+00
-2.000000000000000000e+00 1.500000000000000000e+01
-1.000000000000000000e+00 5.500000000000000000e+01
0.000000000000000000e+00 1.365000000000000000e+03
1.000000000000000000e+00 1.080000000000000000e+02
2.000000000000000000e+00 1.200000000000000000e+02
3.000000000000000000e+00 2.180000000000000000e+02
4.000000000000000000e+00 1.158000000000000000e+03
5.000000000000000000e+00 8.534000000000000000e+03
6.000000000000000000e+00 5.953900000000000000e+04
7.000000000000000000e+00 1.017600000000000000e+05
8.000000000000000000e+00 1.179450000000000000e+05
9.000000000000000000e+00 1.351230000000000000e+05
1.000000000000000000e+01 1.488230000000000000e+05
1.100000000000000000e+01 1.564770000000000000e+05
1.200000000000000000e+01 1.611640000000000000e+05
1.300000000000000000e+01 1.714590000000000000e+05
1.400000000000000000e+01 1.913040000000000000e+05
1.500000000000000000e+01 2.278540000000000000e+05
1.600000000000000000e+01 2.828270000000000000e+05
1.700000000000000000e+01 3.640020000000000000e+05
1.800000000000000000e+01 4.640870000000000000e+05
1.900000000000000000e+01 5.811110000000000000e+05
2.000000000000000000e+01 7.153650000000000000e+05
2.100000000000000000e+01 8.590900000000000000e+05
2.200000000000000000e+01 1.007575000000000000e+06
2.300000000000000000e+01 1.135666000000000000e+06
2.400000000000000000e+01 1.235760000000000000e+06
2.500000000000000000e+01 1.277143000000000000e+06
2.600000000000000000e+01 1.259690000000000000e+06
2.700000000000000000e+01 1.191847000000000000e+06
2.800000000000000000e+01 1.093742000000000000e+06
2.900000000000000000e+01 9.730850000000000000e+05
3.000000000000000000e+01 8.452550000000000000e+05
3.100000000000000000e+01 7.213590000000000000e+05
3.200000000000000000e+01 6.043090000000000000e+05
3.300000000000000000e+01 4.956180000000000000e+05
3.400000000000000000e+01 3.965830000000000000e+05
3.500000000000000000e+01 3.076830000000000000e+05
3.600000000000000000e+01 2.275950000000000000e+05
3.700000000000000000e+01 1.598810000000000000e+05
3.800000000000000000e+01 1.066300000000000000e+05
3.900000000000000000e+01 6.726400000000000000e+04
4.000000000000000000e+01 3.908400000000000000e+04
4.100000000000000000e+01 2.101600000000000000e+04
4.200000000000000000e+01 1.040300000000000000e+04
4.300000000000000000e+01 4.780000000000000000e+03
4.400000000000000000e+01 2.177000000000000000e+03
4.500000000000000000e+01 8.620000000000000000e+02
4.600000000000000000e+01 4.570000000000000000e+02
4.700000000000000000e+01 2.020000000000000000e+02
4.800000000000000000e+01 1.090000000000000000e+02
4.900000000000000000e+01 9.900000000000000000e+01
5.000000000000000000e+01 5.400000000000000000e+01
5.100000000000000000e+01 8.700000000000000000e+01
5.200000000000000000e+01 4.500000000000000000e+01
5.300000000000000000e+01 7.800000000000000000e+01
5.400000000000000000e+01 2.300000000000000000e+01
5.500000000000000000e+01 5.700000000000000000e+01
5.600000000000000000e+01 1.600000000000000000e+01
5.700000000000000000e+01 5.000000000000000000e+01
5.800000000000000000e+01 2.800000000000000000e+01
5.900000000000000000e+01 4.300000000000000000e+01
6.000000000000000000e+01 1.900000000000000000e+01
6.100000000000000000e+01 3.600000000000000000e+01
6.200000000000000000e+01 8.000000000000000000e+00
6.300000000000000000e+01 3.400000000000000000e+01
6.400000000000000000e+01 1.900000000000000000e+01
6.500000000000000000e+01 1.900000000000000000e+01
6.600000000000000000e+01 1.500000000000000000e+01
6.700000000000000000e+01 1.100000000000000000e+01
6.800000000000000000e+01 7.000000000000000000e+00
6.900000000000000000e+01 5.000000000000000000e+00
7.000000000000000000e+01 9.000000000000000000e+00
7.100000000000000000e+01 4.000000000000000000e+00
7.200000000000000000e+01 4.000000000000000000e+00
7.300000000000000000e+01 3.000000000000000000e+00
7.400000000000000000e+01 5.000000000000000000e+00
7.500000000000000000e+01 2.000000000000000000e+00
7.600000000000000000e+01 4.000000000000000000e+00
7.700000000000000000e+01 3.000000000000000000e+00
7.800000000000000000e+01 9.000000000000000000e+00
8.000000000000000000e+01 2.000000000000000000e+00
8.100000000000000000e+01 4.000000000000000000e+00
8.200000000000000000e+01 2.000000000000000000e+00
8.300000000000000000e+01 1.000000000000000000e+00
8.700000000000000000e+01 1.000000000000000000e+00
8.800000000000000000e+01 1.000000000000000000e+00
9.600000000000000000e+01 1.000000000000000000e+00
1.040000000000000000e+02 1.000000000000000000e+00
1.210000000000000000e+02 1.000000000000000000e+00
1.290000000000000000e+02 1.000000000000000000e+00
1.370000000000000000e+02 1.000000000000000000e+00
1.690000000000000000e+02 1.000000000000000000e+00
2.740000000000000000e+02 1.000000000000000000e+00
