-4.000000000000000000e+00 1.000000000000000000e+01
-3.000000000000000000e+00 6.000000000000000000e+00
-2.000000000000000000e+00 2.300000000000000000e+01
-1.000000000000000000e+00 9.500000000000000000e+01
0.000000000000000000e+00 1.429000000000000000e+03
1.000000000000000000e+00 2.110000000000000000e+02
2.000000000000000000e+00 2.600000000000000000e+02
3.000000000000000000e+00 4.090000000000000000e+02
4.000000000000000000e+00 2.074000000000000000e+03
5.000000000000000000e+00 1.587100000000000000e+04
6.000000000000000000e+00 1.112790000000000000e+05
7.000000000000000000e+00 1.919600000000000000e+05
8.000000000000000000e+00 2.310440000000000000e+05
9.000000000000000000e+00 2.743900000000000000e+05
1.000000000000000000e+01 3.159420000000000000e+05
1.100000000000000000e+01 3.448110000000000000e+05
1.200000000000000000e+01 3.660930000000000000e+05
1.300000000000000000e+01 3.806440000000000000e+05
1.400000000000000000e+01 4.000840000000000000e+05
1.500000000000000000e+01 4.232800000000000000e+05
1.600000000000000000e+01 4.636150000000000000e+05
1.700000000000000000e+01 5.254340000000000000e+05
1.800000000000000000e+01 6.080520000000000000e+05
1.900000000000000000e+01 7.143760000000000000e+05
2.000000000000000000e+01 8.420050000000000000e+05
2.100000000000000000e+01 9.947540000000000000e+05
2.200000000000000000e+01 1.156809000000000000e+06
2.300000000000000000e+01 1.302180000000000000e+06
2.400000000000000000e+01 1.412438000000000000e+06
2.500000000000000000e+01 1.455969000000000000e+06
2.600000000000000000e+01 1.435764000000000000e+06
2.700000000000000000e+01 1.359784000000000000e+06
2.800000000000000000e+01 1.267191000000000000e+06
2.900000000000000000e+01 1.170477000000000000e+06
3.000000000000000000e+01 1.072195000000000000e+06
3.100000000000000000e+01 9.797390000000000000e+05
3.200000000000000000e+01 9.000080000000000000e+05
3.300000000000000000e+01 8.251760000000000000e+05
3.400000000000000000e+01 7.636240000000000000e+05
3.500000000000000000e+01 7.041380000000000000e+05
3.600000000000000000e+01 6.488270000000000000e+05
3.700000000000000000e+01 5.957910000000000000e+05
3.800000000000000000e+01 5.429880000000000000e+05
3.900000000000000000e+01 4.925190000000000000e+05
4.000000000000000000e+01 4.423020000000000000e+05
4.100000000000000000e+01 3.919760000000000000e+05
4.200000000000000000e+01 3.413240000000000000e+05
4.300000000000000000e+01 2.903690000000000000e+05
4.400000000000000000e+01 2.420010000000000000e+05
4.500000000000000000e+01 1.945520000000000000e+05
4.600000000000000000e+01 1.524100000000000000e+05
4.700000000000000000e+01 1.150660000000000000e+05
4.800000000000000000e+01 8.248300000000000000e+04
4.900000000000000000e+01 5.688000000000000000e+04
5.000000000000000000e+01 3.722500000000000000e+04
5.100000000000000000e+01 2.284200000000000000e+04
5.200000000000000000e+01 1.352100000000000000e+04
5.300000000000000000e+01 7.781000000000000000e+03
5.400000000000000000e+01 4.122000000000000000e+03
5.500000000000000000e+01 2.318000000000000000e+03
5.600000000000000000e+01 1.180000000000000000e+03
5.700000000000000000e+01 6.120000000000000000e+02
5.800000000000000000e+01 3.380000000000000000e+02
5.900000000000000000e+01 2.050000000000000000e+02
6.000000000000000000e+01 1.230000000000000000e+02
6.100000000000000000e+01 1.060000000000000000e+02
6.200000000000000000e+01 6.700000000000000000e+01
6.300000000000000000e+01 8.000000000000000000e+01
6.400000000000000000e+01 3.800000000000000000e+01
6.500000000000000000e+01 3.500000000000000000e+01
6.600000000000000000e+01 4.500000000000000000e+01
6.700000000000000000e+01 3.900000000000000000e+01
6.800000000000000000e+01 4.000000000000000000e+01
6.900000000000000000e+01 4.000000000000000000e+01
7.000000000000000000e+01 3.200000000000000000e+01
7.100000000000000000e+01 2.300000000000000000e+01
7.200000000000000000e+01 2.500000000000000000e+01
7.300000000000000000e+01 2.200000000000000000e+01
7.400000000000000000e+01 2.600000000000000000e+01
7.500000000000000000e+01 1.200000000000000000e+01
7.600000000000000000e+01 2.300000000000000000e+01
7.700000000000000000e+01 1.000000000000000000e+01
7.800000000000000000e+01 2.300000000000000000e+01
7.900000000000000000e+01 6.000000000000000000e+00
8.000000000000000000e+01 3.100000000000000000e+01
8.100000000000000000e+01 3.000000000000000000e+00
8.200000000000000000e+01 1.100000000000000000e+01
8.300000000000000000e+01 2.000000000000000000e+00
8.400000000000000000e+01 1.900000000000000000e+01
8.500000000000000000e+01 5.000000000000000000e+00
8.600000000000000000e+01 1.700000000000000000e+01
8.700000000000000000e+01 7.000000000000000000e+00
8.800000000000000000e+01 6.000000000000000000e+00
8.900000000000000000e+01 8.000000000000000000e+00
9.000000000000000000e+01 5.000000000000000000e+00
9.100000000000000000e+01 5.000000000000000000e+00
9.200000000000000000e+01 3.000000000000000000e+00
9.300000000000000000e+01 3.000000000000000000e+00
9.400000000000000000e+01 3.000000000000000000e+00
9.500000000000000000e+01 3.000000000000000000e+00
9.600000000000000000e+01 3.000000000000000000e+00
9.800000000000000000e+01 2.000000000000000000e+00
1.000000000000000000e+02 1.000000000000000000e+00
1.010000000000000000e+02 1.000000000000000000e+00
1.050000000000000000e+02 1.000000000000000000e+00
1.470000000000000000e+02 1.000000000000000000e+00
1.480000000000000000e+02 1.000000000000000000e+00
1.500000000000000000e+02 1.000000000000000000e+00
2.540000000000000000e+02 1.000000000000000000e+00
9.260000000000000000e+02 1.000000000000000000e+00
