-4.000000000000000000e+00 3.000000000000000000e+00
-3.000000000000000000e+00 1.000000000000000000e+00
-2.000000000000000000e+00 2.000000000000000000e+00
-1.000000000000000000e+00 5.000000000000000000e+00
0.000000000000000000e+00 1.329000000000000000e+03
1.000000000000000000e+00 3.000000000000000000e+01
2.000000000000000000e+00 3.400000000000000000e+01
3.000000000000000000e+00 5.800000000000000000e+01
4.000000000000000000e+00 4.690000000000000000e+02
5.000000000000000000e+00 2.340000000000000000e+03
6.000000000000000000e+00 1.274400000000000000e+04
7.000000000000000000e+00 2.428500000000000000e+04
8.000000000000000000e+00 3.469300000000000000e+04
9.000000000000000000e+00 4.971600000000000000e+04
1.000000000000000000e+01 7.063900000000000000e+04
1.100000000000000000e+01 9.663800000000000000e+04
1.200000000000000000e+01 1.319480000000000000e+05
1.300000000000000000e+01 1.786640000000000000e+05
1.400000000000000000e+01 2.372980000000000000e+05
1.500000000000000000e+01 3.090740000000000000e+05
1.600000000000000000e+01 3.952310000000000000e+05
1.700000000000000000e+01 4.998920000000000000e+05
1.800000000000000000e+01 6.104420000000000000e+05
1.900000000000000000e+01 7.125210000000000000e+05
2.000000000000000000e+01 7.884740000000000000e+05
2.100000000000000000e+01 8.221450000000000000e+05
2.200000000000000000e+01 7.977260000000000000e+05
2.300000000000000000e+01 7.022350000000000000e+05
2.400000000000000000e+01 5.528730000000000000e+05
2.500000000000000000e+01 3.774790000000000000e+05
2.600000000000000000e+01 2.216910000000000000e+05
2.700000000000000000e+01 1.144950000000000000e+05
2.800000000000000000e+01 5.443200000000000000e+04
2.900000000000000000e+01 2.547200000000000000e+04
3.000000000000000000e+01 1.229200000000000000e+04
3.100000000000000000e+01 6.129000000000000000e+03
3.200000000000000000e+01 2.687000000000000000e+03
3.300000000000000000e+01 1.192000000000000000e+03
3.400000000000000000e+01 3.970000000000000000e+02
3.500000000000000000e+01 1.430000000000000000e+02
3.600000000000000000e+01 6.200000000000000000e+01
3.700000000000000000e+01 3.100000000000000000e+01
3.800000000000000000e+01 2.400000000000000000e+01
3.900000000000000000e+01 1.000000000000000000e+01
4.000000000000000000e+01 2.100000000000000000e+01
4.100000000000000000e+01 1.200000000000000000e+01
4.200000000000000000e+01 1.200000000000000000e+01
4.300000000000000000e+01 1.300000000000000000e+01
4.400000000000000000e+01 1.300000000000000000e+01
4.500000000000000000e+01 8.000000000000000000e+00
4.600000000000000000e+01 1.600000000000000000e+01
4.700000000000000000e+01 7.000000000000000000e+00
4.800000000000000000e+01 2.000000000000000000e+00
4.900000000000000000e+01 8.000000000000000000e+00
5.100000000000000000e+01 6.000000000000000000e+00
5.200000000000000000e+01 1.000000000000000000e+00
5.300000000000000000e+01 4.000000000000000000e+00
5.400000000000000000e+01 2.000000000000000000e+00
5.500000000000000000e+01 2.000000000000000000e+00
6.100000000000000000e+01 1.000000000000000000e+00
6.300000000000000000e+01 1.000000000000000000e+00
6.400000000000000000e+01 1.000000000000000000e+00
6.500000000000000000e+01 1.000000000000000000e+00
6.700000000000000000e+01 3.000000000000000000e+00
7.700000000000000000e+01 1.000000000000000000e+00
8.100000000000000000e+01 1.000000000000000000e+00
8.500000000000000000e+01 1.000000000000000000e+00
8.600000000000000000e+01 1.000000000000000000e+00
8.900000000000000000e+01 1.000000000000000000e+00
9.300000000000000000e+01 1.000000000000000000e+00
9.400000000000000000e+01 1.000000000000000000e+00
9.600000000000000000e+01 1.000000000000000000e+00
9.700000000000000000e+01 1.000000000000000000e+00
9.900000000000000000e+01 1.000000000000000000e+00
1.080000000000000000e+02 1.000000000000000000e+00
1.120000000000000000e+02 2.000000000000000000e+00
1.170000000000000000e+02 1.000000000000000000e+00
1.190000000000000000e+02 1.000000000000000000e+00
1.210000000000000000e+02 1.000000000000000000e+00
1.220000000000000000e+02 1.000000000000000000e+00
1.240000000000000000e+02 2.000000000000000000e+00
1.260000000000000000e+02 1.000000000000000000e+00
1.280000000000000000e+02 1.000000000000000000e+00
1.320000000000000000e+02 1.000000000000000000e+00
1.410000000000000000e+02 1.000000000000000000e+00
1.420000000000000000e+02 1.000000000000000000e+00
1.430000000000000000e+02 1.000000000000000000e+00
1.450000000000000000e+02 1.000000000000000000e+00
1.470000000000000000e+02 1.000000000000000000e+00
1.480000000000000000e+02 1.000000000000000000e+00
1.490000000000000000e+02 1.000000000000000000e+00
1.510000000000000000e+02 1.000000000000000000e+00
1.870000000000000000e+02 1.000000000000000000e+00
1.910000000000000000e+02 1.000000000000000000e+00
1.930000000000000000e+02 1.000000000000000000e+00
2.050000000000000000e+02 1.000000000000000000e+00
2.130000000000000000e+02 1.000000000000000000e+00
2.220000000000000000e+02 1.000000000000000000e+00
2.310000000000000000e+02 1.000000000000000000e+00
2.320000000000000000e+02 1.000000000000000000e+00
2.690000000000000000e+02 1.000000000000000000e+00
3.270000000000000000e+02 1.000000000000000000e+00
3.310000000000000000e+02 1.000000000000000000e+00
3.340000000000000000e+02 1.000000000000000000e+00
3.440000000000000000e+02 1.000000000000000000e+00
5.280000000000000000e+02 1.000000000000000000e+00
5.880000000000000000e+02 1.000000000000000000e+00
7.580000000000000000e+02 1.000000000000000000e+00
1.319000000000000000e+03 1.000000000000000000e+00
1.492000000000000000e+03 1.000000000000000000e+00
2.922000000000000000e+03 1.000000000000000000e+00
