-4.000000000000000000e+00 1.600000000000000000e+01
-3.000000000000000000e+00 7.000000000000000000e+00
-2.000000000000000000e+00 2.200000000000000000e+01
-1.000000000000000000e+00 1.020000000000000000e+02
0.000000000000000000e+00 1.410000000000000000e+03
1.000000000000000000e+00 1.810000000000000000e+02
2.000000000000000000e+00 2.440000000000000000e+02
3.000000000000000000e+00 4.140000000000000000e+02
4.000000000000000000e+00 2.084000000000000000e+03
5.000000000000000000e+00 1.532400000000000000e+04
6.000000000000000000e+00 1.104380000000000000e+05
7.000000000000000000e+00 1.907040000000000000e+05
8.000000000000000000e+00 2.292920000000000000e+05
9.000000000000000000e+00 2.727040000000000000e+05
1.000000000000000000e+01 3.152660000000000000e+05
1.100000000000000000e+01 3.440200000000000000e+05
1.200000000000000000e+01 3.633480000000000000e+05
1.300000000000000000e+01 3.774580000000000000e+05
1.400000000000000000e+01 3.962160000000000000e+05
1.500000000000000000e+01 4.192250000000000000e+05
1.600000000000000000e+01 4.578050000000000000e+05
1.700000000000000000e+01 5.193790000000000000e+05
1.800000000000000000e+01 5.995380000000000000e+05
1.900000000000000000e+01 7.013530000000000000e+05
2.000000000000000000e+01 8.269170000000000000e+05
2.100000000000000000e+01 9.777640000000000000e+05
2.200000000000000000e+01 1.138172000000000000e+06
2.300000000000000000e+01 1.286556000000000000e+06
2.400000000000000000e+01 1.401217000000000000e+06
2.500000000000000000e+01 1.453017000000000000e+06
2.600000000000000000e+01 1.433011000000000000e+06
2.700000000000000000e+01 1.369725000000000000e+06
2.800000000000000000e+01 1.277791000000000000e+06
2.900000000000000000e+01 1.181676000000000000e+06
3.000000000000000000e+01 1.081134000000000000e+06
3.100000000000000000e+01 9.884840000000000000e+05
3.200000000000000000e+01 9.065730000000000000e+05
3.300000000000000000e+01 8.329410000000000000e+05
3.400000000000000000e+01 7.670050000000000000e+05
3.500000000000000000e+01 7.093550000000000000e+05
3.600000000000000000e+01 6.541680000000000000e+05
3.700000000000000000e+01 6.005460000000000000e+05
3.800000000000000000e+01 5.471030000000000000e+05
3.900000000000000000e+01 4.993870000000000000e+05
4.000000000000000000e+01 4.467710000000000000e+05
4.100000000000000000e+01 3.973720000000000000e+05
4.200000000000000000e+01 3.460010000000000000e+05
4.300000000000000000e+01 2.964040000000000000e+05
4.400000000000000000e+01 2.475640000000000000e+05
4.500000000000000000e+01 1.995590000000000000e+05
4.600000000000000000e+01 1.582980000000000000e+05
4.700000000000000000e+01 1.184450000000000000e+05
4.800000000000000000e+01 8.576700000000000000e+04
4.900000000000000000e+01 5.927300000000000000e+04
5.000000000000000000e+01 3.870700000000000000e+04
5.100000000000000000e+01 2.380300000000000000e+04
5.200000000000000000e+01 1.450900000000000000e+04
5.300000000000000000e+01 8.227000000000000000e+03
5.400000000000000000e+01 4.448000000000000000e+03
5.500000000000000000e+01 2.374000000000000000e+03
5.600000000000000000e+01 1.200000000000000000e+03
5.700000000000000000e+01 6.650000000000000000e+02
5.800000000000000000e+01 3.390000000000000000e+02
5.900000000000000000e+01 2.280000000000000000e+02
6.000000000000000000e+01 1.260000000000000000e+02
6.100000000000000000e+01 1.300000000000000000e+02
6.200000000000000000e+01 6.400000000000000000e+01
6.300000000000000000e+01 7.500000000000000000e+01
6.400000000000000000e+01 5.600000000000000000e+01
6.500000000000000000e+01 5.100000000000000000e+01
6.600000000000000000e+01 3.200000000000000000e+01
6.700000000000000000e+01 3.500000000000000000e+01
6.800000000000000000e+01 3.200000000000000000e+01
6.900000000000000000e+01 2.100000000000000000e+01
7.000000000000000000e+01 3.400000000000000000e+01
7.100000000000000000e+01 2.300000000000000000e+01
7.200000000000000000e+01 3.100000000000000000e+01
7.300000000000000000e+01 3.000000000000000000e+01
7.400000000000000000e+01 2.700000000000000000e+01
7.500000000000000000e+01 1.500000000000000000e+01
7.600000000000000000e+01 2.600000000000000000e+01
7.700000000000000000e+01 1.100000000000000000e+01
7.800000000000000000e+01 2.300000000000000000e+01
7.900000000000000000e+01 6.000000000000000000e+00
8.000000000000000000e+01 1.400000000000000000e+01
8.100000000000000000e+01 6.000000000000000000e+00
8.200000000000000000e+01 1.600000000000000000e+01
8.300000000000000000e+01 3.000000000000000000e+00
8.400000000000000000e+01 1.800000000000000000e+01
8.500000000000000000e+01 1.000000000000000000e+00
8.600000000000000000e+01 1.100000000000000000e+01
8.700000000000000000e+01 6.000000000000000000e+00
8.800000000000000000e+01 1.300000000000000000e+01
8.900000000000000000e+01 7.000000000000000000e+00
9.000000000000000000e+01 5.000000000000000000e+00
9.100000000000000000e+01 3.000000000000000000e+00
9.200000000000000000e+01 7.000000000000000000e+00
9.400000000000000000e+01 4.000000000000000000e+00
9.500000000000000000e+01 4.000000000000000000e+00
9.600000000000000000e+01 2.000000000000000000e+00
9.800000000000000000e+01 1.000000000000000000e+00
9.900000000000000000e+01 1.000000000000000000e+00
1.000000000000000000e+02 3.000000000000000000e+00
1.050000000000000000e+02 1.000000000000000000e+00
1.060000000000000000e+02 1.000000000000000000e+00
1.070000000000000000e+02 1.000000000000000000e+00
1.090000000000000000e+02 1.000000000000000000e+00
1.180000000000000000e+02 1.000000000000000000e+00
1.300000000000000000e+02 1.000000000000000000e+00
1.550000000000000000e+02 1.000000000000000000e+00
2.060000000000000000e+02 1.000000000000000000e+00
3.530000000000000000e+02 1.000000000000000000e+00
5.590000000000000000e+02 1.000000000000000000e+00
