-4.000000000000000000e+00 1.000000000000000000e+00
-2.000000000000000000e+00 3.000000000000000000e+00
-1.000000000000000000e+00 1.200000000000000000e+01
0.000000000000000000e+00 1.329000000000000000e+03
1.000000000000000000e+00 2.400000000000000000e+01
2.000000000000000000e+00 4.200000000000000000e+01
3.000000000000000000e+00 6.700000000000000000e+01
4.000000000000000000e+00 4.520000000000000000e+02
5.000000000000000000e+00 2.472000000000000000e+03
6.000000000000000000e+00 1.313200000000000000e+04
7.000000000000000000e+00 2.443800000000000000e+04
8.000000000000000000e+00 3.475900000000000000e+04
9.000000000000000000e+00 5.003800000000000000e+04
1.000000000000000000e+01 7.054700000000000000e+04
1.100000000000000000e+01 9.856800000000000000e+04
1.200000000000000000e+01 1.331670000000000000e+05
1.300000000000000000e+01 1.803160000000000000e+05
1.400000000000000000e+01 2.389780000000000000e+05
1.500000000000000000e+01 3.103060000000000000e+05
1.600000000000000000e+01 3.972980000000000000e+05
1.700000000000000000e+01 4.994710000000000000e+05
1.800000000000000000e+01 6.116460000000000000e+05
1.900000000000000000e+01 7.128360000000000000e+05
2.000000000000000000e+01 7.883350000000000000e+05
2.100000000000000000e+01 8.191080000000000000e+05
2.200000000000000000e+01 7.915380000000000000e+05
2.300000000000000000e+01 6.947830000000000000e+05
2.400000000000000000e+01 5.456870000000000000e+05
2.500000000000000000e+01 3.685920000000000000e+05
2.600000000000000000e+01 2.164810000000000000e+05
2.700000000000000000e+01 1.100600000000000000e+05
2.800000000000000000e+01 5.200700000000000000e+04
2.900000000000000000e+01 2.479200000000000000e+04
3.000000000000000000e+01 1.183400000000000000e+04
3.100000000000000000e+01 5.905000000000000000e+03
3.200000000000000000e+01 2.583000000000000000e+03
3.300000000000000000e+01 1.037000000000000000e+03
3.400000000000000000e+01 4.030000000000000000e+02
3.500000000000000000e+01 1.630000000000000000e+02
3.600000000000000000e+01 5.700000000000000000e+01
3.700000000000000000e+01 1.800000000000000000e+01
3.800000000000000000e+01 3.400000000000000000e+01
3.900000000000000000e+01 9.000000000000000000e+00
4.000000000000000000e+01 1.700000000000000000e+01
4.100000000000000000e+01 1.200000000000000000e+01
4.200000000000000000e+01 1.700000000000000000e+01
4.300000000000000000e+01 1.200000000000000000e+01
4.400000000000000000e+01 1.000000000000000000e+01
4.500000000000000000e+01 6.000000000000000000e+00
4.600000000000000000e+01 9.000000000000000000e+00
4.700000000000000000e+01 9.000000000000000000e+00
4.800000000000000000e+01 7.000000000000000000e+00
4.900000000000000000e+01 9.000000000000000000e+00
5.000000000000000000e+01 3.000000000000000000e+00
5.100000000000000000e+01 5.000000000000000000e+00
5.200000000000000000e+01 1.000000000000000000e+00
5.300000000000000000e+01 2.000000000000000000e+00
5.400000000000000000e+01 2.000000000000000000e+00
5.700000000000000000e+01 1.000000000000000000e+00
5.800000000000000000e+01 1.000000000000000000e+00
6.300000000000000000e+01 2.000000000000000000e+00
6.400000000000000000e+01 1.000000000000000000e+00
7.100000000000000000e+01 1.000000000000000000e+00
7.600000000000000000e+01 1.000000000000000000e+00
7.700000000000000000e+01 1.000000000000000000e+00
8.000000000000000000e+01 2.000000000000000000e+00
8.500000000000000000e+01 1.000000000000000000e+00
8.800000000000000000e+01 1.000000000000000000e+00
9.000000000000000000e+01 1.000000000000000000e+00
9.400000000000000000e+01 1.000000000000000000e+00
9.500000000000000000e+01 1.000000000000000000e+00
9.700000000000000000e+01 1.000000000000000000e+00
9.800000000000000000e+01 2.000000000000000000e+00
1.020000000000000000e+02 1.000000000000000000e+00
1.030000000000000000e+02 1.000000000000000000e+00
1.040000000000000000e+02 1.000000000000000000e+00
1.080000000000000000e+02 1.000000000000000000e+00
1.100000000000000000e+02 1.000000000000000000e+00
1.120000000000000000e+02 1.000000000000000000e+00
1.130000000000000000e+02 1.000000000000000000e+00
1.210000000000000000e+02 1.000000000000000000e+00
1.230000000000000000e+02 3.000000000000000000e+00
1.310000000000000000e+02 1.000000000000000000e+00
1.330000000000000000e+02 1.000000000000000000e+00
1.480000000000000000e+02 2.000000000000000000e+00
1.500000000000000000e+02 1.000000000000000000e+00
1.510000000000000000e+02 1.000000000000000000e+00
1.730000000000000000e+02 1.000000000000000000e+00
1.820000000000000000e+02 1.000000000000000000e+00
1.840000000000000000e+02 1.000000000000000000e+00
1.870000000000000000e+02 1.000000000000000000e+00
1.920000000000000000e+02 1.000000000000000000e+00
1.930000000000000000e+02 1.000000000000000000e+00
2.050000000000000000e+02 1.000000000000000000e+00
2.150000000000000000e+02 1.000000000000000000e+00
2.190000000000000000e+02 1.000000000000000000e+00
2.240000000000000000e+02 1.000000000000000000e+00
2.290000000000000000e+02 1.000000000000000000e+00
2.310000000000000000e+02 1.000000000000000000e+00
3.500000000000000000e+02 1.000000000000000000e+00
4.960000000000000000e+02 1.000000000000000000e+00
5.380000000000000000e+02 1.000000000000000000e+00
6.610000000000000000e+02 1.000000000000000000e+00
6.820000000000000000e+02 1.000000000000000000e+00
9.670000000000000000e+02 1.000000000000000000e+00
1.003000000000000000e+03 1.000000000000000000e+00
1.022000000000000000e+03 1.000000000000000000e+00
1.058000000000000000e+03 1.000000000000000000e+00
3.284000000000000000e+03 1.000000000000000000e+00
