-4.000000000000000000e+00 7.000000000000000000e+00
-3.000000000000000000e+00 1.100000000000000000e+01
-2.000000000000000000e+00 2.400000000000000000e+01
-1.000000000000000000e+00 9.300000000000000000e+01
0.000000000000000000e+00 1.425000000000000000e+03
1.000000000000000000e+00 1.950000000000000000e+02
2.000000000000000000e+00 2.710000000000000000e+02
3.000000000000000000e+00 3.970000000000000000e+02
4.000000000000000000e+00 2.111000000000000000e+03
5.000000000000000000e+00 1.590000000000000000e+04
6.000000000000000000e+00 1.106580000000000000e+05
7.000000000000000000e+00 1.911850000000000000e+05
8.000000000000000000e+00 2.305870000000000000e+05
9.000000000000000000e+00 2.730500000000000000e+05
1.000000000000000000e+01 3.150160000000000000e+05
1.100000000000000000e+01 3.440190000000000000e+05
1.200000000000000000e+01 3.644290000000000000e+05
1.300000000000000000e+01 3.791240000000000000e+05
1.400000000000000000e+01 3.963830000000000000e+05
1.500000000000000000e+01 4.217790000000000000e+05
1.600000000000000000e+01 4.603300000000000000e+05
1.700000000000000000e+01 5.207280000000000000e+05
1.800000000000000000e+01 6.019590000000000000e+05
1.900000000000000000e+01 7.062440000000000000e+05
2.000000000000000000e+01 8.332940000000000000e+05
2.100000000000000000e+01 9.815650000000000000e+05
2.200000000000000000e+01 1.146384000000000000e+06
2.300000000000000000e+01 1.291907000000000000e+06
2.400000000000000000e+01 1.406154000000000000e+06
2.500000000000000000e+01 1.454959000000000000e+06
2.600000000000000000e+01 1.432653000000000000e+06
2.700000000000000000e+01 1.365627000000000000e+06
2.800000000000000000e+01 1.274296000000000000e+06
2.900000000000000000e+01 1.176842000000000000e+06
3.000000000000000000e+01 1.078517000000000000e+06
3.100000000000000000e+01 9.845910000000000000e+05
3.200000000000000000e+01 9.042230000000000000e+05
3.300000000000000000e+01 8.299990000000000000e+05
3.400000000000000000e+01 7.672120000000000000e+05
3.500000000000000000e+01 7.083310000000000000e+05
3.600000000000000000e+01 6.537040000000000000e+05
3.700000000000000000e+01 5.956620000000000000e+05
3.800000000000000000e+01 5.459090000000000000e+05
3.900000000000000000e+01 4.956910000000000000e+05
4.000000000000000000e+01 4.454090000000000000e+05
4.100000000000000000e+01 3.941520000000000000e+05
4.200000000000000000e+01 3.440120000000000000e+05
4.300000000000000000e+01 2.941620000000000000e+05
4.400000000000000000e+01 2.451250000000000000e+05
4.500000000000000000e+01 1.980320000000000000e+05
4.600000000000000000e+01 1.556060000000000000e+05
4.700000000000000000e+01 1.163350000000000000e+05
4.800000000000000000e+01 8.456800000000000000e+04
4.900000000000000000e+01 5.830500000000000000e+04
5.000000000000000000e+01 3.846200000000000000e+04
5.100000000000000000e+01 2.349500000000000000e+04
5.200000000000000000e+01 1.379900000000000000e+04
5.300000000000000000e+01 8.058000000000000000e+03
5.400000000000000000e+01 4.263000000000000000e+03
5.500000000000000000e+01 2.422000000000000000e+03
5.600000000000000000e+01 1.193000000000000000e+03
5.700000000000000000e+01 7.100000000000000000e+02
5.800000000000000000e+01 3.430000000000000000e+02
5.900000000000000000e+01 2.160000000000000000e+02
6.000000000000000000e+01 1.130000000000000000e+02
6.100000000000000000e+01 1.150000000000000000e+02
6.200000000000000000e+01 7.900000000000000000e+01
6.300000000000000000e+01 8.100000000000000000e+01
6.400000000000000000e+01 4.900000000000000000e+01
6.500000000000000000e+01 3.500000000000000000e+01
6.600000000000000000e+01 4.100000000000000000e+01
6.700000000000000000e+01 3.700000000000000000e+01
6.800000000000000000e+01 4.000000000000000000e+01
6.900000000000000000e+01 3.000000000000000000e+01
7.000000000000000000e+01 3.100000000000000000e+01
7.100000000000000000e+01 3.500000000000000000e+01
7.200000000000000000e+01 2.800000000000000000e+01
7.300000000000000000e+01 2.500000000000000000e+01
7.400000000000000000e+01 2.400000000000000000e+01
7.500000000000000000e+01 6.000000000000000000e+00
7.600000000000000000e+01 1.300000000000000000e+01
7.700000000000000000e+01 9.000000000000000000e+00
7.800000000000000000e+01 2.800000000000000000e+01
7.900000000000000000e+01 1.300000000000000000e+01
8.000000000000000000e+01 2.000000000000000000e+01
8.100000000000000000e+01 5.000000000000000000e+00
8.200000000000000000e+01 1.500000000000000000e+01
8.300000000000000000e+01 1.000000000000000000e+00
8.400000000000000000e+01 1.300000000000000000e+01
8.500000000000000000e+01 4.000000000000000000e+00
8.600000000000000000e+01 1.100000000000000000e+01
8.700000000000000000e+01 1.000000000000000000e+01
8.800000000000000000e+01 8.000000000000000000e+00
8.900000000000000000e+01 7.000000000000000000e+00
9.000000000000000000e+01 7.000000000000000000e+00
9.100000000000000000e+01 3.000000000000000000e+00
9.200000000000000000e+01 3.000000000000000000e+00
9.300000000000000000e+01 5.000000000000000000e+00
9.400000000000000000e+01 5.000000000000000000e+00
9.500000000000000000e+01 1.000000000000000000e+00
9.800000000000000000e+01 7.000000000000000000e+00
9.900000000000000000e+01 1.000000000000000000e+00
1.000000000000000000e+02 3.000000000000000000e+00
1.010000000000000000e+02 3.000000000000000000e+00
1.020000000000000000e+02 1.000000000000000000e+00
1.060000000000000000e+02 1.000000000000000000e+00
1.080000000000000000e+02 1.000000000000000000e+00
1.150000000000000000e+02 1.000000000000000000e+00
1.160000000000000000e+02 1.000000000000000000e+00
1.210000000000000000e+02 1.000000000000000000e+00
1.340000000000000000e+02 1.000000000000000000e+00
1.870000000000000000e+02 1.000000000000000000e+00
1.940000000000000000e+02 1.000000000000000000e+00
3.040000000000000000e+02 1.000000000000000000e+00
3.400000000000000000e+02 1.000000000000000000e+00
1.262000000000000000e+03 1.000000000000000000e+00
