-4.000000000000000000e+00 1.000000000000000000e+00
-3.000000000000000000e+00 1.000000000000000000e+00
-2.000000000000000000e+00 2.000000000000000000e+00
-1.000000000000000000e+00 8.000000000000000000e+00
0.000000000000000000e+00 1.332000000000000000e+03
1.000000000000000000e+00 2.100000000000000000e+01
2.000000000000000000e+00 4.500000000000000000e+01
3.000000000000000000e+00 5.700000000000000000e+01
4.000000000000000000e+00 5.020000000000000000e+02
5.000000000000000000e+00 2.342000000000000000e+03
6.000000000000000000e+00 1.315100000000000000e+04
7.000000000000000000e+00 2.462500000000000000e+04
8.000000000000000000e+00 3.488700000000000000e+04
9.000000000000000000e+00 5.021200000000000000e+04
1.000000000000000000e+01 7.119300000000000000e+04
1.100000000000000000e+01 9.789300000000000000e+04
1.200000000000000000e+01 1.337560000000000000e+05
1.300000000000000000e+01 1.810300000000000000e+05
1.400000000000000000e+01 2.396180000000000000e+05
1.500000000000000000e+01 3.122490000000000000e+05
1.600000000000000000e+01 3.988010000000000000e+05
1.700000000000000000e+01 5.013910000000000000e+05
1.800000000000000000e+01 6.133410000000000000e+05
1.900000000000000000e+01 7.158320000000000000e+05
2.000000000000000000e+01 7.899640000000000000e+05
2.100000000000000000e+01 8.243630000000000000e+05
2.200000000000000000e+01 7.990610000000000000e+05
2.300000000000000000e+01 7.053150000000000000e+05
2.400000000000000000e+01 5.563420000000000000e+05
2.500000000000000000e+01 3.795740000000000000e+05
2.600000000000000000e+01 2.234000000000000000e+05
2.700000000000000000e+01 1.156640000000000000e+05
2.800000000000000000e+01 5.477300000000000000e+04
2.900000000000000000e+01 2.573700000000000000e+04
3.000000000000000000e+01 1.263600000000000000e+04
3.100000000000000000e+01 6.246000000000000000e+03
3.200000000000000000e+01 2.798000000000000000e+03
3.300000000000000000e+01 1.076000000000000000e+03
3.400000000000000000e+01 4.360000000000000000e+02
3.500000000000000000e+01 1.650000000000000000e+02
3.600000000000000000e+01 6.600000000000000000e+01
3.700000000000000000e+01 2.900000000000000000e+01
3.800000000000000000e+01 2.700000000000000000e+01
3.900000000000000000e+01 1.400000000000000000e+01
4.000000000000000000e+01 1.600000000000000000e+01
4.100000000000000000e+01 1.400000000000000000e+01
4.200000000000000000e+01 1.400000000000000000e+01
4.300000000000000000e+01 8.000000000000000000e+00
4.400000000000000000e+01 7.000000000000000000e+00
4.500000000000000000e+01 9.000000000000000000e+00
4.600000000000000000e+01 1.200000000000000000e+01
4.700000000000000000e+01 6.000000000000000000e+00
4.800000000000000000e+01 5.000000000000000000e+00
4.900000000000000000e+01 1.100000000000000000e+01
5.000000000000000000e+01 1.000000000000000000e+00
5.100000000000000000e+01 9.000000000000000000e+00
5.200000000000000000e+01 4.000000000000000000e+00
5.300000000000000000e+01 4.000000000000000000e+00
5.600000000000000000e+01 1.000000000000000000e+00
5.900000000000000000e+01 1.000000000000000000e+00
6.900000000000000000e+01 1.000000000000000000e+00
7.200000000000000000e+01 1.000000000000000000e+00
8.100000000000000000e+01 1.000000000000000000e+00
8.300000000000000000e+01 1.000000000000000000e+00
9.200000000000000000e+01 1.000000000000000000e+00
1.030000000000000000e+02 1.000000000000000000e+00
1.100000000000000000e+02 1.000000000000000000e+00
1.140000000000000000e+02 1.000000000000000000e+00
1.150000000000000000e+02 1.000000000000000000e+00
1.170000000000000000e+02 1.000000000000000000e+00
1.210000000000000000e+02 1.000000000000000000e+00
1.220000000000000000e+02 1.000000000000000000e+00
1.320000000000000000e+02 1.000000000000000000e+00
1.340000000000000000e+02 1.000000000000000000e+00
1.350000000000000000e+02 2.000000000000000000e+00
1.610000000000000000e+02 1.000000000000000000e+00
1.620000000000000000e+02 1.000000000000000000e+00
1.650000000000000000e+02 1.000000000000000000e+00
1.710000000000000000e+02 1.000000000000000000e+00
1.750000000000000000e+02 1.000000000000000000e+00
1.840000000000000000e+02 1.000000000000000000e+00
1.900000000000000000e+02 1.000000000000000000e+00
1.940000000000000000e+02 1.000000000000000000e+00
2.230000000000000000e+02 1.000000000000000000e+00
2.280000000000000000e+02 1.000000000000000000e+00
2.730000000000000000e+02 1.000000000000000000e+00
4.140000000000000000e+02 1.000000000000000000e+00
4.340000000000000000e+02 1.000000000000000000e+00
4.910000000000000000e+02 1.000000000000000000e+00
5.390000000000000000e+02 1.000000000000000000e+00
6.570000000000000000e+02 1.000000000000000000e+00
9.740000000000000000e+02 1.000000000000000000e+00
9.980000000000000000e+02 1.000000000000000000e+00
1.053000000000000000e+03 1.000000000000000000e+00
1.149000000000000000e+03 1.000000000000000000e+00
1.178000000000000000e+03 1.000000000000000000e+00
1.437000000000000000e+03 1.000000000000000000e+00
