-4.000000000000000000e+00 2.000000000000000000e+00
-3.000000000000000000e+00 1.000000000000000000e+00
-2.000000000000000000e+00 4.000000000000000000e+00
-1.000000000000000000e+00 2.800000000000000000e+01
0.000000000000000000e+00 1.351000000000000000e+03
1.000000000000000000e+00 4.900000000000000000e+01
2.000000000000000000e+00 1.070000000000000000e+02
3.000000000000000000e+00 1.290000000000000000e+02
4.000000000000000000e+00 6.850000000000000000e+02
5.000000000000000000e+00 4.089000000000000000e+03
6.000000000000000000e+00 2.456600000000000000e+04
7.000000000000000000e+00 4.600600000000000000e+04
8.000000000000000000e+00 6.546400000000000000e+04
9.000000000000000000e+00 9.411400000000000000e+04
1.000000000000000000e+01 1.347180000000000000e+05
1.100000000000000000e+01 1.855450000000000000e+05
1.200000000000000000e+01 2.541060000000000000e+05
1.300000000000000000e+01 3.452740000000000000e+05
1.400000000000000000e+01 4.597650000000000000e+05
1.500000000000000000e+01 5.978030000000000000e+05
1.600000000000000000e+01 7.659700000000000000e+05
1.700000000000000000e+01 9.706490000000000000e+05
1.800000000000000000e+01 1.191431000000000000e+06
1.900000000000000000e+01 1.397009000000000000e+06
2.000000000000000000e+01 1.555308000000000000e+06
2.100000000000000000e+01 1.638415000000000000e+06
2.200000000000000000e+01 1.604404000000000000e+06
2.300000000000000000e+01 1.432221000000000000e+06
2.400000000000000000e+01 1.146726000000000000e+06
2.500000000000000000e+01 7.960690000000000000e+05
2.600000000000000000e+01 4.771670000000000000e+05
2.700000000000000000e+01 2.492700000000000000e+05
2.800000000000000000e+01 1.189860000000000000e+05
2.900000000000000000e+01 5.576000000000000000e+04
3.000000000000000000e+01 2.642600000000000000e+04
3.100000000000000000e+01 1.276100000000000000e+04
3.200000000000000000e+01 5.595000000000000000e+03
3.300000000000000000e+01 2.323000000000000000e+03
3.400000000000000000e+01 9.500000000000000000e+02
3.500000000000000000e+01 3.610000000000000000e+02
3.600000000000000000e+01 1.510000000000000000e+02
3.700000000000000000e+01 8.600000000000000000e+01
3.800000000000000000e+01 9.500000000000000000e+01
3.900000000000000000e+01 3.000000000000000000e+01
4.000000000000000000e+01 7.700000000000000000e+01
4.100000000000000000e+01 5.600000000000000000e+01
4.200000000000000000e+01 6.000000000000000000e+01
4.300000000000000000e+01 3.300000000000000000e+01
4.400000000000000000e+01 3.100000000000000000e+01
4.500000000000000000e+01 4.300000000000000000e+01
4.600000000000000000e+01 3.200000000000000000e+01
4.700000000000000000e+01 3.300000000000000000e+01
4.800000000000000000e+01 1.300000000000000000e+01
4.900000000000000000e+01 3.500000000000000000e+01
5.000000000000000000e+01 1.000000000000000000e+01
5.100000000000000000e+01 2.300000000000000000e+01
5.200000000000000000e+01 1.200000000000000000e+01
5.300000000000000000e+01 2.100000000000000000e+01
5.400000000000000000e+01 6.000000000000000000e+00
5.500000000000000000e+01 6.000000000000000000e+00
5.600000000000000000e+01 4.000000000000000000e+00
5.700000000000000000e+01 1.000000000000000000e+01
5.800000000000000000e+01 3.000000000000000000e+00
5.900000000000000000e+01 4.000000000000000000e+00
6.000000000000000000e+01 3.000000000000000000e+00
6.100000000000000000e+01 3.000000000000000000e+00
6.200000000000000000e+01 2.000000000000000000e+00
6.400000000000000000e+01 2.000000000000000000e+00
6.500000000000000000e+01 1.000000000000000000e+00
6.900000000000000000e+01 3.000000000000000000e+00
7.100000000000000000e+01 1.000000000000000000e+00
7.300000000000000000e+01 1.000000000000000000e+00
8.000000000000000000e+01 1.000000000000000000e+00
8.100000000000000000e+01 2.000000000000000000e+00
8.300000000000000000e+01 2.000000000000000000e+00
9.000000000000000000e+01 1.000000000000000000e+00
9.400000000000000000e+01 2.000000000000000000e+00
1.000000000000000000e+02 1.000000000000000000e+00
1.010000000000000000e+02 1.000000000000000000e+00
1.020000000000000000e+02 1.000000000000000000e+00
1.040000000000000000e+02 1.000000000000000000e+00
1.070000000000000000e+02 1.000000000000000000e+00
1.080000000000000000e+02 1.000000000000000000e+00
1.110000000000000000e+02 1.000000000000000000e+00
1.120000000000000000e+02 1.000000000000000000e+00
1.170000000000000000e+02 1.000000000000000000e+00
1.230000000000000000e+02 1.000000000000000000e+00
1.330000000000000000e+02 1.000000000000000000e+00
1.380000000000000000e+02 1.000000000000000000e+00
1.600000000000000000e+02 1.000000000000000000e+00
1.700000000000000000e+02 1.000000000000000000e+00
1.710000000000000000e+02 1.000000000000000000e+00
1.740000000000000000e+02 1.000000000000000000e+00
1.750000000000000000e+02 1.000000000000000000e+00
1.850000000000000000e+02 1.000000000000000000e+00
2.060000000000000000e+02 1.000000000000000000e+00
2.130000000000000000e+02 1.000000000000000000e+00
2.300000000000000000e+02 1.000000000000000000e+00
2.420000000000000000e+02 1.000000000000000000e+00
2.530000000000000000e+02 1.000000000000000000e+00
2.550000000000000000e+02 1.000000000000000000e+00
2.600000000000000000e+02 1.000000000000000000e+00
3.000000000000000000e+02 1.000000000000000000e+00
3.020000000000000000e+02 1.000000000000000000e+00
3.050000000000000000e+02 1.000000000000000000e+00
3.540000000000000000e+02 1.000000000000000000e+00
3.960000000000000000e+02 1.000000000000000000e+00
4.100000000000000000e+02 1.000000000000000000e+00
5.290000000000000000e+02 1.000000000000000000e+00
5.760000000000000000e+02 1.000000000000000000e+00
5.990000000000000000e+02 1.000000000000000000e+00
6.960000000000000000e+02 1.000000000000000000e+00
1.246000000000000000e+03 1.000000000000000000e+00
1.710000000000000000e+03 1.000000000000000000e+00
2.085000000000000000e+03 1.000000000000000000e+00
