-4.000000000000000000e+00 3.000000000000000000e+00
-3.000000000000000000e+00 1.000000000000000000e+00
-2.000000000000000000e+00 5.000000000000000000e+00
-1.000000000000000000e+00 2.100000000000000000e+01
0.000000000000000000e+00 1.333000000000000000e+03
1.000000000000000000e+00 8.200000000000000000e+01
2.000000000000000000e+00 7.900000000000000000e+01
3.000000000000000000e+00 1.680000000000000000e+02
4.000000000000000000e+00 1.009000000000000000e+03
5.000000000000000000e+00 6.680000000000000000e+03
6.000000000000000000e+00 4.379000000000000000e+04
7.000000000000000000e+00 7.470500000000000000e+04
8.000000000000000000e+00 8.688200000000000000e+04
9.000000000000000000e+00 9.849300000000000000e+04
1.000000000000000000e+01 1.077330000000000000e+05
1.100000000000000000e+01 1.117250000000000000e+05
1.200000000000000000e+01 1.128550000000000000e+05
1.300000000000000000e+01 1.167860000000000000e+05
1.400000000000000000e+01 1.269760000000000000e+05
1.500000000000000000e+01 1.489420000000000000e+05
1.600000000000000000e+01 1.815200000000000000e+05
1.700000000000000000e+01 2.308090000000000000e+05
1.800000000000000000e+01 2.961100000000000000e+05
1.900000000000000000e+01 3.725330000000000000e+05
2.000000000000000000e+01 4.613410000000000000e+05
2.100000000000000000e+01 5.586540000000000000e+05
2.200000000000000000e+01 6.629410000000000000e+05
2.300000000000000000e+01 7.561070000000000000e+05
2.400000000000000000e+01 8.296690000000000000e+05
2.500000000000000000e+01 8.655980000000000000e+05
2.600000000000000000e+01 8.599130000000000000e+05
2.700000000000000000e+01 8.228230000000000000e+05
2.800000000000000000e+01 7.594640000000000000e+05
2.900000000000000000e+01 6.858550000000000000e+05
3.000000000000000000e+01 6.035920000000000000e+05
3.100000000000000000e+01 5.229280000000000000e+05
3.200000000000000000e+01 4.436290000000000000e+05
3.300000000000000000e+01 3.677700000000000000e+05
3.400000000000000000e+01 2.980230000000000000e+05
3.500000000000000000e+01 2.345010000000000000e+05
3.600000000000000000e+01 1.743210000000000000e+05
3.700000000000000000e+01 1.238880000000000000e+05
3.800000000000000000e+01 8.352600000000000000e+04
3.900000000000000000e+01 5.304100000000000000e+04
4.000000000000000000e+01 3.126100000000000000e+04
4.100000000000000000e+01 1.692700000000000000e+04
4.200000000000000000e+01 8.359000000000000000e+03
4.300000000000000000e+01 3.896000000000000000e+03
4.400000000000000000e+01 1.627000000000000000e+03
4.500000000000000000e+01 7.650000000000000000e+02
4.600000000000000000e+01 3.340000000000000000e+02
4.700000000000000000e+01 1.500000000000000000e+02
4.800000000000000000e+01 6.000000000000000000e+01
4.900000000000000000e+01 7.300000000000000000e+01
5.000000000000000000e+01 3.100000000000000000e+01
5.100000000000000000e+01 4.600000000000000000e+01
5.200000000000000000e+01 2.000000000000000000e+01
5.300000000000000000e+01 2.500000000000000000e+01
5.400000000000000000e+01 1.800000000000000000e+01
5.500000000000000000e+01 2.800000000000000000e+01
5.600000000000000000e+01 1.800000000000000000e+01
5.700000000000000000e+01 1.900000000000000000e+01
5.800000000000000000e+01 9.000000000000000000e+00
5.900000000000000000e+01 1.700000000000000000e+01
6.000000000000000000e+01 8.000000000000000000e+00
6.100000000000000000e+01 1.700000000000000000e+01
6.200000000000000000e+01 1.000000000000000000e+01
6.300000000000000000e+01 1.500000000000000000e+01
6.400000000000000000e+01 9.000000000000000000e+00
6.500000000000000000e+01 1.200000000000000000e+01
6.600000000000000000e+01 1.000000000000000000e+01
6.700000000000000000e+01 4.000000000000000000e+00
6.800000000000000000e+01 4.000000000000000000e+00
6.900000000000000000e+01 4.000000000000000000e+00
7.000000000000000000e+01 3.000000000000000000e+00
7.100000000000000000e+01 6.000000000000000000e+00
7.200000000000000000e+01 3.000000000000000000e+00
7.300000000000000000e+01 7.000000000000000000e+00
7.400000000000000000e+01 3.000000000000000000e+00
7.500000000000000000e+01 2.000000000000000000e+00
7.600000000000000000e+01 4.000000000000000000e+00
7.800000000000000000e+01 2.000000000000000000e+00
7.900000000000000000e+01 2.000000000000000000e+00
8.000000000000000000e+01 3.000000000000000000e+00
8.100000000000000000e+01 1.000000000000000000e+00
8.200000000000000000e+01 2.000000000000000000e+00
8.300000000000000000e+01 1.000000000000000000e+00
8.400000000000000000e+01 1.000000000000000000e+00
8.500000000000000000e+01 1.000000000000000000e+00
8.800000000000000000e+01 1.000000000000000000e+00
1.000000000000000000e+02 1.000000000000000000e+00
1.090000000000000000e+02 1.000000000000000000e+00
1.170000000000000000e+02 1.000000000000000000e+00
1.180000000000000000e+02 1.000000000000000000e+00
1.260000000000000000e+02 1.000000000000000000e+00
1.440000000000000000e+02 1.000000000000000000e+00
1.570000000000000000e+02 1.000000000000000000e+00
1.810000000000000000e+02 1.000000000000000000e+00
2.010000000000000000e+02 1.000000000000000000e+00
2.220000000000000000e+02 1.000000000000000000e+00
2.510000000000000000e+02 1.000000000000000000e+00
2.660000000000000000e+02 1.000000000000000000e+00
3.330000000000000000e+02 1.000000000000000000e+00
3.480000000000000000e+02 1.000000000000000000e+00
4.850000000000000000e+02 1.000000000000000000e+00
