-4.000000000000000000e+00 2.000000000000000000e+00
-3.000000000000000000e+00 3.000000000000000000e+00
-2.000000000000000000e+00 5.000000000000000000e+00
-1.000000000000000000e+00 5.000000000000000000e+00
0.000000000000000000e+00 1.337000000000000000e+03
1.000000000000000000e+00 2.600000000000000000e+01
2.000000000000000000e+00 3.800000000000000000e+01
3.000000000000000000e+00 7.100000000000000000e+01
4.000000000000000000e+00 4.790000000000000000e+02
5.000000000000000000e+00 2.383000000000000000e+03
6.000000000000000000e+00 1.324700000000000000e+04
7.000000000000000000e+00 2.466000000000000000e+04
8.000000000000000000e+00 3.502300000000000000e+04
9.000000000000000000e+00 5.040200000000000000e+04
1.000000000000000000e+01 7.113600000000000000e+04
1.100000000000000000e+01 9.824900000000000000e+04
1.200000000000000000e+01 1.334540000000000000e+05
1.300000000000000000e+01 1.808700000000000000e+05
1.400000000000000000e+01 2.394520000000000000e+05
1.500000000000000000e+01 3.115300000000000000e+05
1.600000000000000000e+01 3.979830000000000000e+05
1.700000000000000000e+01 5.017550000000000000e+05
1.800000000000000000e+01 6.124240000000000000e+05
1.900000000000000000e+01 7.136800000000000000e+05
2.000000000000000000e+01 7.865300000000000000e+05
2.100000000000000000e+01 8.150670000000000000e+05
2.200000000000000000e+01 7.872120000000000000e+05
2.300000000000000000e+01 6.870970000000000000e+05
2.400000000000000000e+01 5.367780000000000000e+05
2.500000000000000000e+01 3.611950000000000000e+05
2.600000000000000000e+01 2.089880000000000000e+05
2.700000000000000000e+01 1.075030000000000000e+05
2.800000000000000000e+01 5.049300000000000000e+04
2.900000000000000000e+01 2.344200000000000000e+04
3.000000000000000000e+01 1.137600000000000000e+04
3.100000000000000000e+01 5.468000000000000000e+03
3.200000000000000000e+01 2.557000000000000000e+03
3.300000000000000000e+01 9.860000000000000000e+02
3.400000000000000000e+01 3.590000000000000000e+02
3.500000000000000000e+01 1.560000000000000000e+02
3.600000000000000000e+01 6.100000000000000000e+01
3.700000000000000000e+01 3.400000000000000000e+01
3.800000000000000000e+01 2.600000000000000000e+01
3.900000000000000000e+01 7.000000000000000000e+00
4.000000000000000000e+01 1.300000000000000000e+01
4.100000000000000000e+01 1.100000000000000000e+01
4.200000000000000000e+01 1.400000000000000000e+01
4.300000000000000000e+01 7.000000000000000000e+00
4.400000000000000000e+01 9.000000000000000000e+00
4.500000000000000000e+01 4.000000000000000000e+00
4.600000000000000000e+01 6.000000000000000000e+00
4.700000000000000000e+01 1.000000000000000000e+01
4.800000000000000000e+01 4.000000000000000000e+00
4.900000000000000000e+01 1.000000000000000000e+01
5.100000000000000000e+01 3.000000000000000000e+00
5.300000000000000000e+01 3.000000000000000000e+00
5.400000000000000000e+01 2.000000000000000000e+00
5.500000000000000000e+01 2.000000000000000000e+00
6.100000000000000000e+01 1.000000000000000000e+00
6.800000000000000000e+01 2.000000000000000000e+00
7.600000000000000000e+01 2.000000000000000000e+00
8.400000000000000000e+01 1.000000000000000000e+00
8.500000000000000000e+01 1.000000000000000000e+00
8.600000000000000000e+01 1.000000000000000000e+00
9.300000000000000000e+01 2.000000000000000000e+00
9.800000000000000000e+01 1.000000000000000000e+00
1.030000000000000000e+02 1.000000000000000000e+00
1.040000000000000000e+02 1.000000000000000000e+00
1.060000000000000000e+02 1.000000000000000000e+00
1.120000000000000000e+02 1.000000000000000000e+00
1.130000000000000000e+02 1.000000000000000000e+00
1.160000000000000000e+02 1.000000000000000000e+00
1.210000000000000000e+02 1.000000000000000000e+00
1.230000000000000000e+02 1.000000000000000000e+00
1.340000000000000000e+02 2.000000000000000000e+00
1.360000000000000000e+02 1.000000000000000000e+00
1.560000000000000000e+02 1.000000000000000000e+00
1.620000000000000000e+02 1.000000000000000000e+00
1.700000000000000000e+02 1.000000000000000000e+00
1.730000000000000000e+02 1.000000000000000000e+00
1.760000000000000000e+02 1.000000000000000000e+00
1.940000000000000000e+02 1.000000000000000000e+00
1.980000000000000000e+02 1.000000000000000000e+00
2.140000000000000000e+02 1.000000000000000000e+00
2.280000000000000000e+02 1.000000000000000000e+00
2.360000000000000000e+02 2.000000000000000000e+00
2.440000000000000000e+02 1.000000000000000000e+00
2.840000000000000000e+02 1.000000000000000000e+00
3.230000000000000000e+02 1.000000000000000000e+00
3.460000000000000000e+02 1.000000000000000000e+00
3.970000000000000000e+02 1.000000000000000000e+00
5.590000000000000000e+02 1.000000000000000000e+00
7.480000000000000000e+02 1.000000000000000000e+00
7.810000000000000000e+02 1.000000000000000000e+00
9.880000000000000000e+02 1.000000000000000000e+00
1.164000000000000000e+03 1.000000000000000000e+00
1.177000000000000000e+03 1.000000000000000000e+00
1.282000000000000000e+03 1.000000000000000000e+00
1.400000000000000000e+03 1.000000000000000000e+00
2.612000000000000000e+03 1.000000000000000000e+00
