-4.000000000000000000e+00 6.000000000000000000e+00
-3.000000000000000000e+00 1.000000000000000000e+00
-2.000000000000000000e+00 1.800000000000000000e+01
-1.000000000000000000e+00 6.100000000000000000e+01
0.000000000000000000e+00 1.355000000000000000e+03
1.000000000000000000e+00 9.700000000000000000e+01
2.000000000000000000e+00 1.490000000000000000e+02
3.000000000000000000e+00 2.260000000000000000e+02
4.000000000000000000e+00 1.177000000000000000e+03
5.000000000000000000e+00 8.585000000000000000e+03
6.000000000000000000e+00 6.002400000000000000e+04
7.000000000000000000e+00 1.027300000000000000e+05
8.000000000000000000e+00 1.195710000000000000e+05
9.000000000000000000e+00 1.360940000000000000e+05
1.000000000000000000e+01 1.500390000000000000e+05
1.100000000000000000e+01 1.572970000000000000e+05
1.200000000000000000e+01 1.622570000000000000e+05
1.300000000000000000e+01 1.718670000000000000e+05
1.400000000000000000e+01 1.943130000000000000e+05
1.500000000000000000e+01 2.305540000000000000e+05
1.600000000000000000e+01 2.867550000000000000e+05
1.700000000000000000e+01 3.668690000000000000e+05
1.800000000000000000e+01 4.679840000000000000e+05
1.900000000000000000e+01 5.889790000000000000e+05
2.000000000000000000e+01 7.203580000000000000e+05
2.100000000000000000e+01 8.684470000000000000e+05
2.200000000000000000e+01 1.017882000000000000e+06
2.300000000000000000e+01 1.149666000000000000e+06
2.400000000000000000e+01 1.250982000000000000e+06
2.500000000000000000e+01 1.292750000000000000e+06
2.600000000000000000e+01 1.274573000000000000e+06
2.700000000000000000e+01 1.206252000000000000e+06
2.800000000000000000e+01 1.102348000000000000e+06
2.900000000000000000e+01 9.846090000000000000e+05
3.000000000000000000e+01 8.564300000000000000e+05
3.100000000000000000e+01 7.291150000000000000e+05
3.200000000000000000e+01 6.124730000000000000e+05
3.300000000000000000e+01 5.012670000000000000e+05
3.400000000000000000e+01 4.016050000000000000e+05
3.500000000000000000e+01 3.108460000000000000e+05
3.600000000000000000e+01 2.304460000000000000e+05
3.700000000000000000e+01 1.620400000000000000e+05
3.800000000000000000e+01 1.084350000000000000e+05
3.900000000000000000e+01 6.807000000000000000e+04
4.000000000000000000e+01 3.941900000000000000e+04
4.100000000000000000e+01 2.140400000000000000e+04
4.200000000000000000e+01 1.058900000000000000e+04
4.300000000000000000e+01 4.812000000000000000e+03
4.400000000000000000e+01 2.166000000000000000e+03
4.500000000000000000e+01 9.100000000000000000e+02
4.600000000000000000e+01 4.500000000000000000e+02
4.700000000000000000e+01 1.950000000000000000e+02
4.800000000000000000e+01 1.140000000000000000e+02
4.900000000000000000e+01 1.110000000000000000e+02
5.000000000000000000e+01 4.900000000000000000e+01
5.100000000000000000e+01 7.800000000000000000e+01
5.200000000000000000e+01 3.400000000000000000e+01
5.300000000000000000e+01 6.900000000000000000e+01
5.400000000000000000e+01 3.800000000000000000e+01
5.500000000000000000e+01 7.500000000000000000e+01
5.600000000000000000e+01 2.400000000000000000e+01
5.700000000000000000e+01 5.000000000000000000e+01
5.800000000000000000e+01 1.600000000000000000e+01
5.900000000000000000e+01 3.700000000000000000e+01
6.000000000000000000e+01 1.400000000000000000e+01
6.100000000000000000e+01 3.400000000000000000e+01
6.200000000000000000e+01 9.000000000000000000e+00
6.300000000000000000e+01 2.100000000000000000e+01
6.400000000000000000e+01 2.200000000000000000e+01
6.500000000000000000e+01 1.300000000000000000e+01
6.600000000000000000e+01 1.000000000000000000e+01
6.700000000000000000e+01 6.000000000000000000e+00
6.800000000000000000e+01 1.000000000000000000e+01
6.900000000000000000e+01 1.200000000000000000e+01
7.000000000000000000e+01 8.000000000000000000e+00
7.100000000000000000e+01 9.000000000000000000e+00
7.200000000000000000e+01 5.000000000000000000e+00
7.300000000000000000e+01 7.000000000000000000e+00
7.400000000000000000e+01 4.000000000000000000e+00
7.500000000000000000e+01 2.000000000000000000e+00
7.600000000000000000e+01 8.000000000000000000e+00
7.700000000000000000e+01 1.000000000000000000e+00
7.800000000000000000e+01 3.000000000000000000e+00
7.900000000000000000e+01 1.000000000000000000e+00
8.000000000000000000e+01 3.000000000000000000e+00
8.200000000000000000e+01 1.000000000000000000e+00
9.200000000000000000e+01 1.000000000000000000e+00
9.400000000000000000e+01 1.000000000000000000e+00
9.600000000000000000e+01 1.000000000000000000e+00
1.130000000000000000e+02 1.000000000000000000e+00
1.250000000000000000e+02 1.000000000000000000e+00
1.430000000000000000e+02 1.000000000000000000e+00
1.440000000000000000e+02 1.000000000000000000e+00
1.450000000000000000e+02 1.000000000000000000e+00
2.440000000000000000e+02 1.000000000000000000e+00
2.910000000000000000e+02 1.000000000000000000e+00
2.970000000000000000e+02 1.000000000000000000e+00
5.000000000000000000e+02 1.000000000000000000e+00
