-4.000000000000000000e+00 2.000000000000000000e+00
-3.000000000000000000e+00 3.000000000000000000e+00
-2.000000000000000000e+00 8.000000000000000000e+00
-1.000000000000000000e+00 4.100000000000000000e+01
0.000000000000000000e+00 1.352000000000000000e+03
1.000000000000000000e+00 7.300000000000000000e+01
2.000000000000000000e+00 8.800000000000000000e+01
3.000000000000000000e+00 1.560000000000000000e+02
4.000000000000000000e+00 6.620000000000000000e+02
5.000000000000000000e+00 4.121000000000000000e+03
6.000000000000000000e+00 2.444400000000000000e+04
7.000000000000000000e+00 4.623600000000000000e+04
8.000000000000000000e+00 6.544800000000000000e+04
9.000000000000000000e+00 9.444300000000000000e+04
1.000000000000000000e+01 1.341240000000000000e+05
1.100000000000000000e+01 1.859130000000000000e+05
1.200000000000000000e+01 2.551610000000000000e+05
1.300000000000000000e+01 3.456260000000000000e+05
1.400000000000000000e+01 4.594240000000000000e+05
1.500000000000000000e+01 5.991980000000000000e+05
1.600000000000000000e+01 7.664630000000000000e+05
1.700000000000000000e+01 9.749720000000000000e+05
1.800000000000000000e+01 1.194850000000000000e+06
1.900000000000000000e+01 1.401132000000000000e+06
2.000000000000000000e+01 1.560166000000000000e+06
2.100000000000000000e+01 1.640836000000000000e+06
2.200000000000000000e+01 1.608565000000000000e+06
2.300000000000000000e+01 1.434268000000000000e+06
2.400000000000000000e+01 1.146749000000000000e+06
2.500000000000000000e+01 7.969160000000000000e+05
2.600000000000000000e+01 4.787170000000000000e+05
2.700000000000000000e+01 2.501870000000000000e+05
2.800000000000000000e+01 1.195690000000000000e+05
2.900000000000000000e+01 5.578000000000000000e+04
3.000000000000000000e+01 2.642300000000000000e+04
3.100000000000000000e+01 1.289000000000000000e+04
3.200000000000000000e+01 5.710000000000000000e+03
3.300000000000000000e+01 2.414000000000000000e+03
3.400000000000000000e+01 9.320000000000000000e+02
3.500000000000000000e+01 3.660000000000000000e+02
3.600000000000000000e+01 1.770000000000000000e+02
3.700000000000000000e+01 7.300000000000000000e+01
3.800000000000000000e+01 8.600000000000000000e+01
3.900000000000000000e+01 3.100000000000000000e+01
4.000000000000000000e+01 8.400000000000000000e+01
4.100000000000000000e+01 4.600000000000000000e+01
4.200000000000000000e+01 5.400000000000000000e+01
4.300000000000000000e+01 4.300000000000000000e+01
4.400000000000000000e+01 3.600000000000000000e+01
4.500000000000000000e+01 3.500000000000000000e+01
4.600000000000000000e+01 4.000000000000000000e+01
4.700000000000000000e+01 3.600000000000000000e+01
4.800000000000000000e+01 2.200000000000000000e+01
4.900000000000000000e+01 5.500000000000000000e+01
5.000000000000000000e+01 9.000000000000000000e+00
5.100000000000000000e+01 2.300000000000000000e+01
5.200000000000000000e+01 1.100000000000000000e+01
5.300000000000000000e+01 1.700000000000000000e+01
5.400000000000000000e+01 7.000000000000000000e+00
5.500000000000000000e+01 1.100000000000000000e+01
5.600000000000000000e+01 3.000000000000000000e+00
5.700000000000000000e+01 5.000000000000000000e+00
5.800000000000000000e+01 2.000000000000000000e+00
5.900000000000000000e+01 4.000000000000000000e+00
6.000000000000000000e+01 1.000000000000000000e+00
6.100000000000000000e+01 1.000000000000000000e+00
6.200000000000000000e+01 3.000000000000000000e+00
6.300000000000000000e+01 2.000000000000000000e+00
6.400000000000000000e+01 1.000000000000000000e+00
6.600000000000000000e+01 1.000000000000000000e+00
6.700000000000000000e+01 1.000000000000000000e+00
7.200000000000000000e+01 1.000000000000000000e+00
7.500000000000000000e+01 1.000000000000000000e+00
8.000000000000000000e+01 1.000000000000000000e+00
8.100000000000000000e+01 1.000000000000000000e+00
8.400000000000000000e+01 2.000000000000000000e+00
8.500000000000000000e+01 1.000000000000000000e+00
8.700000000000000000e+01 1.000000000000000000e+00
9.100000000000000000e+01 1.000000000000000000e+00
9.500000000000000000e+01 1.000000000000000000e+00
1.000000000000000000e+02 1.000000000000000000e+00
1.030000000000000000e+02 1.000000000000000000e+00
1.080000000000000000e+02 2.000000000000000000e+00
1.180000000000000000e+02 1.000000000000000000e+00
1.210000000000000000e+02 1.000000000000000000e+00
1.310000000000000000e+02 1.000000000000000000e+00
1.430000000000000000e+02 1.000000000000000000e+00
1.550000000000000000e+02 1.000000000000000000e+00
1.630000000000000000e+02 1.000000000000000000e+00
1.700000000000000000e+02 1.000000000000000000e+00
2.150000000000000000e+02 1.000000000000000000e+00
2.360000000000000000e+02 1.000000000000000000e+00
2.480000000000000000e+02 1.000000000000000000e+00
2.850000000000000000e+02 1.000000000000000000e+00
2.940000000000000000e+02 1.000000000000000000e+00
3.340000000000000000e+02 1.000000000000000000e+00
3.970000000000000000e+02 1.000000000000000000e+00
4.130000000000000000e+02 1.000000000000000000e+00
4.580000000000000000e+02 1.000000000000000000e+00
4.830000000000000000e+02 1.000000000000000000e+00
6.100000000000000000e+02 1.000000000000000000e+00
6.140000000000000000e+02 1.000000000000000000e+00
6.250000000000000000e+02 1.000000000000000000e+00
7.180000000000000000e+02 1.000000000000000000e+00
9.270000000000000000e+02 1.000000000000000000e+00
1.233000000000000000e+03 1.000000000000000000e+00
