-4.000000000000000000e+00 2.000000000000000000e+00
-3.000000000000000000e+00 4.000000000000000000e+00
-2.000000000000000000e+00 1.400000000000000000e+01
-1.000000000000000000e+00 6.500000000000000000e+01
0.000000000000000000e+00 1.366000000000000000e+03
1.000000000000000000e+00 1.070000000000000000e+02
2.000000000000000000e+00 1.340000000000000000e+02
3.000000000000000000e+00 2.390000000000000000e+02
4.000000000000000000e+00 1.120000000000000000e+03
5.000000000000000000e+00 8.606000000000000000e+03
6.000000000000000000e+00 5.996700000000000000e+04
7.000000000000000000e+00 1.026280000000000000e+05
8.000000000000000000e+00 1.180780000000000000e+05
9.000000000000000000e+00 1.346830000000000000e+05
1.000000000000000000e+01 1.493610000000000000e+05
1.100000000000000000e+01 1.561930000000000000e+05
1.200000000000000000e+01 1.613430000000000000e+05
1.300000000000000000e+01 1.714650000000000000e+05
1.400000000000000000e+01 1.918040000000000000e+05
1.500000000000000000e+01 2.290590000000000000e+05
1.600000000000000000e+01 2.846570000000000000e+05
1.700000000000000000e+01 3.647370000000000000e+05
1.800000000000000000e+01 4.659220000000000000e+05
1.900000000000000000e+01 5.844440000000000000e+05
2.000000000000000000e+01 7.181480000000000000e+05
2.100000000000000000e+01 8.638700000000000000e+05
2.200000000000000000e+01 1.014926000000000000e+06
2.300000000000000000e+01 1.141041000000000000e+06
2.400000000000000000e+01 1.240756000000000000e+06
2.500000000000000000e+01 1.282722000000000000e+06
2.600000000000000000e+01 1.266846000000000000e+06
2.700000000000000000e+01 1.196655000000000000e+06
2.800000000000000000e+01 1.095462000000000000e+06
2.900000000000000000e+01 9.751600000000000000e+05
3.000000000000000000e+01 8.475660000000000000e+05
3.100000000000000000e+01 7.211910000000000000e+05
3.200000000000000000e+01 6.063490000000000000e+05
3.300000000000000000e+01 4.959700000000000000e+05
3.400000000000000000e+01 3.969990000000000000e+05
3.500000000000000000e+01 3.077010000000000000e+05
3.600000000000000000e+01 2.276350000000000000e+05
3.700000000000000000e+01 1.603120000000000000e+05
3.800000000000000000e+01 1.072040000000000000e+05
3.900000000000000000e+01 6.665200000000000000e+04
4.000000000000000000e+01 3.860400000000000000e+04
4.100000000000000000e+01 2.088200000000000000e+04
4.200000000000000000e+01 1.061300000000000000e+04
4.300000000000000000e+01 4.803000000000000000e+03
4.400000000000000000e+01 2.055000000000000000e+03
4.500000000000000000e+01 9.460000000000000000e+02
4.600000000000000000e+01 4.150000000000000000e+02
4.700000000000000000e+01 1.770000000000000000e+02
4.800000000000000000e+01 1.230000000000000000e+02
4.900000000000000000e+01 1.040000000000000000e+02
5.000000000000000000e+01 4.500000000000000000e+01
5.100000000000000000e+01 7.400000000000000000e+01
5.200000000000000000e+01 3.700000000000000000e+01
5.300000000000000000e+01 6.500000000000000000e+01
5.400000000000000000e+01 3.200000000000000000e+01
5.500000000000000000e+01 6.700000000000000000e+01
5.600000000000000000e+01 2.600000000000000000e+01
5.700000000000000000e+01 5.200000000000000000e+01
5.800000000000000000e+01 2.600000000000000000e+01
5.900000000000000000e+01 3.400000000000000000e+01
6.000000000000000000e+01 1.600000000000000000e+01
6.100000000000000000e+01 4.000000000000000000e+01
6.200000000000000000e+01 8.000000000000000000e+00
6.300000000000000000e+01 3.000000000000000000e+01
6.400000000000000000e+01 1.900000000000000000e+01
6.500000000000000000e+01 2.000000000000000000e+01
6.600000000000000000e+01 1.600000000000000000e+01
6.700000000000000000e+01 1.100000000000000000e+01
6.800000000000000000e+01 1.400000000000000000e+01
6.900000000000000000e+01 1.100000000000000000e+01
7.000000000000000000e+01 1.300000000000000000e+01
7.100000000000000000e+01 5.000000000000000000e+00
7.200000000000000000e+01 9.000000000000000000e+00
7.300000000000000000e+01 8.000000000000000000e+00
7.400000000000000000e+01 4.000000000000000000e+00
7.500000000000000000e+01 1.000000000000000000e+00
7.600000000000000000e+01 2.000000000000000000e+00
7.800000000000000000e+01 1.000000000000000000e+00
7.900000000000000000e+01 3.000000000000000000e+00
8.000000000000000000e+01 4.000000000000000000e+00
8.200000000000000000e+01 1.000000000000000000e+00
1.180000000000000000e+02 1.000000000000000000e+00
1.210000000000000000e+02 1.000000000000000000e+00
1.220000000000000000e+02 1.000000000000000000e+00
1.260000000000000000e+02 1.000000000000000000e+00
1.860000000000000000e+02 1.000000000000000000e+00
1.930000000000000000e+02 1.000000000000000000e+00
2.120000000000000000e+02 1.000000000000000000e+00
6.100000000000000000e+02 1.000000000000000000e+00
7.470000000000000000e+02 1.000000000000000000e+00
1.103000000000000000e+03 1.000000000000000000e+00
1.267000000000000000e+03 1.000000000000000000e+00
