-4.000000000000000000e+00 5.000000000000000000e+00
-3.000000000000000000e+00 4.000000000000000000e+00
-2.000000000000000000e+00 9.000000000000000000e+00
-1.000000000000000000e+00 5.600000000000000000e+01
0.000000000000000000e+00 1.351000000000000000e+03
1.000000000000000000e+00 1.010000000000000000e+02
2.000000000000000000e+00 1.740000000000000000e+02
3.000000000000000000e+00 2.980000000000000000e+02
4.000000000000000000e+00 1.577000000000000000e+03
5.000000000000000000e+00 1.118600000000000000e+04
6.000000000000000000e+00 7.609700000000000000e+04
7.000000000000000000e+00 1.322050000000000000e+05
8.000000000000000000e+00 1.595150000000000000e+05
9.000000000000000000e+00 1.905480000000000000e+05
1.000000000000000000e+01 2.185590000000000000e+05
1.100000000000000000e+01 2.380420000000000000e+05
1.200000000000000000e+01 2.505860000000000000e+05
1.300000000000000000e+01 2.595810000000000000e+05
1.400000000000000000e+01 2.665300000000000000e+05
1.500000000000000000e+01 2.776760000000000000e+05
1.600000000000000000e+01 2.956850000000000000e+05
1.700000000000000000e+01 3.292500000000000000e+05
1.800000000000000000e+01 3.735610000000000000e+05
1.900000000000000000e+01 4.324510000000000000e+05
2.000000000000000000e+01 5.081860000000000000e+05
2.100000000000000000e+01 6.002590000000000000e+05
2.200000000000000000e+01 7.038660000000000000e+05
2.300000000000000000e+01 8.017150000000000000e+05
2.400000000000000000e+01 8.825660000000000000e+05
2.500000000000000000e+01 9.240330000000000000e+05
2.600000000000000000e+01 9.272990000000000000e+05
2.700000000000000000e+01 8.900430000000000000e+05
2.800000000000000000e+01 8.419810000000000000e+05
2.900000000000000000e+01 7.873980000000000000e+05
3.000000000000000000e+01 7.304370000000000000e+05
3.100000000000000000e+01 6.783330000000000000e+05
3.200000000000000000e+01 6.291900000000000000e+05
3.300000000000000000e+01 5.833300000000000000e+05
3.400000000000000000e+01 5.436150000000000000e+05
3.500000000000000000e+01 5.070440000000000000e+05
3.600000000000000000e+01 4.715790000000000000e+05
3.700000000000000000e+01 4.358110000000000000e+05
3.800000000000000000e+01 4.025340000000000000e+05
3.900000000000000000e+01 3.667210000000000000e+05
4.000000000000000000e+01 3.325120000000000000e+05
4.100000000000000000e+01 2.976400000000000000e+05
4.200000000000000000e+01 2.607620000000000000e+05
4.300000000000000000e+01 2.240170000000000000e+05
4.400000000000000000e+01 1.889500000000000000e+05
4.500000000000000000e+01 1.535520000000000000e+05
4.600000000000000000e+01 1.211370000000000000e+05
4.700000000000000000e+01 9.261000000000000000e+04
4.800000000000000000e+01 6.679800000000000000e+04
4.900000000000000000e+01 4.669400000000000000e+04
5.000000000000000000e+01 3.071800000000000000e+04
5.100000000000000000e+01 1.924700000000000000e+04
5.200000000000000000e+01 1.167400000000000000e+04
5.300000000000000000e+01 6.584000000000000000e+03
5.400000000000000000e+01 3.680000000000000000e+03
5.500000000000000000e+01 1.964000000000000000e+03
5.600000000000000000e+01 1.079000000000000000e+03
5.700000000000000000e+01 5.310000000000000000e+02
5.800000000000000000e+01 2.900000000000000000e+02
5.900000000000000000e+01 1.500000000000000000e+02
6.000000000000000000e+01 1.040000000000000000e+02
6.100000000000000000e+01 7.000000000000000000e+01
6.200000000000000000e+01 4.700000000000000000e+01
6.300000000000000000e+01 4.900000000000000000e+01
6.400000000000000000e+01 3.200000000000000000e+01
6.500000000000000000e+01 3.400000000000000000e+01
6.600000000000000000e+01 2.800000000000000000e+01
6.700000000000000000e+01 2.700000000000000000e+01
6.800000000000000000e+01 1.900000000000000000e+01
6.900000000000000000e+01 1.300000000000000000e+01
7.000000000000000000e+01 1.100000000000000000e+01
7.100000000000000000e+01 1.600000000000000000e+01
7.200000000000000000e+01 1.500000000000000000e+01
7.300000000000000000e+01 1.200000000000000000e+01
7.400000000000000000e+01 2.200000000000000000e+01
7.500000000000000000e+01 3.000000000000000000e+00
7.600000000000000000e+01 1.200000000000000000e+01
7.700000000000000000e+01 7.000000000000000000e+00
7.800000000000000000e+01 1.200000000000000000e+01
7.900000000000000000e+01 1.000000000000000000e+00
8.000000000000000000e+01 1.400000000000000000e+01
8.100000000000000000e+01 3.000000000000000000e+00
8.200000000000000000e+01 1.000000000000000000e+01
8.300000000000000000e+01 3.000000000000000000e+00
8.400000000000000000e+01 8.000000000000000000e+00
8.500000000000000000e+01 2.000000000000000000e+00
8.600000000000000000e+01 9.000000000000000000e+00
8.700000000000000000e+01 7.000000000000000000e+00
8.800000000000000000e+01 6.000000000000000000e+00
8.900000000000000000e+01 3.000000000000000000e+00
9.000000000000000000e+01 4.000000000000000000e+00
9.100000000000000000e+01 3.000000000000000000e+00
9.200000000000000000e+01 1.000000000000000000e+00
9.300000000000000000e+01 3.000000000000000000e+00
9.400000000000000000e+01 8.000000000000000000e+00
9.500000000000000000e+01 2.000000000000000000e+00
9.700000000000000000e+01 2.000000000000000000e+00
9.800000000000000000e+01 4.000000000000000000e+00
1.000000000000000000e+02 1.000000000000000000e+00
1.010000000000000000e+02 1.000000000000000000e+00
1.040000000000000000e+02 1.000000000000000000e+00
1.070000000000000000e+02 2.000000000000000000e+00
1.100000000000000000e+02 1.000000000000000000e+00
1.140000000000000000e+02 1.000000000000000000e+00
1.180000000000000000e+02 1.000000000000000000e+00
1.440000000000000000e+02 1.000000000000000000e+00
1.560000000000000000e+02 1.000000000000000000e+00
3.480000000000000000e+02 1.000000000000000000e+00
6.270000000000000000e+02 1.000000000000000000e+00
8.880000000000000000e+02 1.000000000000000000e+00
