-4.000000000000000000e+00 2.000000000000000000e+00
-3.000000000000000000e+00 4.000000000000000000e+00
-2.000000000000000000e+00 1.200000000000000000e+01
-1.000000000000000000e+00 5.600000000000000000e+01
0.000000000000000000e+00 1.346000000000000000e+03
1.000000000000000000e+00 1.150000000000000000e+02
2.000000000000000000e+00 1.310000000000000000e+02
3.000000000000000000e+00 2.140000000000000000e+02
4.000000000000000000e+00 1.177000000000000000e+03
5.000000000000000000e+00 8.565000000000000000e+03
6.000000000000000000e+00 5.889100000000000000e+04
7.000000000000000000e+00 9.991700000000000000e+04
8.000000000000000000e+00 1.160100000000000000e+05
9.000000000000000000e+00 1.328230000000000000e+05
1.000000000000000000e+01 1.462680000000000000e+05
1.100000000000000000e+01 1.536050000000000000e+05
1.200000000000000000e+01 1.578170000000000000e+05
1.300000000000000000e+01 1.690230000000000000e+05
1.400000000000000000e+01 1.903520000000000000e+05
1.500000000000000000e+01 2.266620000000000000e+05
1.600000000000000000e+01 2.813300000000000000e+05
1.700000000000000000e+01 3.598140000000000000e+05
1.800000000000000000e+01 4.595520000000000000e+05
1.900000000000000000e+01 5.767630000000000000e+05
2.000000000000000000e+01 7.084290000000000000e+05
2.100000000000000000e+01 8.499730000000000000e+05
2.200000000000000000e+01 9.965980000000000000e+05
2.300000000000000000e+01 1.122805000000000000e+06
2.400000000000000000e+01 1.218275000000000000e+06
2.500000000000000000e+01 1.258636000000000000e+06
2.600000000000000000e+01 1.237764000000000000e+06
2.700000000000000000e+01 1.170232000000000000e+06
2.800000000000000000e+01 1.071637000000000000e+06
2.900000000000000000e+01 9.539030000000000000e+05
3.000000000000000000e+01 8.270130000000000000e+05
3.100000000000000000e+01 7.051220000000000000e+05
3.200000000000000000e+01 5.910070000000000000e+05
3.300000000000000000e+01 4.819750000000000000e+05
3.400000000000000000e+01 3.877450000000000000e+05
3.500000000000000000e+01 2.995420000000000000e+05
3.600000000000000000e+01 2.211900000000000000e+05
3.700000000000000000e+01 1.559580000000000000e+05
3.800000000000000000e+01 1.039930000000000000e+05
3.900000000000000000e+01 6.495400000000000000e+04
4.000000000000000000e+01 3.817700000000000000e+04
4.100000000000000000e+01 2.019600000000000000e+04
4.200000000000000000e+01 1.003300000000000000e+04
4.300000000000000000e+01 4.564000000000000000e+03
4.400000000000000000e+01 2.049000000000000000e+03
4.500000000000000000e+01 9.130000000000000000e+02
4.600000000000000000e+01 4.310000000000000000e+02
4.700000000000000000e+01 2.080000000000000000e+02
4.800000000000000000e+01 1.120000000000000000e+02
4.900000000000000000e+01 1.090000000000000000e+02
5.000000000000000000e+01 4.100000000000000000e+01
5.100000000000000000e+01 7.100000000000000000e+01
5.200000000000000000e+01 2.800000000000000000e+01
5.300000000000000000e+01 8.600000000000000000e+01
5.400000000000000000e+01 3.000000000000000000e+01
5.500000000000000000e+01 6.500000000000000000e+01
5.600000000000000000e+01 1.500000000000000000e+01
5.700000000000000000e+01 4.700000000000000000e+01
5.800000000000000000e+01 1.700000000000000000e+01
5.900000000000000000e+01 5.000000000000000000e+01
6.000000000000000000e+01 1.500000000000000000e+01
6.100000000000000000e+01 3.600000000000000000e+01
6.200000000000000000e+01 1.100000000000000000e+01
6.300000000000000000e+01 3.200000000000000000e+01
6.400000000000000000e+01 1.900000000000000000e+01
6.500000000000000000e+01 1.900000000000000000e+01
6.600000000000000000e+01 1.800000000000000000e+01
6.700000000000000000e+01 1.100000000000000000e+01
6.800000000000000000e+01 1.500000000000000000e+01
6.900000000000000000e+01 9.000000000000000000e+00
7.000000000000000000e+01 8.000000000000000000e+00
7.100000000000000000e+01 7.000000000000000000e+00
7.200000000000000000e+01 5.000000000000000000e+00
7.300000000000000000e+01 4.000000000000000000e+00
7.400000000000000000e+01 5.000000000000000000e+00
7.600000000000000000e+01 5.000000000000000000e+00
7.700000000000000000e+01 3.000000000000000000e+00
7.800000000000000000e+01 7.000000000000000000e+00
7.900000000000000000e+01 2.000000000000000000e+00
8.000000000000000000e+01 2.000000000000000000e+00
8.100000000000000000e+01 1.000000000000000000e+00
8.200000000000000000e+01 1.000000000000000000e+00
8.300000000000000000e+01 1.000000000000000000e+00
8.500000000000000000e+01 1.000000000000000000e+00
8.800000000000000000e+01 1.000000000000000000e+00
9.700000000000000000e+01 1.000000000000000000e+00
1.080000000000000000e+02 1.000000000000000000e+00
1.210000000000000000e+02 1.000000000000000000e+00
1.230000000000000000e+02 1.000000000000000000e+00
1.250000000000000000e+02 1.000000000000000000e+00
1.280000000000000000e+02 1.000000000000000000e+00
1.320000000000000000e+02 1.000000000000000000e+00
1.440000000000000000e+02 1.000000000000000000e+00
1.730000000000000000e+02 1.000000000000000000e+00
1.960000000000000000e+02 1.000000000000000000e+00
2.210000000000000000e+02 1.000000000000000000e+00
4.950000000000000000e+02 1.000000000000000000e+00
