-4.000000000000000000e+00 1.000000000000000000e+01
-3.000000000000000000e+00 1.000000000000000000e+00
-2.000000000000000000e+00 8.000000000000000000e+00
-1.000000000000000000e+00 5.000000000000000000e+01
0.000000000000000000e+00 1.352000000000000000e+03
1.000000000000000000e+00 1.180000000000000000e+02
2.000000000000000000e+00 1.540000000000000000e+02
3.000000000000000000e+00 2.830000000000000000e+02
4.000000000000000000e+00 1.695000000000000000e+03
5.000000000000000000e+00 1.127500000000000000e+04
6.000000000000000000e+00 7.617900000000000000e+04
7.000000000000000000e+00 1.324420000000000000e+05
8.000000000000000000e+00 1.606430000000000000e+05
9.000000000000000000e+00 1.907700000000000000e+05
1.000000000000000000e+01 2.189550000000000000e+05
1.100000000000000000e+01 2.385650000000000000e+05
1.200000000000000000e+01 2.515000000000000000e+05
1.300000000000000000e+01 2.595760000000000000e+05
1.400000000000000000e+01 2.686470000000000000e+05
1.500000000000000000e+01 2.790620000000000000e+05
1.600000000000000000e+01 2.978160000000000000e+05
1.700000000000000000e+01 3.309390000000000000e+05
1.800000000000000000e+01 3.754720000000000000e+05
1.900000000000000000e+01 4.339660000000000000e+05
2.000000000000000000e+01 5.092720000000000000e+05
2.100000000000000000e+01 6.031800000000000000e+05
2.200000000000000000e+01 7.065750000000000000e+05
2.300000000000000000e+01 8.040690000000000000e+05
2.400000000000000000e+01 8.850230000000000000e+05
2.500000000000000000e+01 9.288860000000000000e+05
2.600000000000000000e+01 9.278980000000000000e+05
2.700000000000000000e+01 8.926960000000000000e+05
2.800000000000000000e+01 8.431220000000000000e+05
2.900000000000000000e+01 7.904130000000000000e+05
3.000000000000000000e+01 7.319830000000000000e+05
3.100000000000000000e+01 6.778550000000000000e+05
3.200000000000000000e+01 6.296190000000000000e+05
3.300000000000000000e+01 5.845060000000000000e+05
3.400000000000000000e+01 5.457750000000000000e+05
3.500000000000000000e+01 5.090420000000000000e+05
3.600000000000000000e+01 4.728370000000000000e+05
3.700000000000000000e+01 4.371940000000000000e+05
3.800000000000000000e+01 4.023500000000000000e+05
3.900000000000000000e+01 3.687690000000000000e+05
4.000000000000000000e+01 3.344120000000000000e+05
4.100000000000000000e+01 2.978910000000000000e+05
4.200000000000000000e+01 2.606150000000000000e+05
4.300000000000000000e+01 2.258580000000000000e+05
4.400000000000000000e+01 1.887200000000000000e+05
4.500000000000000000e+01 1.537410000000000000e+05
4.600000000000000000e+01 1.213930000000000000e+05
4.700000000000000000e+01 9.283900000000000000e+04
4.800000000000000000e+01 6.754200000000000000e+04
4.900000000000000000e+01 4.690900000000000000e+04
5.000000000000000000e+01 3.078200000000000000e+04
5.100000000000000000e+01 1.924100000000000000e+04
5.200000000000000000e+01 1.152600000000000000e+04
5.300000000000000000e+01 6.641000000000000000e+03
5.400000000000000000e+01 3.617000000000000000e+03
5.500000000000000000e+01 1.968000000000000000e+03
5.600000000000000000e+01 9.800000000000000000e+02
5.700000000000000000e+01 5.220000000000000000e+02
5.800000000000000000e+01 2.830000000000000000e+02
5.900000000000000000e+01 1.700000000000000000e+02
6.000000000000000000e+01 1.000000000000000000e+02
6.100000000000000000e+01 7.600000000000000000e+01
6.200000000000000000e+01 6.200000000000000000e+01
6.300000000000000000e+01 4.000000000000000000e+01
6.400000000000000000e+01 3.100000000000000000e+01
6.500000000000000000e+01 3.200000000000000000e+01
6.600000000000000000e+01 3.500000000000000000e+01
6.700000000000000000e+01 2.300000000000000000e+01
6.800000000000000000e+01 2.000000000000000000e+01
6.900000000000000000e+01 1.900000000000000000e+01
7.000000000000000000e+01 2.200000000000000000e+01
7.100000000000000000e+01 1.000000000000000000e+01
7.200000000000000000e+01 2.200000000000000000e+01
7.300000000000000000e+01 1.100000000000000000e+01
7.400000000000000000e+01 1.800000000000000000e+01
7.500000000000000000e+01 5.000000000000000000e+00
7.600000000000000000e+01 1.700000000000000000e+01
7.700000000000000000e+01 4.000000000000000000e+00
7.800000000000000000e+01 1.000000000000000000e+01
7.900000000000000000e+01 8.000000000000000000e+00
8.000000000000000000e+01 1.200000000000000000e+01
8.100000000000000000e+01 3.000000000000000000e+00
8.200000000000000000e+01 8.000000000000000000e+00
8.300000000000000000e+01 1.000000000000000000e+00
8.400000000000000000e+01 5.000000000000000000e+00
8.500000000000000000e+01 3.000000000000000000e+00
8.600000000000000000e+01 6.000000000000000000e+00
8.700000000000000000e+01 7.000000000000000000e+00
8.800000000000000000e+01 6.000000000000000000e+00
8.900000000000000000e+01 3.000000000000000000e+00
9.000000000000000000e+01 3.000000000000000000e+00
9.100000000000000000e+01 3.000000000000000000e+00
9.200000000000000000e+01 3.000000000000000000e+00
9.300000000000000000e+01 3.000000000000000000e+00
9.400000000000000000e+01 1.000000000000000000e+00
9.500000000000000000e+01 3.000000000000000000e+00
9.600000000000000000e+01 5.000000000000000000e+00
9.800000000000000000e+01 2.000000000000000000e+00
9.900000000000000000e+01 1.000000000000000000e+00
1.000000000000000000e+02 1.000000000000000000e+00
1.010000000000000000e+02 1.000000000000000000e+00
1.030000000000000000e+02 2.000000000000000000e+00
1.040000000000000000e+02 1.000000000000000000e+00
1.670000000000000000e+02 1.000000000000000000e+00
2.040000000000000000e+02 1.000000000000000000e+00
9.460000000000000000e+02 1.000000000000000000e+00
