-4.000000000000000000e+00 6.000000000000000000e+00
-3.000000000000000000e+00 1.000000000000000000e+00
-2.000000000000000000e+00 1.300000000000000000e+01
-1.000000000000000000e+00 5.100000000000000000e+01
0.000000000000000000e+00 1.367000000000000000e+03
1.000000000000000000e+00 9.100000000000000000e+01
2.000000000000000000e+00 1.420000000000000000e+02
3.000000000000000000e+00 2.680000000000000000e+02
4.000000000000000000e+00 1.570000000000000000e+03
5.000000000000000000e+00 1.111100000000000000e+04
6.000000000000000000e+00 7.620200000000000000e+04
7.000000000000000000e+00 1.316570000000000000e+05
8.000000000000000000e+00 1.585900000000000000e+05
9.000000000000000000e+00 1.898550000000000000e+05
1.000000000000000000e+01 2.185530000000000000e+05
1.100000000000000000e+01 2.380370000000000000e+05
1.200000000000000000e+01 2.502680000000000000e+05
1.300000000000000000e+01 2.583770000000000000e+05
1.400000000000000000e+01 2.666960000000000000e+05
1.500000000000000000e+01 2.775230000000000000e+05
1.600000000000000000e+01 2.966600000000000000e+05
1.700000000000000000e+01 3.289220000000000000e+05
1.800000000000000000e+01 3.736880000000000000e+05
1.900000000000000000e+01 4.314770000000000000e+05
2.000000000000000000e+01 5.079750000000000000e+05
2.100000000000000000e+01 6.008170000000000000e+05
2.200000000000000000e+01 7.028920000000000000e+05
2.300000000000000000e+01 8.022420000000000000e+05
2.400000000000000000e+01 8.838060000000000000e+05
2.500000000000000000e+01 9.234420000000000000e+05
2.600000000000000000e+01 9.248590000000000000e+05
2.700000000000000000e+01 8.896480000000000000e+05
2.800000000000000000e+01 8.408070000000000000e+05
2.900000000000000000e+01 7.860430000000000000e+05
3.000000000000000000e+01 7.287860000000000000e+05
3.100000000000000000e+01 6.753250000000000000e+05
3.200000000000000000e+01 6.286450000000000000e+05
3.300000000000000000e+01 5.828440000000000000e+05
3.400000000000000000e+01 5.430730000000000000e+05
3.500000000000000000e+01 5.064070000000000000e+05
3.600000000000000000e+01 4.689840000000000000e+05
3.700000000000000000e+01 4.357740000000000000e+05
3.800000000000000000e+01 4.005940000000000000e+05
3.900000000000000000e+01 3.662500000000000000e+05
4.000000000000000000e+01 3.302460000000000000e+05
4.100000000000000000e+01 2.954870000000000000e+05
4.200000000000000000e+01 2.600440000000000000e+05
4.300000000000000000e+01 2.236030000000000000e+05
4.400000000000000000e+01 1.876410000000000000e+05
4.500000000000000000e+01 1.527270000000000000e+05
4.600000000000000000e+01 1.212740000000000000e+05
4.700000000000000000e+01 9.207500000000000000e+04
4.800000000000000000e+01 6.689200000000000000e+04
4.900000000000000000e+01 4.657500000000000000e+04
5.000000000000000000e+01 3.059500000000000000e+04
5.100000000000000000e+01 1.902000000000000000e+04
5.200000000000000000e+01 1.144000000000000000e+04
5.300000000000000000e+01 6.744000000000000000e+03
5.400000000000000000e+01 3.561000000000000000e+03
5.500000000000000000e+01 2.025000000000000000e+03
5.600000000000000000e+01 1.020000000000000000e+03
5.700000000000000000e+01 5.560000000000000000e+02
5.800000000000000000e+01 2.870000000000000000e+02
5.900000000000000000e+01 1.860000000000000000e+02
6.000000000000000000e+01 1.090000000000000000e+02
6.100000000000000000e+01 7.200000000000000000e+01
6.200000000000000000e+01 5.600000000000000000e+01
6.300000000000000000e+01 4.200000000000000000e+01
6.400000000000000000e+01 3.000000000000000000e+01
6.500000000000000000e+01 3.500000000000000000e+01
6.600000000000000000e+01 3.400000000000000000e+01
6.700000000000000000e+01 1.900000000000000000e+01
6.800000000000000000e+01 2.600000000000000000e+01
6.900000000000000000e+01 2.500000000000000000e+01
7.000000000000000000e+01 1.500000000000000000e+01
7.100000000000000000e+01 1.900000000000000000e+01
7.200000000000000000e+01 1.400000000000000000e+01
7.300000000000000000e+01 2.100000000000000000e+01
7.400000000000000000e+01 1.500000000000000000e+01
7.500000000000000000e+01 3.000000000000000000e+00
7.600000000000000000e+01 2.200000000000000000e+01
7.700000000000000000e+01 9.000000000000000000e+00
7.800000000000000000e+01 1.400000000000000000e+01
7.900000000000000000e+01 5.000000000000000000e+00
8.000000000000000000e+01 8.000000000000000000e+00
8.100000000000000000e+01 3.000000000000000000e+00
8.200000000000000000e+01 1.400000000000000000e+01
8.300000000000000000e+01 3.000000000000000000e+00
8.400000000000000000e+01 8.000000000000000000e+00
8.500000000000000000e+01 3.000000000000000000e+00
8.600000000000000000e+01 7.000000000000000000e+00
8.700000000000000000e+01 2.000000000000000000e+00
8.800000000000000000e+01 5.000000000000000000e+00
9.000000000000000000e+01 2.000000000000000000e+00
9.100000000000000000e+01 1.000000000000000000e+00
9.200000000000000000e+01 4.000000000000000000e+00
9.300000000000000000e+01 2.000000000000000000e+00
9.400000000000000000e+01 1.000000000000000000e+00
9.500000000000000000e+01 4.000000000000000000e+00
9.600000000000000000e+01 4.000000000000000000e+00
1.010000000000000000e+02 4.000000000000000000e+00
1.030000000000000000e+02 3.000000000000000000e+00
1.040000000000000000e+02 2.000000000000000000e+00
1.870000000000000000e+02 1.000000000000000000e+00
1.900000000000000000e+02 1.000000000000000000e+00
2.700000000000000000e+02 1.000000000000000000e+00
4.310000000000000000e+02 1.000000000000000000e+00
9.390000000000000000e+02 1.000000000000000000e+00
2.283000000000000000e+03 1.000000000000000000e+00
