-4.000000000000000000e+00 5.000000000000000000e+00
-3.000000000000000000e+00 6.000000000000000000e+00
-2.000000000000000000e+00 6.000000000000000000e+00
-1.000000000000000000e+00 2.300000000000000000e+01
0.000000000000000000e+00 1.341000000000000000e+03
1.000000000000000000e+00 5.900000000000000000e+01
2.000000000000000000e+00 7.300000000000000000e+01
3.000000000000000000e+00 1.560000000000000000e+02
4.000000000000000000e+00 1.014000000000000000e+03
5.000000000000000000e+00 6.567000000000000000e+03
6.000000000000000000e+00 4.346300000000000000e+04
7.000000000000000000e+00 7.476500000000000000e+04
8.000000000000000000e+00 8.670900000000000000e+04
9.000000000000000000e+00 9.772100000000000000e+04
1.000000000000000000e+01 1.076250000000000000e+05
1.100000000000000000e+01 1.109870000000000000e+05
1.200000000000000000e+01 1.120050000000000000e+05
1.300000000000000000e+01 1.161550000000000000e+05
1.400000000000000000e+01 1.261290000000000000e+05
1.500000000000000000e+01 1.470460000000000000e+05
1.600000000000000000e+01 1.796910000000000000e+05
1.700000000000000000e+01 2.297790000000000000e+05
1.800000000000000000e+01 2.934370000000000000e+05
1.900000000000000000e+01 3.700340000000000000e+05
2.000000000000000000e+01 4.572580000000000000e+05
2.100000000000000000e+01 5.548880000000000000e+05
2.200000000000000000e+01 6.584640000000000000e+05
2.300000000000000000e+01 7.505430000000000000e+05
2.400000000000000000e+01 8.240310000000000000e+05
2.500000000000000000e+01 8.610500000000000000e+05
2.600000000000000000e+01 8.567910000000000000e+05
2.700000000000000000e+01 8.179070000000000000e+05
2.800000000000000000e+01 7.571130000000000000e+05
2.900000000000000000e+01 6.827050000000000000e+05
3.000000000000000000e+01 6.031580000000000000e+05
3.100000000000000000e+01 5.213420000000000000e+05
3.200000000000000000e+01 4.422960000000000000e+05
3.300000000000000000e+01 3.659930000000000000e+05
3.400000000000000000e+01 2.968760000000000000e+05
3.500000000000000000e+01 2.323720000000000000e+05
3.600000000000000000e+01 1.739090000000000000e+05
3.700000000000000000e+01 1.242710000000000000e+05
3.800000000000000000e+01 8.294200000000000000e+04
3.900000000000000000e+01 5.320900000000000000e+04
4.000000000000000000e+01 3.105800000000000000e+04
4.100000000000000000e+01 1.670400000000000000e+04
4.200000000000000000e+01 8.283000000000000000e+03
4.300000000000000000e+01 3.818000000000000000e+03
4.400000000000000000e+01 1.749000000000000000e+03
4.500000000000000000e+01 6.640000000000000000e+02
4.600000000000000000e+01 3.200000000000000000e+02
4.700000000000000000e+01 1.590000000000000000e+02
4.800000000000000000e+01 7.300000000000000000e+01
4.900000000000000000e+01 5.100000000000000000e+01
5.000000000000000000e+01 2.800000000000000000e+01
5.100000000000000000e+01 3.800000000000000000e+01
5.200000000000000000e+01 2.400000000000000000e+01
5.300000000000000000e+01 2.800000000000000000e+01
5.400000000000000000e+01 1.300000000000000000e+01
5.500000000000000000e+01 2.400000000000000000e+01
5.600000000000000000e+01 1.000000000000000000e+01
5.700000000000000000e+01 2.600000000000000000e+01
5.800000000000000000e+01 9.000000000000000000e+00
5.900000000000000000e+01 2.100000000000000000e+01
6.000000000000000000e+01 1.600000000000000000e+01
6.100000000000000000e+01 1.800000000000000000e+01
6.200000000000000000e+01 8.000000000000000000e+00
6.300000000000000000e+01 1.900000000000000000e+01
6.400000000000000000e+01 1.200000000000000000e+01
6.500000000000000000e+01 1.500000000000000000e+01
6.600000000000000000e+01 6.000000000000000000e+00
6.700000000000000000e+01 6.000000000000000000e+00
6.800000000000000000e+01 5.000000000000000000e+00
6.900000000000000000e+01 8.000000000000000000e+00
7.000000000000000000e+01 7.000000000000000000e+00
7.100000000000000000e+01 3.000000000000000000e+00
7.200000000000000000e+01 1.000000000000000000e+00
7.300000000000000000e+01 5.000000000000000000e+00
7.400000000000000000e+01 3.000000000000000000e+00
7.500000000000000000e+01 1.000000000000000000e+00
7.600000000000000000e+01 2.000000000000000000e+00
7.700000000000000000e+01 3.000000000000000000e+00
7.800000000000000000e+01 1.000000000000000000e+00
7.900000000000000000e+01 2.000000000000000000e+00
8.000000000000000000e+01 1.000000000000000000e+00
8.200000000000000000e+01 1.000000000000000000e+00
8.500000000000000000e+01 1.000000000000000000e+00
8.600000000000000000e+01 1.000000000000000000e+00
9.700000000000000000e+01 1.000000000000000000e+00
1.140000000000000000e+02 1.000000000000000000e+00
1.230000000000000000e+02 1.000000000000000000e+00
1.240000000000000000e+02 1.000000000000000000e+00
1.370000000000000000e+02 1.000000000000000000e+00
1.540000000000000000e+02 1.000000000000000000e+00
1.740000000000000000e+02 1.000000000000000000e+00
2.120000000000000000e+02 1.000000000000000000e+00
2.250000000000000000e+02 1.000000000000000000e+00
2.710000000000000000e+02 1.000000000000000000e+00
1.478000000000000000e+03 1.000000000000000000e+00
