-4.000000000000000000e+00 1.000000000000000000e+00
-3.000000000000000000e+00 3.000000000000000000e+00
-2.000000000000000000e+00 1.700000000000000000e+01
-1.000000000000000000e+00 2.500000000000000000e+01
0.000000000000000000e+00 1.353000000000000000e+03
1.000000000000000000e+00 8.000000000000000000e+01
2.000000000000000000e+00 1.010000000000000000e+02
3.000000000000000000e+00 1.690000000000000000e+02
4.000000000000000000e+00 9.650000000000000000e+02
5.000000000000000000e+00 4.761000000000000000e+03
6.000000000000000000e+00 2.607200000000000000e+04
7.000000000000000000e+00 4.826300000000000000e+04
8.000000000000000000e+00 6.778000000000000000e+04
9.000000000000000000e+00 9.651700000000000000e+04
1.000000000000000000e+01 1.354680000000000000e+05
1.100000000000000000e+01 1.880050000000000000e+05
1.200000000000000000e+01 2.585100000000000000e+05
1.300000000000000000e+01 3.521750000000000000e+05
1.400000000000000000e+01 4.762410000000000000e+05
1.500000000000000000e+01 6.300920000000000000e+05
1.600000000000000000e+01 8.226750000000000000e+05
1.700000000000000000e+01 1.061408000000000000e+06
1.800000000000000000e+01 1.323476000000000000e+06
1.900000000000000000e+01 1.587709000000000000e+06
2.000000000000000000e+01 1.832048000000000000e+06
2.100000000000000000e+01 2.035523000000000000e+06
2.200000000000000000e+01 2.177147000000000000e+06
2.300000000000000000e+01 2.214040000000000000e+06
2.400000000000000000e+01 2.146549000000000000e+06
2.500000000000000000e+01 1.960241000000000000e+06
2.600000000000000000e+01 1.678705000000000000e+06
2.700000000000000000e+01 1.337885000000000000e+06
2.800000000000000000e+01 9.798250000000000000e+05
2.900000000000000000e+01 6.504740000000000000e+05
3.000000000000000000e+01 3.833510000000000000e+05
3.100000000000000000e+01 2.025950000000000000e+05
3.200000000000000000e+01 9.376800000000000000e+04
3.300000000000000000e+01 3.938400000000000000e+04
3.400000000000000000e+01 1.531700000000000000e+04
3.500000000000000000e+01 5.822000000000000000e+03
3.600000000000000000e+01 2.048000000000000000e+03
3.700000000000000000e+01 7.990000000000000000e+02
3.800000000000000000e+01 3.700000000000000000e+02
3.900000000000000000e+01 1.480000000000000000e+02
4.000000000000000000e+01 1.340000000000000000e+02
4.100000000000000000e+01 9.400000000000000000e+01
4.200000000000000000e+01 8.600000000000000000e+01
4.300000000000000000e+01 9.200000000000000000e+01
4.400000000000000000e+01 8.200000000000000000e+01
4.500000000000000000e+01 6.400000000000000000e+01
4.600000000000000000e+01 7.600000000000000000e+01
4.700000000000000000e+01 5.500000000000000000e+01
4.800000000000000000e+01 3.500000000000000000e+01
4.900000000000000000e+01 1.030000000000000000e+02
5.000000000000000000e+01 2.100000000000000000e+01
5.100000000000000000e+01 5.700000000000000000e+01
5.200000000000000000e+01 2.700000000000000000e+01
5.300000000000000000e+01 6.000000000000000000e+01
5.400000000000000000e+01 1.200000000000000000e+01
5.500000000000000000e+01 4.600000000000000000e+01
5.600000000000000000e+01 1.300000000000000000e+01
5.700000000000000000e+01 3.300000000000000000e+01
5.800000000000000000e+01 5.000000000000000000e+00
5.900000000000000000e+01 1.700000000000000000e+01
6.000000000000000000e+01 6.000000000000000000e+00
6.100000000000000000e+01 1.800000000000000000e+01
6.200000000000000000e+01 4.000000000000000000e+00
6.300000000000000000e+01 6.000000000000000000e+00
6.400000000000000000e+01 5.000000000000000000e+00
6.500000000000000000e+01 4.000000000000000000e+00
6.600000000000000000e+01 3.000000000000000000e+00
6.700000000000000000e+01 2.000000000000000000e+00
6.800000000000000000e+01 1.000000000000000000e+00
6.900000000000000000e+01 3.000000000000000000e+00
7.000000000000000000e+01 1.000000000000000000e+00
7.100000000000000000e+01 1.000000000000000000e+00
7.300000000000000000e+01 1.000000000000000000e+00
7.700000000000000000e+01 1.000000000000000000e+00
8.000000000000000000e+01 1.000000000000000000e+00
8.400000000000000000e+01 2.000000000000000000e+00
9.300000000000000000e+01 1.000000000000000000e+00
1.020000000000000000e+02 1.000000000000000000e+00
1.060000000000000000e+02 1.000000000000000000e+00
1.160000000000000000e+02 1.000000000000000000e+00
1.220000000000000000e+02 1.000000000000000000e+00
1.300000000000000000e+02 1.000000000000000000e+00
1.340000000000000000e+02 1.000000000000000000e+00
1.360000000000000000e+02 1.000000000000000000e+00
1.390000000000000000e+02 1.000000000000000000e+00
1.620000000000000000e+02 1.000000000000000000e+00
1.750000000000000000e+02 1.000000000000000000e+00
1.830000000000000000e+02 1.000000000000000000e+00
1.860000000000000000e+02 1.000000000000000000e+00
2.120000000000000000e+02 1.000000000000000000e+00
2.130000000000000000e+02 1.000000000000000000e+00
2.560000000000000000e+02 1.000000000000000000e+00
3.450000000000000000e+02 1.000000000000000000e+00
5.660000000000000000e+02 1.000000000000000000e+00
5.730000000000000000e+02 1.000000000000000000e+00
7.760000000000000000e+02 1.000000000000000000e+00
8.140000000000000000e+02 1.000000000000000000e+00
9.290000000000000000e+02 1.000000000000000000e+00
1.095000000000000000e+03 1.000000000000000000e+00
1.261000000000000000e+03 1.000000000000000000e+00
1.267000000000000000e+03 1.000000000000000000e+00
1.327000000000000000e+03 1.000000000000000000e+00
