-4.000000000000000000e+00 2.000000000000000000e+00
-3.000000000000000000e+00 2.000000000000000000e+00
-2.000000000000000000e+00 5.000000000000000000e+00
-1.000000000000000000e+00 2.900000000000000000e+01
0.000000000000000000e+00 1.332000000000000000e+03
1.000000000000000000e+00 6.300000000000000000e+01
2.000000000000000000e+00 9.200000000000000000e+01
3.000000000000000000e+00 1.470000000000000000e+02
4.000000000000000000e+00 1.027000000000000000e+03
5.000000000000000000e+00 6.655000000000000000e+03
6.000000000000000000e+00 4.384500000000000000e+04
7.000000000000000000e+00 7.520000000000000000e+04
8.000000000000000000e+00 8.686500000000000000e+04
9.000000000000000000e+00 9.919700000000000000e+04
1.000000000000000000e+01 1.076840000000000000e+05
1.100000000000000000e+01 1.117150000000000000e+05
1.200000000000000000e+01 1.122860000000000000e+05
1.300000000000000000e+01 1.169480000000000000e+05
1.400000000000000000e+01 1.281380000000000000e+05
1.500000000000000000e+01 1.490170000000000000e+05
1.600000000000000000e+01 1.825360000000000000e+05
1.700000000000000000e+01 2.327720000000000000e+05
1.800000000000000000e+01 2.964320000000000000e+05
1.900000000000000000e+01 3.748730000000000000e+05
2.000000000000000000e+01 4.625750000000000000e+05
2.100000000000000000e+01 5.623910000000000000e+05
2.200000000000000000e+01 6.657180000000000000e+05
2.300000000000000000e+01 7.564190000000000000e+05
2.400000000000000000e+01 8.297540000000000000e+05
2.500000000000000000e+01 8.681860000000000000e+05
2.600000000000000000e+01 8.626630000000000000e+05
2.700000000000000000e+01 8.242870000000000000e+05
2.800000000000000000e+01 7.615600000000000000e+05
2.900000000000000000e+01 6.862790000000000000e+05
3.000000000000000000e+01 6.054210000000000000e+05
3.100000000000000000e+01 5.248740000000000000e+05
3.200000000000000000e+01 4.442510000000000000e+05
3.300000000000000000e+01 3.680600000000000000e+05
3.400000000000000000e+01 2.979380000000000000e+05
3.500000000000000000e+01 2.329760000000000000e+05
3.600000000000000000e+01 1.733170000000000000e+05
3.700000000000000000e+01 1.230900000000000000e+05
3.800000000000000000e+01 8.300200000000000000e+04
3.900000000000000000e+01 5.271700000000000000e+04
4.000000000000000000e+01 3.090400000000000000e+04
4.100000000000000000e+01 1.647400000000000000e+04
4.200000000000000000e+01 8.159000000000000000e+03
4.300000000000000000e+01 3.885000000000000000e+03
4.400000000000000000e+01 1.690000000000000000e+03
4.500000000000000000e+01 6.920000000000000000e+02
4.600000000000000000e+01 3.490000000000000000e+02
4.700000000000000000e+01 1.740000000000000000e+02
4.800000000000000000e+01 8.400000000000000000e+01
4.900000000000000000e+01 5.800000000000000000e+01
5.000000000000000000e+01 3.100000000000000000e+01
5.100000000000000000e+01 2.800000000000000000e+01
5.200000000000000000e+01 2.700000000000000000e+01
5.300000000000000000e+01 3.600000000000000000e+01
5.400000000000000000e+01 2.000000000000000000e+01
5.500000000000000000e+01 3.400000000000000000e+01
5.600000000000000000e+01 1.900000000000000000e+01
5.700000000000000000e+01 2.100000000000000000e+01
5.800000000000000000e+01 1.100000000000000000e+01
5.900000000000000000e+01 2.000000000000000000e+01
6.000000000000000000e+01 5.000000000000000000e+00
6.100000000000000000e+01 2.600000000000000000e+01
6.200000000000000000e+01 4.000000000000000000e+00
6.300000000000000000e+01 1.800000000000000000e+01
6.400000000000000000e+01 1.200000000000000000e+01
6.500000000000000000e+01 1.000000000000000000e+01
6.600000000000000000e+01 7.000000000000000000e+00
6.700000000000000000e+01 7.000000000000000000e+00
6.800000000000000000e+01 5.000000000000000000e+00
6.900000000000000000e+01 6.000000000000000000e+00
7.000000000000000000e+01 3.000000000000000000e+00
7.100000000000000000e+01 6.000000000000000000e+00
7.200000000000000000e+01 6.000000000000000000e+00
7.300000000000000000e+01 4.000000000000000000e+00
7.400000000000000000e+01 3.000000000000000000e+00
7.500000000000000000e+01 2.000000000000000000e+00
7.600000000000000000e+01 5.000000000000000000e+00
7.800000000000000000e+01 2.000000000000000000e+00
7.900000000000000000e+01 1.000000000000000000e+00
8.000000000000000000e+01 2.000000000000000000e+00
8.100000000000000000e+01 1.000000000000000000e+00
8.400000000000000000e+01 1.000000000000000000e+00
8.700000000000000000e+01 1.000000000000000000e+00
9.400000000000000000e+01 1.000000000000000000e+00
9.500000000000000000e+01 1.000000000000000000e+00
1.200000000000000000e+02 1.000000000000000000e+00
1.590000000000000000e+02 1.000000000000000000e+00
1.680000000000000000e+02 1.000000000000000000e+00
1.920000000000000000e+02 1.000000000000000000e+00
2.180000000000000000e+02 1.000000000000000000e+00
2.530000000000000000e+02 1.000000000000000000e+00
3.950000000000000000e+02 1.000000000000000000e+00
