-4.000000000000000000e+00 1.000000000000000000e+00
-3.000000000000000000e+00 4.000000000000000000e+00
-2.000000000000000000e+00 1.300000000000000000e+01
-1.000000000000000000e+00 6.000000000000000000e+01
0.000000000000000000e+00 1.359000000000000000e+03
1.000000000000000000e+00 1.240000000000000000e+02
2.000000000000000000e+00 1.650000000000000000e+02
3.000000000000000000e+00 2.460000000000000000e+02
4.000000000000000000e+00 1.620000000000000000e+03
5.000000000000000000e+00 1.124700000000000000e+04
6.000000000000000000e+00 7.590000000000000000e+04
7.000000000000000000e+00 1.322760000000000000e+05
8.000000000000000000e+00 1.594810000000000000e+05
9.000000000000000000e+00 1.890320000000000000e+05
1.000000000000000000e+01 2.184040000000000000e+05
1.100000000000000000e+01 2.380690000000000000e+05
1.200000000000000000e+01 2.501460000000000000e+05
1.300000000000000000e+01 2.590680000000000000e+05
1.400000000000000000e+01 2.665870000000000000e+05
1.500000000000000000e+01 2.777480000000000000e+05
1.600000000000000000e+01 2.967370000000000000e+05
1.700000000000000000e+01 3.288930000000000000e+05
1.800000000000000000e+01 3.741170000000000000e+05
1.900000000000000000e+01 4.334420000000000000e+05
2.000000000000000000e+01 5.081920000000000000e+05
2.100000000000000000e+01 6.014370000000000000e+05
2.200000000000000000e+01 7.061700000000000000e+05
2.300000000000000000e+01 8.005190000000000000e+05
2.400000000000000000e+01 8.837290000000000000e+05
2.500000000000000000e+01 9.233110000000000000e+05
2.600000000000000000e+01 9.233490000000000000e+05
2.700000000000000000e+01 8.876040000000000000e+05
2.800000000000000000e+01 8.392210000000000000e+05
2.900000000000000000e+01 7.847210000000000000e+05
3.000000000000000000e+01 7.276700000000000000e+05
3.100000000000000000e+01 6.745800000000000000e+05
3.200000000000000000e+01 6.253760000000000000e+05
3.300000000000000000e+01 5.805500000000000000e+05
3.400000000000000000e+01 5.430770000000000000e+05
3.500000000000000000e+01 5.045600000000000000e+05
3.600000000000000000e+01 4.699610000000000000e+05
3.700000000000000000e+01 4.330150000000000000e+05
3.800000000000000000e+01 3.996940000000000000e+05
3.900000000000000000e+01 3.655300000000000000e+05
4.000000000000000000e+01 3.304920000000000000e+05
4.100000000000000000e+01 2.946320000000000000e+05
4.200000000000000000e+01 2.592370000000000000e+05
4.300000000000000000e+01 2.221680000000000000e+05
4.400000000000000000e+01 1.872750000000000000e+05
4.500000000000000000e+01 1.522090000000000000e+05
4.600000000000000000e+01 1.198270000000000000e+05
4.700000000000000000e+01 9.072500000000000000e+04
4.800000000000000000e+01 6.656500000000000000e+04
4.900000000000000000e+01 4.580100000000000000e+04
5.000000000000000000e+01 3.035300000000000000e+04
5.100000000000000000e+01 1.879400000000000000e+04
5.200000000000000000e+01 1.129900000000000000e+04
5.300000000000000000e+01 6.465000000000000000e+03
5.400000000000000000e+01 3.544000000000000000e+03
5.500000000000000000e+01 1.940000000000000000e+03
5.600000000000000000e+01 9.120000000000000000e+02
5.700000000000000000e+01 4.800000000000000000e+02
5.800000000000000000e+01 2.900000000000000000e+02
5.900000000000000000e+01 1.490000000000000000e+02
6.000000000000000000e+01 7.300000000000000000e+01
6.100000000000000000e+01 7.000000000000000000e+01
6.200000000000000000e+01 3.900000000000000000e+01
6.300000000000000000e+01 5.800000000000000000e+01
6.400000000000000000e+01 2.500000000000000000e+01
6.500000000000000000e+01 3.400000000000000000e+01
6.600000000000000000e+01 2.700000000000000000e+01
6.700000000000000000e+01 2.500000000000000000e+01
6.800000000000000000e+01 2.300000000000000000e+01
6.900000000000000000e+01 2.100000000000000000e+01
7.000000000000000000e+01 2.700000000000000000e+01
7.100000000000000000e+01 3.000000000000000000e+01
7.200000000000000000e+01 1.300000000000000000e+01
7.300000000000000000e+01 1.700000000000000000e+01
7.400000000000000000e+01 9.000000000000000000e+00
7.500000000000000000e+01 1.200000000000000000e+01
7.600000000000000000e+01 1.300000000000000000e+01
7.700000000000000000e+01 6.000000000000000000e+00
7.800000000000000000e+01 2.300000000000000000e+01
7.900000000000000000e+01 4.000000000000000000e+00
8.000000000000000000e+01 1.200000000000000000e+01
8.100000000000000000e+01 8.000000000000000000e+00
8.200000000000000000e+01 1.800000000000000000e+01
8.300000000000000000e+01 3.000000000000000000e+00
8.400000000000000000e+01 1.100000000000000000e+01
8.500000000000000000e+01 1.000000000000000000e+00
8.600000000000000000e+01 7.000000000000000000e+00
8.700000000000000000e+01 2.000000000000000000e+00
8.800000000000000000e+01 5.000000000000000000e+00
8.900000000000000000e+01 1.000000000000000000e+00
9.000000000000000000e+01 4.000000000000000000e+00
9.100000000000000000e+01 3.000000000000000000e+00
9.200000000000000000e+01 3.000000000000000000e+00
9.300000000000000000e+01 4.000000000000000000e+00
9.400000000000000000e+01 3.000000000000000000e+00
9.500000000000000000e+01 2.000000000000000000e+00
9.600000000000000000e+01 1.000000000000000000e+00
9.700000000000000000e+01 3.000000000000000000e+00
9.900000000000000000e+01 4.000000000000000000e+00
1.010000000000000000e+02 1.000000000000000000e+00
1.020000000000000000e+02 1.000000000000000000e+00
1.030000000000000000e+02 1.000000000000000000e+00
1.050000000000000000e+02 1.000000000000000000e+00
1.070000000000000000e+02 1.000000000000000000e+00
1.080000000000000000e+02 1.000000000000000000e+00
1.090000000000000000e+02 1.000000000000000000e+00
1.120000000000000000e+02 1.000000000000000000e+00
1.310000000000000000e+02 1.000000000000000000e+00
2.120000000000000000e+02 1.000000000000000000e+00
2.230000000000000000e+02 1.000000000000000000e+00
2.270000000000000000e+02 1.000000000000000000e+00
2.480000000000000000e+02 1.000000000000000000e+00
2.500000000000000000e+02 1.000000000000000000e+00
2.980000000000000000e+02 1.000000000000000000e+00
3.020000000000000000e+02 1.000000000000000000e+00
4.780000000000000000e+02 1.000000000000000000e+00
9.310000000000000000e+02 1.000000000000000000e+00
1.067000000000000000e+03 1.000000000000000000e+00
1.137000000000000000e+03 1.000000000000000000e+00
