-4.000000000000000000e+00 2.000000000000000000e+00
-3.000000000000000000e+00 2.000000000000000000e+00
-2.000000000000000000e+00 9.000000000000000000e+00
-1.000000000000000000e+00 3.400000000000000000e+01
0.000000000000000000e+00 1.333000000000000000e+03
1.000000000000000000e+00 5.700000000000000000e+01
2.000000000000000000e+00 6.700000000000000000e+01
3.000000000000000000e+00 1.700000000000000000e+02
4.000000000000000000e+00 1.012000000000000000e+03
5.000000000000000000e+00 6.576000000000000000e+03
6.000000000000000000e+00 4.395400000000000000e+04
7.000000000000000000e+00 7.435600000000000000e+04
8.000000000000000000e+00 8.735300000000000000e+04
9.000000000000000000e+00 9.845200000000000000e+04
1.000000000000000000e+01 1.080770000000000000e+05
1.100000000000000000e+01 1.120160000000000000e+05
1.200000000000000000e+01 1.122960000000000000e+05
1.300000000000000000e+01 1.166140000000000000e+05
1.400000000000000000e+01 1.272570000000000000e+05
1.500000000000000000e+01 1.485530000000000000e+05
1.600000000000000000e+01 1.816990000000000000e+05
1.700000000000000000e+01 2.307610000000000000e+05
1.800000000000000000e+01 2.950250000000000000e+05
1.900000000000000000e+01 3.720740000000000000e+05
2.000000000000000000e+01 4.609600000000000000e+05
2.100000000000000000e+01 5.573180000000000000e+05
2.200000000000000000e+01 6.631400000000000000e+05
2.300000000000000000e+01 7.542720000000000000e+05
2.400000000000000000e+01 8.290220000000000000e+05
2.500000000000000000e+01 8.651110000000000000e+05
2.600000000000000000e+01 8.610620000000000000e+05
2.700000000000000000e+01 8.224090000000000000e+05
2.800000000000000000e+01 7.610160000000000000e+05
2.900000000000000000e+01 6.846840000000000000e+05
3.000000000000000000e+01 6.048740000000000000e+05
3.100000000000000000e+01 5.236050000000000000e+05
3.200000000000000000e+01 4.440290000000000000e+05
3.300000000000000000e+01 3.680240000000000000e+05
3.400000000000000000e+01 2.993680000000000000e+05
3.500000000000000000e+01 2.336170000000000000e+05
3.600000000000000000e+01 1.751980000000000000e+05
3.700000000000000000e+01 1.242180000000000000e+05
3.800000000000000000e+01 8.341000000000000000e+04
3.900000000000000000e+01 5.260800000000000000e+04
4.000000000000000000e+01 3.103100000000000000e+04
4.100000000000000000e+01 1.675300000000000000e+04
4.200000000000000000e+01 8.406000000000000000e+03
4.300000000000000000e+01 3.930000000000000000e+03
4.400000000000000000e+01 1.722000000000000000e+03
4.500000000000000000e+01 7.380000000000000000e+02
4.600000000000000000e+01 3.640000000000000000e+02
4.700000000000000000e+01 1.540000000000000000e+02
4.800000000000000000e+01 6.600000000000000000e+01
4.900000000000000000e+01 6.500000000000000000e+01
5.000000000000000000e+01 2.600000000000000000e+01
5.100000000000000000e+01 4.300000000000000000e+01
5.200000000000000000e+01 2.000000000000000000e+01
5.300000000000000000e+01 3.500000000000000000e+01
5.400000000000000000e+01 1.100000000000000000e+01
5.500000000000000000e+01 2.200000000000000000e+01
5.600000000000000000e+01 1.800000000000000000e+01
5.700000000000000000e+01 1.900000000000000000e+01
5.800000000000000000e+01 1.200000000000000000e+01
5.900000000000000000e+01 2.800000000000000000e+01
6.000000000000000000e+01 3.000000000000000000e+00
6.100000000000000000e+01 1.500000000000000000e+01
6.200000000000000000e+01 7.000000000000000000e+00
6.300000000000000000e+01 1.600000000000000000e+01
6.400000000000000000e+01 1.300000000000000000e+01
6.500000000000000000e+01 1.100000000000000000e+01
6.600000000000000000e+01 8.000000000000000000e+00
6.700000000000000000e+01 9.000000000000000000e+00
6.800000000000000000e+01 8.000000000000000000e+00
6.900000000000000000e+01 1.000000000000000000e+01
7.000000000000000000e+01 4.000000000000000000e+00
7.100000000000000000e+01 8.000000000000000000e+00
7.200000000000000000e+01 1.000000000000000000e+00
7.300000000000000000e+01 2.000000000000000000e+00
7.400000000000000000e+01 5.000000000000000000e+00
7.600000000000000000e+01 3.000000000000000000e+00
7.700000000000000000e+01 2.000000000000000000e+00
7.800000000000000000e+01 3.000000000000000000e+00
7.900000000000000000e+01 1.000000000000000000e+00
8.000000000000000000e+01 2.000000000000000000e+00
8.200000000000000000e+01 1.000000000000000000e+00
8.900000000000000000e+01 2.000000000000000000e+00
9.900000000000000000e+01 1.000000000000000000e+00
1.170000000000000000e+02 1.000000000000000000e+00
1.290000000000000000e+02 1.000000000000000000e+00
1.430000000000000000e+02 1.000000000000000000e+00
1.460000000000000000e+02 1.000000000000000000e+00
1.520000000000000000e+02 1.000000000000000000e+00
1.560000000000000000e+02 1.000000000000000000e+00
1.620000000000000000e+02 1.000000000000000000e+00
2.530000000000000000e+02 1.000000000000000000e+00
2.620000000000000000e+02 1.000000000000000000e+00
2.700000000000000000e+02 1.000000000000000000e+00
6.770000000000000000e+02 1.000000000000000000e+00
4.447000000000000000e+03 1.000000000000000000e+00
