-4.000000000000000000e+00 1.000000000000000000e+00
-3.000000000000000000e+00 3.000000000000000000e+00
-2.000000000000000000e+00 3.000000000000000000e+00
-1.000000000000000000e+00 1.000000000000000000e+01
0.000000000000000000e+00 1.321000000000000000e+03
1.000000000000000000e+00 3.700000000000000000e+01
2.000000000000000000e+00 4.500000000000000000e+01
3.000000000000000000e+00 7.000000000000000000e+01
4.000000000000000000e+00 6.690000000000000000e+02
5.000000000000000000e+00 3.020000000000000000e+03
6.000000000000000000e+00 1.423800000000000000e+04
7.000000000000000000e+00 2.619800000000000000e+04
8.000000000000000000e+00 3.688700000000000000e+04
9.000000000000000000e+00 5.247900000000000000e+04
1.000000000000000000e+01 7.397300000000000000e+04
1.100000000000000000e+01 1.020470000000000000e+05
1.200000000000000000e+01 1.400210000000000000e+05
1.300000000000000000e+01 1.910660000000000000e+05
1.400000000000000000e+01 2.573580000000000000e+05
1.500000000000000000e+01 3.419620000000000000e+05
1.600000000000000000e+01 4.465430000000000000e+05
1.700000000000000000e+01 5.750910000000000000e+05
1.800000000000000000e+01 7.193180000000000000e+05
1.900000000000000000e+01 8.651670000000000000e+05
2.000000000000000000e+01 9.993030000000000000e+05
2.100000000000000000e+01 1.114015000000000000e+06
2.200000000000000000e+01 1.199056000000000000e+06
2.300000000000000000e+01 1.228027000000000000e+06
2.400000000000000000e+01 1.201198000000000000e+06
2.500000000000000000e+01 1.104671000000000000e+06
2.600000000000000000e+01 9.514350000000000000e+05
2.700000000000000000e+01 7.623920000000000000e+05
2.800000000000000000e+01 5.609320000000000000e+05
2.900000000000000000e+01 3.735380000000000000e+05
3.000000000000000000e+01 2.217740000000000000e+05
3.100000000000000000e+01 1.170780000000000000e+05
3.200000000000000000e+01 5.436000000000000000e+04
3.300000000000000000e+01 2.265800000000000000e+04
3.400000000000000000e+01 8.783000000000000000e+03
3.500000000000000000e+01 3.283000000000000000e+03
3.600000000000000000e+01 1.161000000000000000e+03
3.700000000000000000e+01 4.560000000000000000e+02
3.800000000000000000e+01 1.810000000000000000e+02
3.900000000000000000e+01 7.900000000000000000e+01
4.000000000000000000e+01 5.000000000000000000e+01
4.100000000000000000e+01 4.300000000000000000e+01
4.200000000000000000e+01 3.100000000000000000e+01
4.300000000000000000e+01 3.400000000000000000e+01
4.400000000000000000e+01 2.400000000000000000e+01
4.500000000000000000e+01 1.600000000000000000e+01
4.600000000000000000e+01 2.400000000000000000e+01
4.700000000000000000e+01 2.200000000000000000e+01
4.800000000000000000e+01 1.000000000000000000e+01
4.900000000000000000e+01 1.700000000000000000e+01
5.000000000000000000e+01 6.000000000000000000e+00
5.100000000000000000e+01 1.400000000000000000e+01
5.200000000000000000e+01 8.000000000000000000e+00
5.300000000000000000e+01 2.100000000000000000e+01
5.400000000000000000e+01 5.000000000000000000e+00
5.500000000000000000e+01 1.300000000000000000e+01
5.600000000000000000e+01 2.000000000000000000e+00
5.700000000000000000e+01 1.400000000000000000e+01
5.800000000000000000e+01 2.000000000000000000e+00
5.900000000000000000e+01 9.000000000000000000e+00
6.000000000000000000e+01 2.000000000000000000e+00
6.100000000000000000e+01 7.000000000000000000e+00
6.300000000000000000e+01 3.000000000000000000e+00
6.400000000000000000e+01 2.000000000000000000e+00
6.500000000000000000e+01 1.000000000000000000e+00
6.600000000000000000e+01 1.000000000000000000e+00
6.700000000000000000e+01 1.000000000000000000e+00
6.900000000000000000e+01 1.000000000000000000e+00
7.000000000000000000e+01 2.000000000000000000e+00
7.200000000000000000e+01 1.000000000000000000e+00
7.300000000000000000e+01 1.000000000000000000e+00
7.400000000000000000e+01 1.000000000000000000e+00
7.500000000000000000e+01 1.000000000000000000e+00
1.130000000000000000e+02 1.000000000000000000e+00
1.490000000000000000e+02 1.000000000000000000e+00
1.900000000000000000e+02 1.000000000000000000e+00
1.960000000000000000e+02 1.000000000000000000e+00
2.340000000000000000e+02 1.000000000000000000e+00
2.410000000000000000e+02 1.000000000000000000e+00
2.890000000000000000e+02 1.000000000000000000e+00
3.090000000000000000e+02 2.000000000000000000e+00
3.240000000000000000e+02 1.000000000000000000e+00
1.457000000000000000e+03 1.000000000000000000e+00
