-4.000000000000000000e+00 3.000000000000000000e+00
-3.000000000000000000e+00 5.000000000000000000e+00
-2.000000000000000000e+00 1.000000000000000000e+01
-1.000000000000000000e+00 3.300000000000000000e+01
0.000000000000000000e+00 1.346000000000000000e+03
1.000000000000000000e+00 8.300000000000000000e+01
2.000000000000000000e+00 1.220000000000000000e+02
3.000000000000000000e+00 1.730000000000000000e+02
4.000000000000000000e+00 1.015000000000000000e+03
5.000000000000000000e+00 4.735000000000000000e+03
6.000000000000000000e+00 2.653900000000000000e+04
7.000000000000000000e+00 4.886800000000000000e+04
8.000000000000000000e+00 6.885000000000000000e+04
9.000000000000000000e+00 9.853900000000000000e+04
1.000000000000000000e+01 1.379400000000000000e+05
1.100000000000000000e+01 1.913980000000000000e+05
1.200000000000000000e+01 2.613760000000000000e+05
1.300000000000000000e+01 3.565140000000000000e+05
1.400000000000000000e+01 4.829490000000000000e+05
1.500000000000000000e+01 6.375740000000000000e+05
1.600000000000000000e+01 8.342170000000000000e+05
1.700000000000000000e+01 1.074874000000000000e+06
1.800000000000000000e+01 1.341330000000000000e+06
1.900000000000000000e+01 1.611334000000000000e+06
2.000000000000000000e+01 1.850080000000000000e+06
2.100000000000000000e+01 2.055664000000000000e+06
2.200000000000000000e+01 2.197395000000000000e+06
2.300000000000000000e+01 2.231394000000000000e+06
2.400000000000000000e+01 2.166409000000000000e+06
2.500000000000000000e+01 1.973463000000000000e+06
2.600000000000000000e+01 1.689081000000000000e+06
2.700000000000000000e+01 1.344800000000000000e+06
2.800000000000000000e+01 9.812460000000000000e+05
2.900000000000000000e+01 6.498230000000000000e+05
3.000000000000000000e+01 3.849210000000000000e+05
3.100000000000000000e+01 2.010800000000000000e+05
3.200000000000000000e+01 9.337100000000000000e+04
3.300000000000000000e+01 3.916600000000000000e+04
3.400000000000000000e+01 1.544000000000000000e+04
3.500000000000000000e+01 5.795000000000000000e+03
3.600000000000000000e+01 2.106000000000000000e+03
3.700000000000000000e+01 8.140000000000000000e+02
3.800000000000000000e+01 3.480000000000000000e+02
3.900000000000000000e+01 1.730000000000000000e+02
4.000000000000000000e+01 1.350000000000000000e+02
4.100000000000000000e+01 1.230000000000000000e+02
4.200000000000000000e+01 1.080000000000000000e+02
4.300000000000000000e+01 9.300000000000000000e+01
4.400000000000000000e+01 6.600000000000000000e+01
4.500000000000000000e+01 6.400000000000000000e+01
4.600000000000000000e+01 8.200000000000000000e+01
4.700000000000000000e+01 6.900000000000000000e+01
4.800000000000000000e+01 2.300000000000000000e+01
4.900000000000000000e+01 9.200000000000000000e+01
5.000000000000000000e+01 2.300000000000000000e+01
5.100000000000000000e+01 5.600000000000000000e+01
5.200000000000000000e+01 2.300000000000000000e+01
5.300000000000000000e+01 6.900000000000000000e+01
5.400000000000000000e+01 1.200000000000000000e+01
5.500000000000000000e+01 3.400000000000000000e+01
5.600000000000000000e+01 1.000000000000000000e+01
5.700000000000000000e+01 2.900000000000000000e+01
5.800000000000000000e+01 7.000000000000000000e+00
5.900000000000000000e+01 2.200000000000000000e+01
6.000000000000000000e+01 4.000000000000000000e+00
6.100000000000000000e+01 1.700000000000000000e+01
6.200000000000000000e+01 3.000000000000000000e+00
6.300000000000000000e+01 6.000000000000000000e+00
6.400000000000000000e+01 2.000000000000000000e+00
6.500000000000000000e+01 3.000000000000000000e+00
6.600000000000000000e+01 2.000000000000000000e+00
6.700000000000000000e+01 1.000000000000000000e+00
6.800000000000000000e+01 1.000000000000000000e+00
6.900000000000000000e+01 1.000000000000000000e+00
7.100000000000000000e+01 1.000000000000000000e+00
7.200000000000000000e+01 1.000000000000000000e+00
7.300000000000000000e+01 2.000000000000000000e+00
7.600000000000000000e+01 1.000000000000000000e+00
9.300000000000000000e+01 1.000000000000000000e+00
9.600000000000000000e+01 1.000000000000000000e+00
1.450000000000000000e+02 1.000000000000000000e+00
1.480000000000000000e+02 1.000000000000000000e+00
1.760000000000000000e+02 2.000000000000000000e+00
2.120000000000000000e+02 1.000000000000000000e+00
2.560000000000000000e+02 1.000000000000000000e+00
7.190000000000000000e+02 1.000000000000000000e+00
