-4.000000000000000000e+00 3.000000000000000000e+00
-3.000000000000000000e+00 2.000000000000000000e+00
-2.000000000000000000e+00 5.000000000000000000e+00
-1.000000000000000000e+00 3.000000000000000000e+01
0.000000000000000000e+00 1.349000000000000000e+03
1.000000000000000000e+00 6.600000000000000000e+01
2.000000000000000000e+00 7.500000000000000000e+01
3.000000000000000000e+00 1.750000000000000000e+02
4.000000000000000000e+00 1.064000000000000000e+03
5.000000000000000000e+00 6.651000000000000000e+03
6.000000000000000000e+00 4.415700000000000000e+04
7.000000000000000000e+00 7.470900000000000000e+04
8.000000000000000000e+00 8.710100000000000000e+04
9.000000000000000000e+00 9.869000000000000000e+04
1.000000000000000000e+01 1.079000000000000000e+05
1.100000000000000000e+01 1.121030000000000000e+05
1.200000000000000000e+01 1.125040000000000000e+05
1.300000000000000000e+01 1.162460000000000000e+05
1.400000000000000000e+01 1.266420000000000000e+05
1.500000000000000000e+01 1.474500000000000000e+05
1.600000000000000000e+01 1.816390000000000000e+05
1.700000000000000000e+01 2.302780000000000000e+05
1.800000000000000000e+01 2.951440000000000000e+05
1.900000000000000000e+01 3.712550000000000000e+05
2.000000000000000000e+01 4.579600000000000000e+05
2.100000000000000000e+01 5.587380000000000000e+05
2.200000000000000000e+01 6.594420000000000000e+05
2.300000000000000000e+01 7.518640000000000000e+05
2.400000000000000000e+01 8.269540000000000000e+05
2.500000000000000000e+01 8.651770000000000000e+05
2.600000000000000000e+01 8.593720000000000000e+05
2.700000000000000000e+01 8.220230000000000000e+05
2.800000000000000000e+01 7.590190000000000000e+05
2.900000000000000000e+01 6.880980000000000000e+05
3.000000000000000000e+01 6.048490000000000000e+05
3.100000000000000000e+01 5.246170000000000000e+05
3.200000000000000000e+01 4.453000000000000000e+05
3.300000000000000000e+01 3.691510000000000000e+05
3.400000000000000000e+01 2.986690000000000000e+05
3.500000000000000000e+01 2.338670000000000000e+05
3.600000000000000000e+01 1.756110000000000000e+05
3.700000000000000000e+01 1.249900000000000000e+05
3.800000000000000000e+01 8.442800000000000000e+04
3.900000000000000000e+01 5.376900000000000000e+04
4.000000000000000000e+01 3.144100000000000000e+04
4.100000000000000000e+01 1.702400000000000000e+04
4.200000000000000000e+01 8.593000000000000000e+03
4.300000000000000000e+01 3.872000000000000000e+03
4.400000000000000000e+01 1.682000000000000000e+03
4.500000000000000000e+01 7.020000000000000000e+02
4.600000000000000000e+01 3.350000000000000000e+02
4.700000000000000000e+01 1.400000000000000000e+02
4.800000000000000000e+01 1.000000000000000000e+02
4.900000000000000000e+01 6.100000000000000000e+01
5.000000000000000000e+01 4.000000000000000000e+01
5.100000000000000000e+01 3.100000000000000000e+01
5.200000000000000000e+01 1.900000000000000000e+01
5.300000000000000000e+01 3.900000000000000000e+01
5.400000000000000000e+01 1.900000000000000000e+01
5.500000000000000000e+01 3.100000000000000000e+01
5.600000000000000000e+01 2.100000000000000000e+01
5.700000000000000000e+01 1.900000000000000000e+01
5.800000000000000000e+01 1.100000000000000000e+01
5.900000000000000000e+01 1.800000000000000000e+01
6.000000000000000000e+01 1.300000000000000000e+01
6.100000000000000000e+01 2.000000000000000000e+01
6.200000000000000000e+01 1.000000000000000000e+01
6.300000000000000000e+01 1.300000000000000000e+01
6.400000000000000000e+01 9.000000000000000000e+00
6.500000000000000000e+01 7.000000000000000000e+00
6.600000000000000000e+01 2.000000000000000000e+00
6.700000000000000000e+01 9.000000000000000000e+00
6.800000000000000000e+01 3.000000000000000000e+00
6.900000000000000000e+01 5.000000000000000000e+00
7.000000000000000000e+01 3.000000000000000000e+00
7.100000000000000000e+01 3.000000000000000000e+00
7.200000000000000000e+01 2.000000000000000000e+00
7.300000000000000000e+01 5.000000000000000000e+00
7.400000000000000000e+01 2.000000000000000000e+00
7.500000000000000000e+01 1.000000000000000000e+00
7.600000000000000000e+01 4.000000000000000000e+00
7.800000000000000000e+01 4.000000000000000000e+00
8.000000000000000000e+01 1.000000000000000000e+00
8.200000000000000000e+01 1.000000000000000000e+00
8.400000000000000000e+01 1.000000000000000000e+00
8.600000000000000000e+01 1.000000000000000000e+00
9.000000000000000000e+01 1.000000000000000000e+00
9.200000000000000000e+01 1.000000000000000000e+00
9.300000000000000000e+01 1.000000000000000000e+00
9.500000000000000000e+01 1.000000000000000000e+00
1.220000000000000000e+02 1.000000000000000000e+00
1.270000000000000000e+02 1.000000000000000000e+00
1.290000000000000000e+02 1.000000000000000000e+00
1.340000000000000000e+02 1.000000000000000000e+00
1.360000000000000000e+02 1.000000000000000000e+00
1.890000000000000000e+02 1.000000000000000000e+00
2.120000000000000000e+02 1.000000000000000000e+00
2.300000000000000000e+02 1.000000000000000000e+00
2.490000000000000000e+02 1.000000000000000000e+00
2.970000000000000000e+02 1.000000000000000000e+00
