-4.000000000000000000e+00 8.000000000000000000e+00
-3.000000000000000000e+00 1.000000000000000000e+01
-2.000000000000000000e+00 1.900000000000000000e+01
-1.000000000000000000e+00 9.600000000000000000e+01
0.000000000000000000e+00 1.408000000000000000e+03
1.000000000000000000e+00 2.050000000000000000e+02
2.000000000000000000e+00 2.360000000000000000e+02
3.000000000000000000e+00 3.800000000000000000e+02
4.000000000000000000e+00 2.125000000000000000e+03
5.000000000000000000e+00 1.593600000000000000e+04
6.000000000000000000e+00 1.105820000000000000e+05
7.000000000000000000e+00 1.927710000000000000e+05
8.000000000000000000e+00 2.314620000000000000e+05
9.000000000000000000e+00 2.740670000000000000e+05
1.000000000000000000e+01 3.161720000000000000e+05
1.100000000000000000e+01 3.454580000000000000e+05
1.200000000000000000e+01 3.651900000000000000e+05
1.300000000000000000e+01 3.821990000000000000e+05
1.400000000000000000e+01 4.008500000000000000e+05
1.500000000000000000e+01 4.240710000000000000e+05
1.600000000000000000e+01 4.638920000000000000e+05
1.700000000000000000e+01 5.251100000000000000e+05
1.800000000000000000e+01 6.089570000000000000e+05
1.900000000000000000e+01 7.138940000000000000e+05
2.000000000000000000e+01 8.416190000000000000e+05
2.100000000000000000e+01 9.963810000000000000e+05
2.200000000000000000e+01 1.157705000000000000e+06
2.300000000000000000e+01 1.301226000000000000e+06
2.400000000000000000e+01 1.414313000000000000e+06
2.500000000000000000e+01 1.455280000000000000e+06
2.600000000000000000e+01 1.434341000000000000e+06
2.700000000000000000e+01 1.362123000000000000e+06
2.800000000000000000e+01 1.270892000000000000e+06
2.900000000000000000e+01 1.171230000000000000e+06
3.000000000000000000e+01 1.072748000000000000e+06
3.100000000000000000e+01 9.800730000000000000e+05
3.200000000000000000e+01 8.988180000000000000e+05
3.300000000000000000e+01 8.274390000000000000e+05
3.400000000000000000e+01 7.618800000000000000e+05
3.500000000000000000e+01 7.044610000000000000e+05
3.600000000000000000e+01 6.487380000000000000e+05
3.700000000000000000e+01 5.951210000000000000e+05
3.800000000000000000e+01 5.428640000000000000e+05
3.900000000000000000e+01 4.928320000000000000e+05
4.000000000000000000e+01 4.423680000000000000e+05
4.100000000000000000e+01 3.912590000000000000e+05
4.200000000000000000e+01 3.420550000000000000e+05
4.300000000000000000e+01 2.916030000000000000e+05
4.400000000000000000e+01 2.422020000000000000e+05
4.500000000000000000e+01 1.956480000000000000e+05
4.600000000000000000e+01 1.522240000000000000e+05
4.700000000000000000e+01 1.145410000000000000e+05
4.800000000000000000e+01 8.259400000000000000e+04
4.900000000000000000e+01 5.641100000000000000e+04
5.000000000000000000e+01 3.679700000000000000e+04
5.100000000000000000e+01 2.311900000000000000e+04
5.200000000000000000e+01 1.336900000000000000e+04
5.300000000000000000e+01 7.710000000000000000e+03
5.400000000000000000e+01 4.133000000000000000e+03
5.500000000000000000e+01 2.240000000000000000e+03
5.600000000000000000e+01 1.195000000000000000e+03
5.700000000000000000e+01 6.350000000000000000e+02
5.800000000000000000e+01 3.350000000000000000e+02
5.900000000000000000e+01 2.510000000000000000e+02
6.000000000000000000e+01 1.130000000000000000e+02
6.100000000000000000e+01 1.080000000000000000e+02
6.200000000000000000e+01 6.600000000000000000e+01
6.300000000000000000e+01 6.500000000000000000e+01
6.400000000000000000e+01 4.600000000000000000e+01
6.500000000000000000e+01 5.500000000000000000e+01
6.600000000000000000e+01 3.600000000000000000e+01
6.700000000000000000e+01 4.100000000000000000e+01
6.800000000000000000e+01 5.200000000000000000e+01
6.900000000000000000e+01 3.600000000000000000e+01
7.000000000000000000e+01 2.800000000000000000e+01
7.100000000000000000e+01 2.700000000000000000e+01
7.200000000000000000e+01 1.900000000000000000e+01
7.300000000000000000e+01 2.200000000000000000e+01
7.400000000000000000e+01 2.000000000000000000e+01
7.500000000000000000e+01 7.000000000000000000e+00
7.600000000000000000e+01 2.500000000000000000e+01
7.700000000000000000e+01 9.000000000000000000e+00
7.800000000000000000e+01 2.000000000000000000e+01
7.900000000000000000e+01 9.000000000000000000e+00
8.000000000000000000e+01 1.900000000000000000e+01
8.100000000000000000e+01 5.000000000000000000e+00
8.200000000000000000e+01 1.900000000000000000e+01
8.300000000000000000e+01 6.000000000000000000e+00
8.400000000000000000e+01 1.300000000000000000e+01
8.500000000000000000e+01 3.000000000000000000e+00
8.600000000000000000e+01 7.000000000000000000e+00
8.700000000000000000e+01 6.000000000000000000e+00
8.800000000000000000e+01 8.000000000000000000e+00
8.900000000000000000e+01 5.000000000000000000e+00
9.000000000000000000e+01 1.000000000000000000e+00
9.100000000000000000e+01 9.000000000000000000e+00
9.200000000000000000e+01 7.000000000000000000e+00
9.300000000000000000e+01 1.000000000000000000e+00
9.400000000000000000e+01 3.000000000000000000e+00
9.500000000000000000e+01 3.000000000000000000e+00
9.600000000000000000e+01 4.000000000000000000e+00
9.700000000000000000e+01 3.000000000000000000e+00
9.900000000000000000e+01 1.000000000000000000e+00
1.010000000000000000e+02 2.000000000000000000e+00
1.020000000000000000e+02 1.000000000000000000e+00
1.210000000000000000e+02 1.000000000000000000e+00
1.530000000000000000e+02 1.000000000000000000e+00
1.620000000000000000e+02 1.000000000000000000e+00
2.100000000000000000e+02 1.000000000000000000e+00
2.280000000000000000e+02 1.000000000000000000e+00
3.080000000000000000e+02 1.000000000000000000e+00
3.230000000000000000e+02 1.000000000000000000e+00
4.670000000000000000e+02 1.000000000000000000e+00
