-4.000000000000000000e+00 5.000000000000000000e+00
-3.000000000000000000e+00 3.000000000000000000e+00
-2.000000000000000000e+00 1.300000000000000000e+01
-1.000000000000000000e+00 5.200000000000000000e+01
0.000000000000000000e+00 1.366000000000000000e+03
1.000000000000000000e+00 1.030000000000000000e+02
2.000000000000000000e+00 1.550000000000000000e+02
3.000000000000000000e+00 2.010000000000000000e+02
4.000000000000000000e+00 1.140000000000000000e+03
5.000000000000000000e+00 8.661000000000000000e+03
6.000000000000000000e+00 6.052600000000000000e+04
7.000000000000000000e+00 1.018490000000000000e+05
8.000000000000000000e+00 1.183810000000000000e+05
9.000000000000000000e+00 1.357570000000000000e+05
1.000000000000000000e+01 1.500600000000000000e+05
1.100000000000000000e+01 1.573700000000000000e+05
1.200000000000000000e+01 1.617190000000000000e+05
1.300000000000000000e+01 1.715030000000000000e+05
1.400000000000000000e+01 1.934400000000000000e+05
1.500000000000000000e+01 2.306430000000000000e+05
1.600000000000000000e+01 2.875340000000000000e+05
1.700000000000000000e+01 3.670550000000000000e+05
1.800000000000000000e+01 4.692360000000000000e+05
1.900000000000000000e+01 5.889970000000000000e+05
2.000000000000000000e+01 7.225780000000000000e+05
2.100000000000000000e+01 8.699570000000000000e+05
2.200000000000000000e+01 1.019159000000000000e+06
2.300000000000000000e+01 1.148986000000000000e+06
2.400000000000000000e+01 1.245993000000000000e+06
2.500000000000000000e+01 1.288462000000000000e+06
2.600000000000000000e+01 1.265398000000000000e+06
2.700000000000000000e+01 1.197164000000000000e+06
2.800000000000000000e+01 1.093841000000000000e+06
2.900000000000000000e+01 9.732990000000000000e+05
3.000000000000000000e+01 8.448900000000000000e+05
3.100000000000000000e+01 7.226300000000000000e+05
3.200000000000000000e+01 6.034170000000000000e+05
3.300000000000000000e+01 4.945090000000000000e+05
3.400000000000000000e+01 3.951660000000000000e+05
3.500000000000000000e+01 3.052660000000000000e+05
3.600000000000000000e+01 2.254020000000000000e+05
3.700000000000000000e+01 1.580270000000000000e+05
3.800000000000000000e+01 1.057890000000000000e+05
3.900000000000000000e+01 6.636700000000000000e+04
4.000000000000000000e+01 3.801500000000000000e+04
4.100000000000000000e+01 2.057300000000000000e+04
4.200000000000000000e+01 1.025900000000000000e+04
4.300000000000000000e+01 4.654000000000000000e+03
4.400000000000000000e+01 2.037000000000000000e+03
4.500000000000000000e+01 8.280000000000000000e+02
4.600000000000000000e+01 4.270000000000000000e+02
4.700000000000000000e+01 2.170000000000000000e+02
4.800000000000000000e+01 8.500000000000000000e+01
4.900000000000000000e+01 1.080000000000000000e+02
5.000000000000000000e+01 4.400000000000000000e+01
5.100000000000000000e+01 8.500000000000000000e+01
5.200000000000000000e+01 3.900000000000000000e+01
5.300000000000000000e+01 7.700000000000000000e+01
5.400000000000000000e+01 3.500000000000000000e+01
5.500000000000000000e+01 5.900000000000000000e+01
5.600000000000000000e+01 2.300000000000000000e+01
5.700000000000000000e+01 3.900000000000000000e+01
5.800000000000000000e+01 1.700000000000000000e+01
5.900000000000000000e+01 4.700000000000000000e+01
6.000000000000000000e+01 1.700000000000000000e+01
6.100000000000000000e+01 3.400000000000000000e+01
6.200000000000000000e+01 2.300000000000000000e+01
6.300000000000000000e+01 1.600000000000000000e+01
6.400000000000000000e+01 2.000000000000000000e+01
6.500000000000000000e+01 2.600000000000000000e+01
6.600000000000000000e+01 1.400000000000000000e+01
6.700000000000000000e+01 1.300000000000000000e+01
6.800000000000000000e+01 1.200000000000000000e+01
6.900000000000000000e+01 9.000000000000000000e+00
7.000000000000000000e+01 7.000000000000000000e+00
7.100000000000000000e+01 1.100000000000000000e+01
7.200000000000000000e+01 5.000000000000000000e+00
7.300000000000000000e+01 7.000000000000000000e+00
7.400000000000000000e+01 3.000000000000000000e+00
7.500000000000000000e+01 2.000000000000000000e+00
7.600000000000000000e+01 7.000000000000000000e+00
7.700000000000000000e+01 1.000000000000000000e+00
7.900000000000000000e+01 1.000000000000000000e+00
8.100000000000000000e+01 1.000000000000000000e+00
9.100000000000000000e+01 1.000000000000000000e+00
1.730000000000000000e+02 1.000000000000000000e+00
1.960000000000000000e+02 1.000000000000000000e+00
2.550000000000000000e+02 1.000000000000000000e+00
3.760000000000000000e+02 1.000000000000000000e+00
1.411000000000000000e+03 1.000000000000000000e+00
