-4.000000000000000000e+00 5.000000000000000000e+00
-3.000000000000000000e+00 2.000000000000000000e+00
-2.000000000000000000e+00 1.100000000000000000e+01
-1.000000000000000000e+00 3.100000000000000000e+01
0.000000000000000000e+00 1.345000000000000000e+03
1.000000000000000000e+00 7.100000000000000000e+01
2.000000000000000000e+00 7.400000000000000000e+01
3.000000000000000000e+00 1.320000000000000000e+02
4.000000000000000000e+00 6.370000000000000000e+02
5.000000000000000000e+00 5.073000000000000000e+03
6.000000000000000000e+00 3.538000000000000000e+04
7.000000000000000000e+00 6.014400000000000000e+04
8.000000000000000000e+00 7.100400000000000000e+04
9.000000000000000000e+00 8.074000000000000000e+04
1.000000000000000000e+01 8.937800000000000000e+04
1.100000000000000000e+01 9.269500000000000000e+04
1.200000000000000000e+01 9.587500000000000000e+04
1.300000000000000000e+01 1.015310000000000000e+05
1.400000000000000000e+01 1.143500000000000000e+05
1.500000000000000000e+01 1.360110000000000000e+05
1.600000000000000000e+01 1.691630000000000000e+05
1.700000000000000000e+01 2.165350000000000000e+05
1.800000000000000000e+01 2.760240000000000000e+05
1.900000000000000000e+01 3.464530000000000000e+05
2.000000000000000000e+01 4.267820000000000000e+05
2.100000000000000000e+01 5.125110000000000000e+05
2.200000000000000000e+01 6.028400000000000000e+05
2.300000000000000000e+01 6.796550000000000000e+05
2.400000000000000000e+01 7.398570000000000000e+05
2.500000000000000000e+01 7.667010000000000000e+05
2.600000000000000000e+01 7.557240000000000000e+05
2.700000000000000000e+01 7.165230000000000000e+05
2.800000000000000000e+01 6.551130000000000000e+05
2.900000000000000000e+01 5.854480000000000000e+05
3.000000000000000000e+01 5.096450000000000000e+05
3.100000000000000000e+01 4.341240000000000000e+05
3.200000000000000000e+01 3.625790000000000000e+05
3.300000000000000000e+01 2.982100000000000000e+05
3.400000000000000000e+01 2.390000000000000000e+05
3.500000000000000000e+01 1.844270000000000000e+05
3.600000000000000000e+01 1.369920000000000000e+05
3.700000000000000000e+01 9.685200000000000000e+04
3.800000000000000000e+01 6.466700000000000000e+04
3.900000000000000000e+01 4.030200000000000000e+04
4.000000000000000000e+01 2.374200000000000000e+04
4.100000000000000000e+01 1.282300000000000000e+04
4.200000000000000000e+01 6.356000000000000000e+03
4.300000000000000000e+01 2.941000000000000000e+03
4.400000000000000000e+01 1.266000000000000000e+03
4.500000000000000000e+01 5.610000000000000000e+02
4.600000000000000000e+01 2.600000000000000000e+02
4.700000000000000000e+01 1.350000000000000000e+02
4.800000000000000000e+01 4.900000000000000000e+01
4.900000000000000000e+01 7.900000000000000000e+01
5.000000000000000000e+01 3.300000000000000000e+01
5.100000000000000000e+01 4.500000000000000000e+01
5.200000000000000000e+01 2.000000000000000000e+01
5.300000000000000000e+01 4.900000000000000000e+01
5.400000000000000000e+01 1.200000000000000000e+01
5.500000000000000000e+01 3.900000000000000000e+01
5.600000000000000000e+01 1.100000000000000000e+01
5.700000000000000000e+01 2.800000000000000000e+01
5.800000000000000000e+01 6.000000000000000000e+00
5.900000000000000000e+01 1.500000000000000000e+01
6.000000000000000000e+01 6.000000000000000000e+00
6.100000000000000000e+01 2.300000000000000000e+01
6.200000000000000000e+01 7.000000000000000000e+00
6.300000000000000000e+01 1.400000000000000000e+01
6.400000000000000000e+01 1.500000000000000000e+01
6.500000000000000000e+01 4.000000000000000000e+00
6.600000000000000000e+01 8.000000000000000000e+00
6.700000000000000000e+01 1.300000000000000000e+01
6.800000000000000000e+01 5.000000000000000000e+00
6.900000000000000000e+01 4.000000000000000000e+00
7.000000000000000000e+01 7.000000000000000000e+00
7.100000000000000000e+01 7.000000000000000000e+00
7.300000000000000000e+01 6.000000000000000000e+00
7.400000000000000000e+01 5.000000000000000000e+00
7.500000000000000000e+01 1.000000000000000000e+00
7.600000000000000000e+01 2.000000000000000000e+00
7.800000000000000000e+01 1.000000000000000000e+00
7.900000000000000000e+01 1.000000000000000000e+00
8.000000000000000000e+01 4.000000000000000000e+00
8.400000000000000000e+01 1.000000000000000000e+00
8.600000000000000000e+01 1.000000000000000000e+00
1.240000000000000000e+02 1.000000000000000000e+00
1.980000000000000000e+02 1.000000000000000000e+00
2.090000000000000000e+02 1.000000000000000000e+00
5.150000000000000000e+02 1.000000000000000000e+00
