-4.000000000000000000e+00 6.000000000000000000e+00
-3.000000000000000000e+00 7.000000000000000000e+00
-2.000000000000000000e+00 3.000000000000000000e+01
-1.000000000000000000e+00 1.000000000000000000e+02
0.000000000000000000e+00 1.398000000000000000e+03
1.000000000000000000e+00 1.630000000000000000e+02
2.000000000000000000e+00 2.600000000000000000e+02
3.000000000000000000e+00 4.260000000000000000e+02
4.000000000000000000e+00 2.142000000000000000e+03
5.000000000000000000e+00 1.559300000000000000e+04
6.000000000000000000e+00 1.104940000000000000e+05
7.000000000000000000e+00 1.918750000000000000e+05
8.000000000000000000e+00 2.304630000000000000e+05
9.000000000000000000e+00 2.727070000000000000e+05
1.000000000000000000e+01 3.146490000000000000e+05
1.100000000000000000e+01 3.439670000000000000e+05
1.200000000000000000e+01 3.627050000000000000e+05
1.300000000000000000e+01 3.794800000000000000e+05
1.400000000000000000e+01 3.979030000000000000e+05
1.500000000000000000e+01 4.205790000000000000e+05
1.600000000000000000e+01 4.608370000000000000e+05
1.700000000000000000e+01 5.213690000000000000e+05
1.800000000000000000e+01 6.028220000000000000e+05
1.900000000000000000e+01 7.073310000000000000e+05
2.000000000000000000e+01 8.343710000000000000e+05
2.100000000000000000e+01 9.849090000000000000e+05
2.200000000000000000e+01 1.147831000000000000e+06
2.300000000000000000e+01 1.291415000000000000e+06
2.400000000000000000e+01 1.407524000000000000e+06
2.500000000000000000e+01 1.453807000000000000e+06
2.600000000000000000e+01 1.434750000000000000e+06
2.700000000000000000e+01 1.364348000000000000e+06
2.800000000000000000e+01 1.272812000000000000e+06
2.900000000000000000e+01 1.177361000000000000e+06
3.000000000000000000e+01 1.074557000000000000e+06
3.100000000000000000e+01 9.830650000000000000e+05
3.200000000000000000e+01 9.031240000000000000e+05
3.300000000000000000e+01 8.303510000000000000e+05
3.400000000000000000e+01 7.663140000000000000e+05
3.500000000000000000e+01 7.072670000000000000e+05
3.600000000000000000e+01 6.521800000000000000e+05
3.700000000000000000e+01 5.964710000000000000e+05
3.800000000000000000e+01 5.456770000000000000e+05
3.900000000000000000e+01 4.948410000000000000e+05
4.000000000000000000e+01 4.456320000000000000e+05
4.100000000000000000e+01 3.948070000000000000e+05
4.200000000000000000e+01 3.440650000000000000e+05
4.300000000000000000e+01 2.926920000000000000e+05
4.400000000000000000e+01 2.442390000000000000e+05
4.500000000000000000e+01 1.981190000000000000e+05
4.600000000000000000e+01 1.552820000000000000e+05
4.700000000000000000e+01 1.172520000000000000e+05
4.800000000000000000e+01 8.380700000000000000e+04
4.900000000000000000e+01 5.801000000000000000e+04
5.000000000000000000e+01 3.759100000000000000e+04
5.100000000000000000e+01 2.331900000000000000e+04
5.200000000000000000e+01 1.397500000000000000e+04
5.300000000000000000e+01 7.977000000000000000e+03
5.400000000000000000e+01 4.227000000000000000e+03
5.500000000000000000e+01 2.386000000000000000e+03
5.600000000000000000e+01 1.148000000000000000e+03
5.700000000000000000e+01 6.780000000000000000e+02
5.800000000000000000e+01 3.080000000000000000e+02
5.900000000000000000e+01 2.370000000000000000e+02
6.000000000000000000e+01 1.270000000000000000e+02
6.100000000000000000e+01 1.170000000000000000e+02
6.200000000000000000e+01 6.000000000000000000e+01
6.300000000000000000e+01 9.000000000000000000e+01
6.400000000000000000e+01 4.100000000000000000e+01
6.500000000000000000e+01 3.600000000000000000e+01
6.600000000000000000e+01 4.600000000000000000e+01
6.700000000000000000e+01 4.800000000000000000e+01
6.800000000000000000e+01 4.100000000000000000e+01
6.900000000000000000e+01 3.600000000000000000e+01
7.000000000000000000e+01 3.300000000000000000e+01
7.100000000000000000e+01 4.000000000000000000e+01
7.200000000000000000e+01 1.900000000000000000e+01
7.300000000000000000e+01 3.000000000000000000e+01
7.400000000000000000e+01 3.000000000000000000e+01
7.500000000000000000e+01 9.000000000000000000e+00
7.600000000000000000e+01 1.700000000000000000e+01
7.700000000000000000e+01 1.200000000000000000e+01
7.800000000000000000e+01 2.200000000000000000e+01
7.900000000000000000e+01 1.300000000000000000e+01
8.000000000000000000e+01 1.600000000000000000e+01
8.100000000000000000e+01 4.000000000000000000e+00
8.200000000000000000e+01 1.400000000000000000e+01
8.300000000000000000e+01 4.000000000000000000e+00
8.400000000000000000e+01 1.400000000000000000e+01
8.500000000000000000e+01 4.000000000000000000e+00
8.600000000000000000e+01 1.200000000000000000e+01
8.700000000000000000e+01 5.000000000000000000e+00
8.800000000000000000e+01 7.000000000000000000e+00
8.900000000000000000e+01 5.000000000000000000e+00
9.000000000000000000e+01 5.000000000000000000e+00
9.100000000000000000e+01 3.000000000000000000e+00
9.200000000000000000e+01 2.000000000000000000e+00
9.300000000000000000e+01 6.000000000000000000e+00
9.400000000000000000e+01 8.000000000000000000e+00
9.500000000000000000e+01 3.000000000000000000e+00
9.600000000000000000e+01 6.000000000000000000e+00
9.700000000000000000e+01 2.000000000000000000e+00
9.800000000000000000e+01 5.000000000000000000e+00
1.010000000000000000e+02 3.000000000000000000e+00
1.030000000000000000e+02 1.000000000000000000e+00
1.050000000000000000e+02 1.000000000000000000e+00
1.070000000000000000e+02 1.000000000000000000e+00
1.080000000000000000e+02 1.000000000000000000e+00
1.220000000000000000e+02 1.000000000000000000e+00
1.390000000000000000e+02 1.000000000000000000e+00
1.420000000000000000e+02 1.000000000000000000e+00
2.400000000000000000e+02 1.000000000000000000e+00
2.830000000000000000e+02 1.000000000000000000e+00
7.190000000000000000e+02 1.000000000000000000e+00
