-4.000000000000000000e+00 1.000000000000000000e+00
-3.000000000000000000e+00 2.000000000000000000e+00
-2.000000000000000000e+00 1.300000000000000000e+01
-1.000000000000000000e+00 6.800000000000000000e+01
0.000000000000000000e+00 1.379000000000000000e+03
1.000000000000000000e+00 9.600000000000000000e+01
2.000000000000000000e+00 1.610000000000000000e+02
3.000000000000000000e+00 2.340000000000000000e+02
4.000000000000000000e+00 1.214000000000000000e+03
5.000000000000000000e+00 8.793000000000000000e+03
6.000000000000000000e+00 6.079700000000000000e+04
7.000000000000000000e+00 1.035420000000000000e+05
8.000000000000000000e+00 1.202860000000000000e+05
9.000000000000000000e+00 1.370450000000000000e+05
1.000000000000000000e+01 1.517420000000000000e+05
1.100000000000000000e+01 1.585490000000000000e+05
1.200000000000000000e+01 1.633420000000000000e+05
1.300000000000000000e+01 1.733060000000000000e+05
1.400000000000000000e+01 1.958380000000000000e+05
1.500000000000000000e+01 2.315560000000000000e+05
1.600000000000000000e+01 2.887490000000000000e+05
1.700000000000000000e+01 3.711180000000000000e+05
1.800000000000000000e+01 4.726340000000000000e+05
1.900000000000000000e+01 5.928230000000000000e+05
2.000000000000000000e+01 7.295060000000000000e+05
2.100000000000000000e+01 8.768740000000000000e+05
2.200000000000000000e+01 1.029793000000000000e+06
2.300000000000000000e+01 1.160490000000000000e+06
2.400000000000000000e+01 1.263210000000000000e+06
2.500000000000000000e+01 1.305772000000000000e+06
2.600000000000000000e+01 1.287988000000000000e+06
2.700000000000000000e+01 1.218125000000000000e+06
2.800000000000000000e+01 1.115502000000000000e+06
2.900000000000000000e+01 9.956300000000000000e+05
3.000000000000000000e+01 8.647690000000000000e+05
3.100000000000000000e+01 7.359030000000000000e+05
3.200000000000000000e+01 6.173150000000000000e+05
3.300000000000000000e+01 5.062640000000000000e+05
3.400000000000000000e+01 4.074290000000000000e+05
3.500000000000000000e+01 3.145370000000000000e+05
3.600000000000000000e+01 2.331840000000000000e+05
3.700000000000000000e+01 1.646220000000000000e+05
3.800000000000000000e+01 1.091970000000000000e+05
3.900000000000000000e+01 6.923400000000000000e+04
4.000000000000000000e+01 3.985200000000000000e+04
4.100000000000000000e+01 2.139700000000000000e+04
4.200000000000000000e+01 1.077500000000000000e+04
4.300000000000000000e+01 4.889000000000000000e+03
4.400000000000000000e+01 2.117000000000000000e+03
4.500000000000000000e+01 9.620000000000000000e+02
4.600000000000000000e+01 4.040000000000000000e+02
4.700000000000000000e+01 1.970000000000000000e+02
4.800000000000000000e+01 1.100000000000000000e+02
4.900000000000000000e+01 1.120000000000000000e+02
5.000000000000000000e+01 5.800000000000000000e+01
5.100000000000000000e+01 7.500000000000000000e+01
5.200000000000000000e+01 4.000000000000000000e+01
5.300000000000000000e+01 7.200000000000000000e+01
5.400000000000000000e+01 2.800000000000000000e+01
5.500000000000000000e+01 5.100000000000000000e+01
5.600000000000000000e+01 2.600000000000000000e+01
5.700000000000000000e+01 5.300000000000000000e+01
5.800000000000000000e+01 1.300000000000000000e+01
5.900000000000000000e+01 4.200000000000000000e+01
6.000000000000000000e+01 1.300000000000000000e+01
6.100000000000000000e+01 4.000000000000000000e+01
6.200000000000000000e+01 8.000000000000000000e+00
6.300000000000000000e+01 3.000000000000000000e+01
6.400000000000000000e+01 1.600000000000000000e+01
6.500000000000000000e+01 2.000000000000000000e+01
6.600000000000000000e+01 2.000000000000000000e+01
6.700000000000000000e+01 1.500000000000000000e+01
6.800000000000000000e+01 1.400000000000000000e+01
6.900000000000000000e+01 1.100000000000000000e+01
7.000000000000000000e+01 1.200000000000000000e+01
7.100000000000000000e+01 7.000000000000000000e+00
7.200000000000000000e+01 1.000000000000000000e+01
7.300000000000000000e+01 7.000000000000000000e+00
7.400000000000000000e+01 5.000000000000000000e+00
7.500000000000000000e+01 2.000000000000000000e+00
7.600000000000000000e+01 7.000000000000000000e+00
7.700000000000000000e+01 4.000000000000000000e+00
7.800000000000000000e+01 3.000000000000000000e+00
7.900000000000000000e+01 2.000000000000000000e+00
8.000000000000000000e+01 4.000000000000000000e+00
8.200000000000000000e+01 1.000000000000000000e+00
8.400000000000000000e+01 1.000000000000000000e+00
8.900000000000000000e+01 1.000000000000000000e+00
1.050000000000000000e+02 1.000000000000000000e+00
1.430000000000000000e+02 1.000000000000000000e+00
1.460000000000000000e+02 1.000000000000000000e+00
1.550000000000000000e+02 1.000000000000000000e+00
1.590000000000000000e+02 1.000000000000000000e+00
1.910000000000000000e+02 1.000000000000000000e+00
2.090000000000000000e+02 1.000000000000000000e+00
4.220000000000000000e+02 1.000000000000000000e+00
4.610000000000000000e+02 1.000000000000000000e+00
6.720000000000000000e+02 1.000000000000000000e+00
7.560000000000000000e+02 1.000000000000000000e+00
1.177000000000000000e+03 1.000000000000000000e+00
