-4.000000000000000000e+00 3.000000000000000000e+00
-3.000000000000000000e+00 3.000000000000000000e+00
-2.000000000000000000e+00 9.000000000000000000e+00
-1.000000000000000000e+00 4.000000000000000000e+01
0.000000000000000000e+00 1.343000000000000000e+03
1.000000000000000000e+00 6.800000000000000000e+01
2.000000000000000000e+00 9.600000000000000000e+01
3.000000000000000000e+00 1.760000000000000000e+02
4.000000000000000000e+00 1.021000000000000000e+03
5.000000000000000000e+00 6.525000000000000000e+03
6.000000000000000000e+00 4.396600000000000000e+04
7.000000000000000000e+00 7.418500000000000000e+04
8.000000000000000000e+00 8.686200000000000000e+04
9.000000000000000000e+00 9.843600000000000000e+04
1.000000000000000000e+01 1.077010000000000000e+05
1.100000000000000000e+01 1.120440000000000000e+05
1.200000000000000000e+01 1.122100000000000000e+05
1.300000000000000000e+01 1.162190000000000000e+05
1.400000000000000000e+01 1.272620000000000000e+05
1.500000000000000000e+01 1.476850000000000000e+05
1.600000000000000000e+01 1.819640000000000000e+05
1.700000000000000000e+01 2.317760000000000000e+05
1.800000000000000000e+01 2.954110000000000000e+05
1.900000000000000000e+01 3.727370000000000000e+05
2.000000000000000000e+01 4.618430000000000000e+05
2.100000000000000000e+01 5.586440000000000000e+05
2.200000000000000000e+01 6.629600000000000000e+05
2.300000000000000000e+01 7.535760000000000000e+05
2.400000000000000000e+01 8.276210000000000000e+05
2.500000000000000000e+01 8.634670000000000000e+05
2.600000000000000000e+01 8.588940000000000000e+05
2.700000000000000000e+01 8.198670000000000000e+05
2.800000000000000000e+01 7.594390000000000000e+05
2.900000000000000000e+01 6.852780000000000000e+05
3.000000000000000000e+01 6.040400000000000000e+05
3.100000000000000000e+01 5.218650000000000000e+05
3.200000000000000000e+01 4.414950000000000000e+05
3.300000000000000000e+01 3.675800000000000000e+05
3.400000000000000000e+01 2.980490000000000000e+05
3.500000000000000000e+01 2.318680000000000000e+05
3.600000000000000000e+01 1.739220000000000000e+05
3.700000000000000000e+01 1.240000000000000000e+05
3.800000000000000000e+01 8.315900000000000000e+04
3.900000000000000000e+01 5.242400000000000000e+04
4.000000000000000000e+01 3.094500000000000000e+04
4.100000000000000000e+01 1.662700000000000000e+04
4.200000000000000000e+01 8.346000000000000000e+03
4.300000000000000000e+01 3.847000000000000000e+03
4.400000000000000000e+01 1.655000000000000000e+03
4.500000000000000000e+01 7.590000000000000000e+02
4.600000000000000000e+01 3.510000000000000000e+02
4.700000000000000000e+01 1.310000000000000000e+02
4.800000000000000000e+01 9.600000000000000000e+01
4.900000000000000000e+01 7.200000000000000000e+01
5.000000000000000000e+01 3.500000000000000000e+01
5.100000000000000000e+01 5.400000000000000000e+01
5.200000000000000000e+01 3.100000000000000000e+01
5.300000000000000000e+01 3.400000000000000000e+01
5.400000000000000000e+01 1.300000000000000000e+01
5.500000000000000000e+01 2.800000000000000000e+01
5.600000000000000000e+01 1.000000000000000000e+01
5.700000000000000000e+01 2.900000000000000000e+01
5.800000000000000000e+01 1.000000000000000000e+01
5.900000000000000000e+01 2.300000000000000000e+01
6.000000000000000000e+01 7.000000000000000000e+00
6.100000000000000000e+01 1.800000000000000000e+01
6.200000000000000000e+01 9.000000000000000000e+00
6.300000000000000000e+01 1.900000000000000000e+01
6.400000000000000000e+01 8.000000000000000000e+00
6.500000000000000000e+01 1.000000000000000000e+01
6.600000000000000000e+01 1.100000000000000000e+01
6.700000000000000000e+01 5.000000000000000000e+00
6.800000000000000000e+01 3.000000000000000000e+00
6.900000000000000000e+01 6.000000000000000000e+00
7.000000000000000000e+01 2.000000000000000000e+00
7.100000000000000000e+01 8.000000000000000000e+00
7.200000000000000000e+01 6.000000000000000000e+00
7.300000000000000000e+01 3.000000000000000000e+00
7.400000000000000000e+01 2.000000000000000000e+00
7.500000000000000000e+01 1.000000000000000000e+00
7.600000000000000000e+01 1.000000000000000000e+00
7.800000000000000000e+01 1.000000000000000000e+00
7.900000000000000000e+01 2.000000000000000000e+00
8.000000000000000000e+01 1.000000000000000000e+00
8.200000000000000000e+01 1.000000000000000000e+00
8.800000000000000000e+01 1.000000000000000000e+00
1.110000000000000000e+02 1.000000000000000000e+00
1.250000000000000000e+02 1.000000000000000000e+00
4.700000000000000000e+02 1.000000000000000000e+00
7.010000000000000000e+02 1.000000000000000000e+00
1.342000000000000000e+03 1.000000000000000000e+00
1.753000000000000000e+03 1.000000000000000000e+00
2.086000000000000000e+03 1.000000000000000000e+00
