-4.000000000000000000e+00 4.000000000000000000e+00
-3.000000000000000000e+00 5.000000000000000000e+00
-2.000000000000000000e+00 1.600000000000000000e+01
-1.000000000000000000e+00 5.400000000000000000e+01
0.000000000000000000e+00 1.357000000000000000e+03
1.000000000000000000e+00 9.700000000000000000e+01
2.000000000000000000e+00 1.440000000000000000e+02
3.000000000000000000e+00 1.840000000000000000e+02
4.000000000000000000e+00 1.119000000000000000e+03
5.000000000000000000e+00 8.519000000000000000e+03
6.000000000000000000e+00 5.981700000000000000e+04
7.000000000000000000e+00 1.014570000000000000e+05
8.000000000000000000e+00 1.181480000000000000e+05
9.000000000000000000e+00 1.353100000000000000e+05
1.000000000000000000e+01 1.495680000000000000e+05
1.100000000000000000e+01 1.560950000000000000e+05
1.200000000000000000e+01 1.612490000000000000e+05
1.300000000000000000e+01 1.715580000000000000e+05
1.400000000000000000e+01 1.925220000000000000e+05
1.500000000000000000e+01 2.282370000000000000e+05
1.600000000000000000e+01 2.836550000000000000e+05
1.700000000000000000e+01 3.634390000000000000e+05
1.800000000000000000e+01 4.633180000000000000e+05
1.900000000000000000e+01 5.825430000000000000e+05
2.000000000000000000e+01 7.155580000000000000e+05
2.100000000000000000e+01 8.610480000000000000e+05
2.200000000000000000e+01 1.010156000000000000e+06
2.300000000000000000e+01 1.141037000000000000e+06
2.400000000000000000e+01 1.239813000000000000e+06
2.500000000000000000e+01 1.282391000000000000e+06
2.600000000000000000e+01 1.266207000000000000e+06
2.700000000000000000e+01 1.198965000000000000e+06
2.800000000000000000e+01 1.098406000000000000e+06
2.900000000000000000e+01 9.785930000000000000e+05
3.000000000000000000e+01 8.519980000000000000e+05
3.100000000000000000e+01 7.258210000000000000e+05
3.200000000000000000e+01 6.062360000000000000e+05
3.300000000000000000e+01 4.992370000000000000e+05
3.400000000000000000e+01 3.994790000000000000e+05
3.500000000000000000e+01 3.095130000000000000e+05
3.600000000000000000e+01 2.294910000000000000e+05
3.700000000000000000e+01 1.618000000000000000e+05
3.800000000000000000e+01 1.077360000000000000e+05
3.900000000000000000e+01 6.757900000000000000e+04
4.000000000000000000e+01 3.958700000000000000e+04
4.100000000000000000e+01 2.134700000000000000e+04
4.200000000000000000e+01 1.080700000000000000e+04
4.300000000000000000e+01 4.821000000000000000e+03
4.400000000000000000e+01 2.169000000000000000e+03
4.500000000000000000e+01 9.360000000000000000e+02
4.600000000000000000e+01 4.860000000000000000e+02
4.700000000000000000e+01 2.030000000000000000e+02
4.800000000000000000e+01 1.130000000000000000e+02
4.900000000000000000e+01 1.180000000000000000e+02
5.000000000000000000e+01 4.900000000000000000e+01
5.100000000000000000e+01 8.000000000000000000e+01
5.200000000000000000e+01 4.700000000000000000e+01
5.300000000000000000e+01 7.500000000000000000e+01
5.400000000000000000e+01 3.100000000000000000e+01
5.500000000000000000e+01 5.800000000000000000e+01
5.600000000000000000e+01 2.700000000000000000e+01
5.700000000000000000e+01 4.000000000000000000e+01
5.800000000000000000e+01 2.500000000000000000e+01
5.900000000000000000e+01 4.100000000000000000e+01
6.000000000000000000e+01 1.500000000000000000e+01
6.100000000000000000e+01 3.100000000000000000e+01
6.200000000000000000e+01 1.400000000000000000e+01
6.300000000000000000e+01 2.800000000000000000e+01
6.400000000000000000e+01 1.700000000000000000e+01
6.500000000000000000e+01 1.600000000000000000e+01
6.600000000000000000e+01 1.700000000000000000e+01
6.700000000000000000e+01 1.400000000000000000e+01
6.800000000000000000e+01 1.100000000000000000e+01
6.900000000000000000e+01 1.300000000000000000e+01
7.000000000000000000e+01 6.000000000000000000e+00
7.100000000000000000e+01 8.000000000000000000e+00
7.200000000000000000e+01 5.000000000000000000e+00
7.300000000000000000e+01 5.000000000000000000e+00
7.400000000000000000e+01 6.000000000000000000e+00
7.500000000000000000e+01 2.000000000000000000e+00
7.600000000000000000e+01 4.000000000000000000e+00
7.700000000000000000e+01 4.000000000000000000e+00
7.800000000000000000e+01 2.000000000000000000e+00
7.900000000000000000e+01 1.000000000000000000e+00
8.000000000000000000e+01 3.000000000000000000e+00
8.100000000000000000e+01 2.000000000000000000e+00
8.200000000000000000e+01 2.000000000000000000e+00
8.400000000000000000e+01 1.000000000000000000e+00
8.700000000000000000e+01 1.000000000000000000e+00
8.900000000000000000e+01 1.000000000000000000e+00
1.020000000000000000e+02 1.000000000000000000e+00
1.090000000000000000e+02 1.000000000000000000e+00
1.320000000000000000e+02 1.000000000000000000e+00
1.500000000000000000e+02 1.000000000000000000e+00
1.630000000000000000e+02 1.000000000000000000e+00
2.210000000000000000e+02 1.000000000000000000e+00
2.440000000000000000e+02 1.000000000000000000e+00
2.480000000000000000e+02 1.000000000000000000e+00
2.920000000000000000e+02 1.000000000000000000e+00
5.690000000000000000e+02 1.000000000000000000e+00
2.046000000000000000e+03 1.000000000000000000e+00
