-4.000000000000000000e+00 3.000000000000000000e+00
-3.000000000000000000e+00 6.000000000000000000e+00
-2.000000000000000000e+00 1.000000000000000000e+01
-1.000000000000000000e+00 5.800000000000000000e+01
0.000000000000000000e+00 1.379000000000000000e+03
1.000000000000000000e+00 1.010000000000000000e+02
2.000000000000000000e+00 1.370000000000000000e+02
3.000000000000000000e+00 2.040000000000000000e+02
4.000000000000000000e+00 1.130000000000000000e+03
5.000000000000000000e+00 8.392000000000000000e+03
6.000000000000000000e+00 5.752900000000000000e+04
7.000000000000000000e+00 9.834900000000000000e+04
8.000000000000000000e+00 1.143470000000000000e+05
9.000000000000000000e+00 1.311450000000000000e+05
1.000000000000000000e+01 1.443520000000000000e+05
1.100000000000000000e+01 1.519090000000000000e+05
1.200000000000000000e+01 1.564060000000000000e+05
1.300000000000000000e+01 1.665720000000000000e+05
1.400000000000000000e+01 1.875570000000000000e+05
1.500000000000000000e+01 2.228250000000000000e+05
1.600000000000000000e+01 2.784200000000000000e+05
1.700000000000000000e+01 3.562230000000000000e+05
1.800000000000000000e+01 4.553030000000000000e+05
1.900000000000000000e+01 5.699500000000000000e+05
2.000000000000000000e+01 6.985930000000000000e+05
2.100000000000000000e+01 8.397800000000000000e+05
2.200000000000000000e+01 9.854100000000000000e+05
2.300000000000000000e+01 1.107479000000000000e+06
2.400000000000000000e+01 1.202337000000000000e+06
2.500000000000000000e+01 1.239338000000000000e+06
2.600000000000000000e+01 1.221850000000000000e+06
2.700000000000000000e+01 1.152083000000000000e+06
2.800000000000000000e+01 1.051400000000000000e+06
2.900000000000000000e+01 9.361500000000000000e+05
3.000000000000000000e+01 8.123600000000000000e+05
3.100000000000000000e+01 6.921480000000000000e+05
3.200000000000000000e+01 5.801830000000000000e+05
3.300000000000000000e+01 4.740330000000000000e+05
3.400000000000000000e+01 3.791950000000000000e+05
3.500000000000000000e+01 2.935630000000000000e+05
3.600000000000000000e+01 2.157080000000000000e+05
3.700000000000000000e+01 1.519370000000000000e+05
3.800000000000000000e+01 1.014580000000000000e+05
3.900000000000000000e+01 6.304500000000000000e+04
4.000000000000000000e+01 3.656500000000000000e+04
4.100000000000000000e+01 1.967400000000000000e+04
4.200000000000000000e+01 9.717000000000000000e+03
4.300000000000000000e+01 4.387000000000000000e+03
4.400000000000000000e+01 1.852000000000000000e+03
4.500000000000000000e+01 8.770000000000000000e+02
4.600000000000000000e+01 4.140000000000000000e+02
4.700000000000000000e+01 1.910000000000000000e+02
4.800000000000000000e+01 8.700000000000000000e+01
4.900000000000000000e+01 1.100000000000000000e+02
5.000000000000000000e+01 4.100000000000000000e+01
5.100000000000000000e+01 6.800000000000000000e+01
5.200000000000000000e+01 3.800000000000000000e+01
5.300000000000000000e+01 7.000000000000000000e+01
5.400000000000000000e+01 2.800000000000000000e+01
5.500000000000000000e+01 4.700000000000000000e+01
5.600000000000000000e+01 2.100000000000000000e+01
5.700000000000000000e+01 4.000000000000000000e+01
5.800000000000000000e+01 2.000000000000000000e+01
5.900000000000000000e+01 4.500000000000000000e+01
6.000000000000000000e+01 2.200000000000000000e+01
6.100000000000000000e+01 4.200000000000000000e+01
6.200000000000000000e+01 1.100000000000000000e+01
6.300000000000000000e+01 2.400000000000000000e+01
6.400000000000000000e+01 1.600000000000000000e+01
6.500000000000000000e+01 8.000000000000000000e+00
6.600000000000000000e+01 6.000000000000000000e+00
6.700000000000000000e+01 1.200000000000000000e+01
6.800000000000000000e+01 1.200000000000000000e+01
6.900000000000000000e+01 7.000000000000000000e+00
7.000000000000000000e+01 3.000000000000000000e+00
7.100000000000000000e+01 1.000000000000000000e+01
7.200000000000000000e+01 2.000000000000000000e+00
7.300000000000000000e+01 1.100000000000000000e+01
7.400000000000000000e+01 4.000000000000000000e+00
7.500000000000000000e+01 3.000000000000000000e+00
7.600000000000000000e+01 6.000000000000000000e+00
7.700000000000000000e+01 2.000000000000000000e+00
7.800000000000000000e+01 3.000000000000000000e+00
7.900000000000000000e+01 1.000000000000000000e+00
8.000000000000000000e+01 3.000000000000000000e+00
8.100000000000000000e+01 1.000000000000000000e+00
8.200000000000000000e+01 1.000000000000000000e+00
8.500000000000000000e+01 1.000000000000000000e+00
8.600000000000000000e+01 1.000000000000000000e+00
1.060000000000000000e+02 1.000000000000000000e+00
1.090000000000000000e+02 1.000000000000000000e+00
1.290000000000000000e+02 1.000000000000000000e+00
1.300000000000000000e+02 1.000000000000000000e+00
1.760000000000000000e+02 1.000000000000000000e+00
1.830000000000000000e+02 1.000000000000000000e+00
2.010000000000000000e+02 1.000000000000000000e+00
4.760000000000000000e+02 1.000000000000000000e+00
5.810000000000000000e+02 1.000000000000000000e+00
