-3.000000000000000000e+00 1.000000000000000000e+00
-2.000000000000000000e+00 2.000000000000000000e+00
-1.000000000000000000e+00 8.000000000000000000e+00
0.000000000000000000e+00 1.334000000000000000e+03
1.000000000000000000e+00 2.400000000000000000e+01
2.000000000000000000e+00 3.800000000000000000e+01
3.000000000000000000e+00 5.700000000000000000e+01
4.000000000000000000e+00 4.720000000000000000e+02
5.000000000000000000e+00 2.423000000000000000e+03
6.000000000000000000e+00 1.302800000000000000e+04
7.000000000000000000e+00 2.454000000000000000e+04
8.000000000000000000e+00 3.468500000000000000e+04
9.000000000000000000e+00 5.017900000000000000e+04
1.000000000000000000e+01 7.079000000000000000e+04
1.100000000000000000e+01 9.759000000000000000e+04
1.200000000000000000e+01 1.328660000000000000e+05
1.300000000000000000e+01 1.802840000000000000e+05
1.400000000000000000e+01 2.388930000000000000e+05
1.500000000000000000e+01 3.107700000000000000e+05
1.600000000000000000e+01 3.980210000000000000e+05
1.700000000000000000e+01 4.992820000000000000e+05
1.800000000000000000e+01 6.116890000000000000e+05
1.900000000000000000e+01 7.157230000000000000e+05
2.000000000000000000e+01 7.908250000000000000e+05
2.100000000000000000e+01 8.242540000000000000e+05
2.200000000000000000e+01 7.996000000000000000e+05
2.300000000000000000e+01 7.050400000000000000e+05
2.400000000000000000e+01 5.553340000000000000e+05
2.500000000000000000e+01 3.801560000000000000e+05
2.600000000000000000e+01 2.239710000000000000e+05
2.700000000000000000e+01 1.154660000000000000e+05
2.800000000000000000e+01 5.507800000000000000e+04
2.900000000000000000e+01 2.615800000000000000e+04
3.000000000000000000e+01 1.269000000000000000e+04
3.100000000000000000e+01 6.126000000000000000e+03
3.200000000000000000e+01 2.717000000000000000e+03
3.300000000000000000e+01 1.111000000000000000e+03
3.400000000000000000e+01 3.950000000000000000e+02
3.500000000000000000e+01 1.540000000000000000e+02
3.600000000000000000e+01 5.800000000000000000e+01
3.700000000000000000e+01 2.400000000000000000e+01
3.800000000000000000e+01 3.200000000000000000e+01
3.900000000000000000e+01 1.100000000000000000e+01
4.000000000000000000e+01 1.500000000000000000e+01
4.100000000000000000e+01 1.100000000000000000e+01
4.200000000000000000e+01 1.300000000000000000e+01
4.300000000000000000e+01 7.000000000000000000e+00
4.400000000000000000e+01 1.700000000000000000e+01
4.500000000000000000e+01 5.000000000000000000e+00
4.600000000000000000e+01 1.100000000000000000e+01
4.700000000000000000e+01 6.000000000000000000e+00
4.800000000000000000e+01 9.000000000000000000e+00
4.900000000000000000e+01 6.000000000000000000e+00
5.000000000000000000e+01 3.000000000000000000e+00
5.100000000000000000e+01 2.000000000000000000e+00
5.200000000000000000e+01 5.000000000000000000e+00
5.300000000000000000e+01 3.000000000000000000e+00
5.400000000000000000e+01 2.000000000000000000e+00
5.500000000000000000e+01 2.000000000000000000e+00
5.700000000000000000e+01 2.000000000000000000e+00
5.800000000000000000e+01 2.000000000000000000e+00
6.300000000000000000e+01 1.000000000000000000e+00
7.100000000000000000e+01 1.000000000000000000e+00
7.200000000000000000e+01 1.000000000000000000e+00
7.300000000000000000e+01 3.000000000000000000e+00
7.600000000000000000e+01 1.000000000000000000e+00
7.700000000000000000e+01 1.000000000000000000e+00
7.800000000000000000e+01 2.000000000000000000e+00
8.000000000000000000e+01 1.000000000000000000e+00
8.100000000000000000e+01 1.000000000000000000e+00
8.600000000000000000e+01 1.000000000000000000e+00
9.000000000000000000e+01 1.000000000000000000e+00
9.300000000000000000e+01 1.000000000000000000e+00
9.500000000000000000e+01 1.000000000000000000e+00
9.900000000000000000e+01 1.000000000000000000e+00
1.020000000000000000e+02 2.000000000000000000e+00
1.030000000000000000e+02 1.000000000000000000e+00
1.050000000000000000e+02 1.000000000000000000e+00
1.190000000000000000e+02 1.000000000000000000e+00
1.220000000000000000e+02 1.000000000000000000e+00
1.230000000000000000e+02 1.000000000000000000e+00
1.310000000000000000e+02 1.000000000000000000e+00
1.410000000000000000e+02 1.000000000000000000e+00
1.430000000000000000e+02 1.000000000000000000e+00
1.510000000000000000e+02 1.000000000000000000e+00
1.530000000000000000e+02 2.000000000000000000e+00
1.570000000000000000e+02 1.000000000000000000e+00
1.630000000000000000e+02 1.000000000000000000e+00
1.710000000000000000e+02 2.000000000000000000e+00
1.780000000000000000e+02 1.000000000000000000e+00
1.810000000000000000e+02 1.000000000000000000e+00
2.150000000000000000e+02 1.000000000000000000e+00
2.220000000000000000e+02 1.000000000000000000e+00
2.230000000000000000e+02 1.000000000000000000e+00
2.410000000000000000e+02 1.000000000000000000e+00
2.450000000000000000e+02 1.000000000000000000e+00
2.530000000000000000e+02 1.000000000000000000e+00
2.690000000000000000e+02 1.000000000000000000e+00
3.140000000000000000e+02 1.000000000000000000e+00
3.730000000000000000e+02 1.000000000000000000e+00
4.000000000000000000e+02 1.000000000000000000e+00
5.030000000000000000e+02 1.000000000000000000e+00
1.124000000000000000e+03 1.000000000000000000e+00
1.719000000000000000e+03 1.000000000000000000e+00
1.969000000000000000e+03 1.000000000000000000e+00
2.348000000000000000e+03 1.000000000000000000e+00
