-4.000000000000000000e+00 2.000000000000000000e+00
-3.000000000000000000e+00 2.000000000000000000e+00
-2.000000000000000000e+00 8.000000000000000000e+00
-1.000000000000000000e+00 2.400000000000000000e+01
0.000000000000000000e+00 1.361000000000000000e+03
1.000000000000000000e+00 5.700000000000000000e+01
2.000000000000000000e+00 8.400000000000000000e+01
3.000000000000000000e+00 1.390000000000000000e+02
4.000000000000000000e+00 7.310000000000000000e+02
5.000000000000000000e+00 4.024000000000000000e+03
6.000000000000000000e+00 2.445200000000000000e+04
7.000000000000000000e+00 4.625400000000000000e+04
8.000000000000000000e+00 6.506600000000000000e+04
9.000000000000000000e+00 9.515700000000000000e+04
1.000000000000000000e+01 1.340310000000000000e+05
1.100000000000000000e+01 1.848230000000000000e+05
1.200000000000000000e+01 2.543510000000000000e+05
1.300000000000000000e+01 3.436680000000000000e+05
1.400000000000000000e+01 4.587800000000000000e+05
1.500000000000000000e+01 5.977810000000000000e+05
1.600000000000000000e+01 7.668310000000000000e+05
1.700000000000000000e+01 9.710360000000000000e+05
1.800000000000000000e+01 1.192230000000000000e+06
1.900000000000000000e+01 1.396051000000000000e+06
2.000000000000000000e+01 1.554615000000000000e+06
2.100000000000000000e+01 1.634039000000000000e+06
2.200000000000000000e+01 1.600927000000000000e+06
2.300000000000000000e+01 1.426476000000000000e+06
2.400000000000000000e+01 1.140726000000000000e+06
2.500000000000000000e+01 7.933910000000000000e+05
2.600000000000000000e+01 4.751760000000000000e+05
2.700000000000000000e+01 2.488960000000000000e+05
2.800000000000000000e+01 1.184890000000000000e+05
2.900000000000000000e+01 5.527900000000000000e+04
3.000000000000000000e+01 2.620400000000000000e+04
3.100000000000000000e+01 1.254300000000000000e+04
3.200000000000000000e+01 5.684000000000000000e+03
3.300000000000000000e+01 2.348000000000000000e+03
3.400000000000000000e+01 9.100000000000000000e+02
3.500000000000000000e+01 3.330000000000000000e+02
3.600000000000000000e+01 1.680000000000000000e+02
3.700000000000000000e+01 8.500000000000000000e+01
3.800000000000000000e+01 8.600000000000000000e+01
3.900000000000000000e+01 2.700000000000000000e+01
4.000000000000000000e+01 8.000000000000000000e+01
4.100000000000000000e+01 5.300000000000000000e+01
4.200000000000000000e+01 4.900000000000000000e+01
4.300000000000000000e+01 3.900000000000000000e+01
4.400000000000000000e+01 4.700000000000000000e+01
4.500000000000000000e+01 2.800000000000000000e+01
4.600000000000000000e+01 3.900000000000000000e+01
4.700000000000000000e+01 3.000000000000000000e+01
4.800000000000000000e+01 1.200000000000000000e+01
4.900000000000000000e+01 3.600000000000000000e+01
5.000000000000000000e+01 1.000000000000000000e+01
5.100000000000000000e+01 2.500000000000000000e+01
5.200000000000000000e+01 1.100000000000000000e+01
5.300000000000000000e+01 1.600000000000000000e+01
5.400000000000000000e+01 1.000000000000000000e+01
5.500000000000000000e+01 8.000000000000000000e+00
5.600000000000000000e+01 4.000000000000000000e+00
5.700000000000000000e+01 4.000000000000000000e+00
5.800000000000000000e+01 2.000000000000000000e+00
5.900000000000000000e+01 8.000000000000000000e+00
6.000000000000000000e+01 3.000000000000000000e+00
6.100000000000000000e+01 1.000000000000000000e+00
6.200000000000000000e+01 2.000000000000000000e+00
6.300000000000000000e+01 4.000000000000000000e+00
6.400000000000000000e+01 2.000000000000000000e+00
6.600000000000000000e+01 2.000000000000000000e+00
6.700000000000000000e+01 1.000000000000000000e+00
7.100000000000000000e+01 1.000000000000000000e+00
7.200000000000000000e+01 1.000000000000000000e+00
7.300000000000000000e+01 1.000000000000000000e+00
7.500000000000000000e+01 1.000000000000000000e+00
7.600000000000000000e+01 3.000000000000000000e+00
7.700000000000000000e+01 1.000000000000000000e+00
7.800000000000000000e+01 1.000000000000000000e+00
8.000000000000000000e+01 1.000000000000000000e+00
8.200000000000000000e+01 1.000000000000000000e+00
8.500000000000000000e+01 1.000000000000000000e+00
8.600000000000000000e+01 1.000000000000000000e+00
8.700000000000000000e+01 1.000000000000000000e+00
9.000000000000000000e+01 2.000000000000000000e+00
9.400000000000000000e+01 1.000000000000000000e+00
9.500000000000000000e+01 1.000000000000000000e+00
9.600000000000000000e+01 1.000000000000000000e+00
9.800000000000000000e+01 2.000000000000000000e+00
1.010000000000000000e+02 1.000000000000000000e+00
1.030000000000000000e+02 2.000000000000000000e+00
1.040000000000000000e+02 1.000000000000000000e+00
1.050000000000000000e+02 1.000000000000000000e+00
1.090000000000000000e+02 1.000000000000000000e+00
1.100000000000000000e+02 1.000000000000000000e+00
1.120000000000000000e+02 1.000000000000000000e+00
1.160000000000000000e+02 1.000000000000000000e+00
1.170000000000000000e+02 1.000000000000000000e+00
1.200000000000000000e+02 1.000000000000000000e+00
1.220000000000000000e+02 1.000000000000000000e+00
1.270000000000000000e+02 1.000000000000000000e+00
1.320000000000000000e+02 1.000000000000000000e+00
1.400000000000000000e+02 3.000000000000000000e+00
1.430000000000000000e+02 1.000000000000000000e+00
1.450000000000000000e+02 1.000000000000000000e+00
1.460000000000000000e+02 1.000000000000000000e+00
1.490000000000000000e+02 1.000000000000000000e+00
1.550000000000000000e+02 1.000000000000000000e+00
1.590000000000000000e+02 1.000000000000000000e+00
1.620000000000000000e+02 1.000000000000000000e+00
1.680000000000000000e+02 1.000000000000000000e+00
1.740000000000000000e+02 1.000000000000000000e+00
1.780000000000000000e+02 1.000000000000000000e+00
1.870000000000000000e+02 1.000000000000000000e+00
1.900000000000000000e+02 1.000000000000000000e+00
2.190000000000000000e+02 1.000000000000000000e+00
2.330000000000000000e+02 1.000000000000000000e+00
2.410000000000000000e+02 1.000000000000000000e+00
2.480000000000000000e+02 1.000000000000000000e+00
2.700000000000000000e+02 1.000000000000000000e+00
2.760000000000000000e+02 1.000000000000000000e+00
2.830000000000000000e+02 1.000000000000000000e+00
2.940000000000000000e+02 1.000000000000000000e+00
3.400000000000000000e+02 1.000000000000000000e+00
3.980000000000000000e+02 1.000000000000000000e+00
4.120000000000000000e+02 1.000000000000000000e+00
4.540000000000000000e+02 1.000000000000000000e+00
4.910000000000000000e+02 1.000000000000000000e+00
7.380000000000000000e+02 1.000000000000000000e+00
8.720000000000000000e+02 1.000000000000000000e+00
9.470000000000000000e+02 1.000000000000000000e+00
1.103000000000000000e+03 1.000000000000000000e+00
3.028000000000000000e+03 1.000000000000000000e+00
5.327000000000000000e+03 1.000000000000000000e+00
