-4.000000000000000000e+00 1.000000000000000000e+00
-1.000000000000000000e+00 9.000000000000000000e+00
0.000000000000000000e+00 1.326000000000000000e+03
1.000000000000000000e+00 1.900000000000000000e+01
2.000000000000000000e+00 4.600000000000000000e+01
3.000000000000000000e+00 7.400000000000000000e+01
4.000000000000000000e+00 5.060000000000000000e+02
5.000000000000000000e+00 2.490000000000000000e+03
6.000000000000000000e+00 1.326400000000000000e+04
7.000000000000000000e+00 2.524200000000000000e+04
8.000000000000000000e+00 3.581300000000000000e+04
9.000000000000000000e+00 5.121000000000000000e+04
1.000000000000000000e+01 7.287500000000000000e+04
1.100000000000000000e+01 9.984500000000000000e+04
1.200000000000000000e+01 1.368090000000000000e+05
1.300000000000000000e+01 1.840140000000000000e+05
1.400000000000000000e+01 2.442480000000000000e+05
1.500000000000000000e+01 3.157600000000000000e+05
1.600000000000000000e+01 4.044230000000000000e+05
1.700000000000000000e+01 5.078120000000000000e+05
1.800000000000000000e+01 6.179700000000000000e+05
1.900000000000000000e+01 7.160170000000000000e+05
2.000000000000000000e+01 7.853790000000000000e+05
2.100000000000000000e+01 8.090570000000000000e+05
2.200000000000000000e+01 7.734570000000000000e+05
2.300000000000000000e+01 6.664360000000000000e+05
2.400000000000000000e+01 5.102590000000000000e+05
2.500000000000000000e+01 3.363220000000000000e+05
2.600000000000000000e+01 1.921970000000000000e+05
2.700000000000000000e+01 9.639000000000000000e+04
2.800000000000000000e+01 4.535800000000000000e+04
2.900000000000000000e+01 2.121800000000000000e+04
3.000000000000000000e+01 1.022700000000000000e+04
3.100000000000000000e+01 4.994000000000000000e+03
3.200000000000000000e+01 2.222000000000000000e+03
3.300000000000000000e+01 8.370000000000000000e+02
3.400000000000000000e+01 3.320000000000000000e+02
3.500000000000000000e+01 1.280000000000000000e+02
3.600000000000000000e+01 4.800000000000000000e+01
3.700000000000000000e+01 2.300000000000000000e+01
3.800000000000000000e+01 3.000000000000000000e+01
3.900000000000000000e+01 1.000000000000000000e+01
4.000000000000000000e+01 1.600000000000000000e+01
4.100000000000000000e+01 1.400000000000000000e+01
4.200000000000000000e+01 1.000000000000000000e+01
4.300000000000000000e+01 1.100000000000000000e+01
4.400000000000000000e+01 7.000000000000000000e+00
4.500000000000000000e+01 1.100000000000000000e+01
4.600000000000000000e+01 6.000000000000000000e+00
4.700000000000000000e+01 1.300000000000000000e+01
4.800000000000000000e+01 7.000000000000000000e+00
4.900000000000000000e+01 6.000000000000000000e+00
5.000000000000000000e+01 2.000000000000000000e+00
5.100000000000000000e+01 3.000000000000000000e+00
5.200000000000000000e+01 4.000000000000000000e+00
5.300000000000000000e+01 2.000000000000000000e+00
5.400000000000000000e+01 1.000000000000000000e+00
5.500000000000000000e+01 1.000000000000000000e+00
5.600000000000000000e+01 1.000000000000000000e+00
6.000000000000000000e+01 1.000000000000000000e+00
6.200000000000000000e+01 1.000000000000000000e+00
6.700000000000000000e+01 2.000000000000000000e+00
6.900000000000000000e+01 1.000000000000000000e+00
7.300000000000000000e+01 1.000000000000000000e+00
7.900000000000000000e+01 1.000000000000000000e+00
8.600000000000000000e+01 1.000000000000000000e+00
8.700000000000000000e+01 2.000000000000000000e+00
9.000000000000000000e+01 1.000000000000000000e+00
9.500000000000000000e+01 1.000000000000000000e+00
9.700000000000000000e+01 1.000000000000000000e+00
1.120000000000000000e+02 1.000000000000000000e+00
1.140000000000000000e+02 1.000000000000000000e+00
1.170000000000000000e+02 1.000000000000000000e+00
1.180000000000000000e+02 1.000000000000000000e+00
1.190000000000000000e+02 1.000000000000000000e+00
1.260000000000000000e+02 1.000000000000000000e+00
1.290000000000000000e+02 2.000000000000000000e+00
1.370000000000000000e+02 1.000000000000000000e+00
1.640000000000000000e+02 1.000000000000000000e+00
1.690000000000000000e+02 1.000000000000000000e+00
1.840000000000000000e+02 1.000000000000000000e+00
1.990000000000000000e+02 1.000000000000000000e+00
2.140000000000000000e+02 1.000000000000000000e+00
2.210000000000000000e+02 1.000000000000000000e+00
2.440000000000000000e+02 1.000000000000000000e+00
3.350000000000000000e+02 1.000000000000000000e+00
6.860000000000000000e+02 1.000000000000000000e+00
9.150000000000000000e+02 1.000000000000000000e+00
1.482000000000000000e+03 1.000000000000000000e+00
2.663000000000000000e+03 1.000000000000000000e+00
2.934000000000000000e+03 1.000000000000000000e+00
5.653000000000000000e+03 1.000000000000000000e+00
